# unix_time, cycles_done, cur_path, paths_total, pending_total, pending_favs, map_size, unique_crashes, unique_hangs, max_depth, execs_per_sec
1632248910, 0, 0, 1, 1, 1, 1.52%, 0, 0, 1, 7.17
1632248946, 0, 0, 9, 9, 1, 1.57%, 0, 0, 2, 7.28
1632248951, 0, 0, 12, 12, 1, 1.58%, 0, 0, 2, 7.30
1632248956, 0, 0, 14, 14, 1, 1.58%, 0, 0, 2, 7.34
1632248972, 0, 0, 17, 17, 1, 1.59%, 0, 0, 2, 7.14
1632248977, 0, 0, 18, 18, 1, 1.60%, 0, 0, 2, 7.90
1632248993, 0, 0, 21, 21, 1, 1.61%, 0, 0, 2, 9.17
1632248998, 0, 0, 24, 24, 1, 1.62%, 0, 0, 2, 10.95
1632249003, 0, 0, 32, 32, 1, 1.70%, 0, 0, 2, 7.02
1632249009, 0, 0, 37, 37, 1, 1.73%, 0, 0, 2, 7.30
1632249014, 0, 0, 41, 41, 1, 1.74%, 0, 0, 2, 7.11
1632249019, 0, 0, 44, 44, 1, 1.76%, 0, 0, 2, 7.12
1632249024, 0, 0, 48, 48, 1, 1.79%, 0, 0, 2, 119.86
1632249029, 0, 0, 59, 59, 1, 1.84%, 0, 0, 2, 44.22
1632249034, 0, 0, 62, 62, 1, 1.84%, 0, 0, 2, 9.04
1632249039, 0, 0, 65, 65, 1, 1.84%, 0, 0, 2, 7.35
1632249044, 0, 0, 67, 67, 1, 1.84%, 0, 0, 2, 9.05
1632249049, 0, 0, 68, 68, 1, 1.84%, 0, 0, 2, 25.89
1632249059, 0, 0, 71, 71, 1, 1.84%, 0, 0, 2, 18.63
1632249064, 0, 0, 73, 73, 1, 1.84%, 0, 0, 2, 10.77
1632249069, 0, 0, 75, 75, 1, 1.84%, 0, 0, 2, 9.17
1632249074, 0, 0, 82, 82, 1, 1.88%, 0, 0, 2, 7.19
1632249080, 0, 0, 84, 84, 1, 1.90%, 0, 0, 2, 6.64
1632249085, 0, 0, 85, 85, 1, 1.90%, 0, 0, 2, 7.30
1632249090, 0, 0, 87, 87, 1, 1.91%, 0, 0, 2, 10.28
1632249100, 0, 0, 89, 89, 1, 1.91%, 0, 0, 2, 91.23
1632249105, 0, 0, 93, 93, 1, 1.91%, 0, 0, 2, 14.28
1632249116, 0, 0, 94, 94, 1, 1.91%, 0, 0, 2, 19.92
1632249131, 0, 0, 96, 96, 1, 1.91%, 0, 0, 2, 9.30
1632249136, 0, 0, 98, 98, 1, 1.92%, 0, 0, 2, 16.28
1632249146, 0, 0, 102, 102, 1, 1.92%, 0, 0, 2, 8.27
1632249152, 0, 0, 105, 105, 1, 1.92%, 0, 0, 2, 50.34
1632249157, 0, 0, 106, 106, 1, 1.93%, 0, 0, 2, 9.56
1632249162, 0, 0, 107, 107, 1, 1.93%, 0, 0, 2, 9.84
1632249167, 0, 0, 108, 108, 1, 1.93%, 0, 0, 2, 8.80
1632249177, 0, 0, 109, 109, 1, 1.93%, 0, 0, 2, 9.41
1632249182, 0, 0, 110, 110, 1, 1.93%, 0, 0, 2, 7.93
1632249187, 0, 0, 111, 111, 1, 1.93%, 0, 0, 2, 21.77
1632249193, 0, 0, 114, 114, 1, 1.94%, 0, 0, 2, 25.83
1632249280, 0, 0, 116, 116, 1, 1.94%, 0, 0, 2, 9.42
1632249286, 0, 0, 118, 118, 1, 1.95%, 0, 0, 2, 8.77
1632249291, 0, 0, 125, 125, 1, 2.19%, 0, 0, 2, 7.19
1632249296, 0, 0, 126, 126, 1, 2.19%, 0, 0, 2, 14.29
1632249301, 0, 0, 130, 130, 1, 2.21%, 0, 0, 2, 9.92
1632249306, 0, 0, 134, 134, 1, 2.43%, 0, 0, 2, 7.00
1632249312, 0, 0, 137, 137, 1, 2.52%, 0, 0, 2, 7.14
1632249317, 0, 0, 138, 138, 1, 2.52%, 0, 0, 2, 7.91
1632249327, 0, 0, 139, 139, 1, 2.53%, 0, 0, 2, 7.10
1632249332, 0, 0, 140, 140, 1, 2.53%, 0, 0, 2, 1.64
1632249338, 0, 0, 141, 141, 1, 2.53%, 0, 0, 2, 5.36
1632249343, 0, 0, 143, 143, 1, 2.54%, 0, 0, 2, 13.54
1632249348, 0, 0, 144, 144, 1, 2.54%, 0, 0, 2, 21.55
1632249353, 0, 0, 149, 149, 1, 2.55%, 0, 0, 2, 7.70
1632249358, 0, 0, 151, 151, 1, 2.57%, 0, 0, 2, 8.13
1632249374, 0, 0, 152, 152, 1, 2.57%, 0, 0, 2, 6.85
1632249384, 0, 0, 159, 159, 1, 2.61%, 0, 0, 2, 23.38
1632249389, 0, 0, 162, 162, 1, 2.62%, 0, 0, 2, 13.80
1632249394, 0, 0, 164, 164, 1, 2.62%, 0, 0, 2, 13.72
1632249399, 0, 0, 169, 169, 1, 2.63%, 0, 0, 2, 6.83
1632249404, 0, 0, 171, 171, 1, 2.63%, 0, 0, 2, 8.28
1632249425, 0, 0, 172, 172, 1, 2.64%, 0, 0, 2, 7.93
1632249430, 0, 0, 174, 174, 1, 2.64%, 0, 0, 2, 6.31
1632249435, 0, 0, 176, 176, 1, 2.65%, 0, 0, 2, 12.53
1632249441, 0, 0, 179, 179, 1, 2.66%, 0, 0, 2, 7.43
1632249446, 0, 0, 189, 189, 1, 2.69%, 0, 0, 2, 6.28
1632249451, 0, 0, 192, 192, 1, 2.69%, 0, 0, 2, 6.31
1632249456, 0, 0, 194, 194, 1, 2.69%, 0, 0, 2, 6.33
1632249461, 0, 0, 196, 196, 1, 2.69%, 0, 0, 2, 44.18
1632249466, 0, 0, 199, 199, 1, 2.69%, 0, 0, 2, 8.85
1632249471, 0, 0, 202, 202, 1, 2.69%, 0, 0, 2, 46.73
1632249477, 0, 0, 204, 204, 1, 2.69%, 0, 0, 2, 6.96
1632249482, 0, 0, 206, 206, 1, 2.69%, 0, 0, 2, 45.87
1632249487, 0, 0, 207, 207, 1, 2.69%, 0, 0, 2, 6.45
1632249492, 0, 0, 212, 212, 1, 2.71%, 0, 0, 2, 64.52
1632249497, 0, 0, 216, 216, 1, 2.72%, 0, 0, 2, 6.21
1632249502, 0, 0, 220, 220, 1, 2.72%, 0, 0, 2, 6.31
1632249508, 0, 0, 224, 224, 1, 2.72%, 0, 0, 2, 9.94
1632249513, 0, 0, 226, 226, 1, 2.72%, 0, 0, 2, 10.54
1632249518, 0, 0, 228, 228, 1, 2.72%, 0, 0, 2, 8.85
1632249523, 0, 0, 230, 230, 1, 2.72%, 0, 0, 2, 7.02
1632249528, 0, 0, 232, 232, 1, 2.72%, 0, 0, 2, 8.82
1632249533, 0, 0, 234, 234, 1, 2.72%, 0, 0, 2, 6.27
1632249538, 0, 0, 235, 235, 1, 2.72%, 0, 0, 2, 11.53
1632249544, 0, 0, 238, 238, 1, 2.73%, 0, 0, 2, 6.51
1632249549, 0, 0, 241, 241, 1, 2.73%, 0, 0, 2, 7.86
1632249554, 0, 0, 242, 242, 1, 2.73%, 0, 0, 2, 10.71
1632249559, 0, 0, 243, 243, 1, 2.73%, 0, 0, 2, 12.95
1632249564, 0, 0, 246, 246, 1, 2.73%, 0, 0, 2, 12.20
1632249569, 0, 0, 247, 247, 1, 2.74%, 0, 0, 2, 12.34
1632249574, 0, 0, 248, 248, 1, 2.74%, 0, 0, 2, 15.08
1632249579, 0, 0, 249, 249, 1, 2.74%, 0, 0, 2, 14.74
1632249585, 0, 0, 251, 251, 1, 2.74%, 0, 0, 2, 15.93
1632249590, 0, 0, 254, 254, 1, 2.74%, 0, 0, 2, 10.88
1632249595, 0, 0, 257, 257, 1, 2.74%, 0, 0, 2, 6.29
1632249600, 0, 0, 261, 261, 1, 2.74%, 0, 0, 2, 6.25
1632249605, 0, 0, 262, 262, 1, 2.74%, 0, 0, 2, 11.17
1632249610, 0, 0, 264, 264, 1, 2.75%, 0, 0, 2, 9.22
1632249616, 0, 0, 267, 267, 1, 2.75%, 0, 0, 2, 7.35
1632249621, 0, 0, 270, 270, 1, 2.75%, 0, 0, 2, 6.56
1632249626, 0, 0, 271, 271, 1, 2.75%, 0, 0, 2, 8.73
1632249631, 0, 0, 272, 272, 1, 2.75%, 0, 0, 2, 6.31
1632249641, 0, 0, 274, 274, 1, 2.75%, 0, 0, 2, 6.94
1632249646, 0, 0, 276, 276, 1, 2.76%, 0, 0, 2, 11.75
1632249652, 0, 0, 278, 278, 1, 2.76%, 0, 0, 2, 10.82
1632249657, 0, 0, 280, 280, 1, 2.76%, 0, 0, 2, 13.57
1632249662, 0, 0, 282, 282, 1, 2.77%, 0, 0, 2, 13.27
1632249667, 0, 0, 285, 285, 1, 2.77%, 0, 0, 2, 12.02
1632249672, 0, 0, 287, 287, 1, 2.77%, 0, 0, 2, 14.46
1632249677, 0, 0, 289, 289, 1, 2.77%, 0, 0, 2, 11.90
1632249683, 0, 0, 290, 290, 1, 2.77%, 0, 0, 2, 16.15
1632249688, 0, 0, 291, 291, 1, 2.77%, 0, 0, 2, 20.78
1632249693, 0, 0, 292, 292, 1, 2.77%, 0, 0, 2, 18.85
1632249698, 0, 0, 293, 293, 1, 2.77%, 0, 0, 2, 17.50
1632249703, 0, 0, 295, 295, 1, 2.77%, 0, 0, 2, 19.90
1632249739, 0, 0, 296, 296, 1, 2.77%, 0, 0, 2, 7.59
1632249745, 0, 0, 298, 298, 1, 2.79%, 0, 0, 2, 11.18
1632249750, 0, 0, 300, 300, 1, 2.79%, 0, 0, 2, 24.40
1632249755, 0, 0, 301, 301, 1, 2.79%, 0, 0, 2, 18.41
1632249780, 0, 0, 304, 304, 1, 2.79%, 0, 0, 2, 27.38
1632249837, 0, 0, 306, 306, 1, 2.80%, 0, 0, 2, 7.53
1632249879, 0, 0, 307, 307, 1, 2.81%, 0, 0, 2, 8.63
1632249889, 0, 0, 309, 309, 1, 2.82%, 0, 0, 2, 6.22
1632249894, 0, 0, 311, 311, 1, 2.89%, 0, 0, 2, 12.23
1632249920, 0, 0, 312, 312, 1, 2.89%, 0, 0, 2, 19.01
1632249930, 0, 0, 313, 313, 1, 2.89%, 0, 0, 2, 6.00
1632249935, 0, 0, 314, 314, 1, 2.89%, 0, 0, 2, 48.95
1632249946, 0, 0, 315, 315, 1, 2.89%, 0, 0, 2, 25.65
1632249961, 0, 0, 316, 316, 1, 2.89%, 0, 0, 2, 6.33
1632249987, 0, 0, 318, 318, 1, 2.90%, 0, 0, 2, 6.33
1632250109, 0, 0, 321, 321, 1, 3.03%, 0, 0, 2, 6.33
1632250114, 0, 0, 323, 323, 1, 3.04%, 0, 0, 2, 7.39
1632250120, 0, 0, 324, 324, 1, 3.04%, 0, 0, 2, 6.27
1632250145, 0, 0, 325, 325, 1, 3.05%, 0, 0, 2, 95.52
1632250156, 0, 0, 326, 326, 1, 3.05%, 0, 0, 2, 18.18
1632250161, 0, 0, 327, 327, 1, 3.06%, 0, 0, 2, 18.50
1632250182, 0, 0, 329, 329, 1, 3.06%, 0, 0, 2, 31.55
1632250187, 0, 0, 330, 330, 1, 3.06%, 0, 0, 2, 73.59
1632250197, 0, 0, 332, 332, 1, 3.06%, 0, 0, 2, 51.45
1632250218, 0, 0, 333, 333, 1, 3.07%, 0, 0, 2, 37.46
1632250223, 0, 0, 335, 335, 1, 3.07%, 0, 0, 2, 6.66
1632250229, 0, 0, 337, 337, 1, 3.07%, 0, 0, 2, 12.39
1632250234, 0, 0, 338, 338, 1, 3.07%, 0, 0, 2, 16.85
1632250239, 0, 0, 339, 339, 1, 3.07%, 0, 0, 2, 19.36
1632250255, 0, 0, 341, 341, 1, 3.07%, 0, 0, 2, 6.12
1632250260, 0, 0, 343, 343, 1, 3.07%, 0, 0, 2, 75.00
1632250265, 0, 0, 345, 345, 1, 3.07%, 0, 0, 2, 6.06
1632250291, 0, 0, 348, 348, 1, 3.07%, 0, 0, 2, 21.88
1632250296, 0, 0, 349, 349, 1, 3.07%, 0, 0, 2, 5.35
1632250301, 0, 0, 350, 350, 1, 3.07%, 0, 0, 2, 47.76
1632250306, 0, 0, 352, 352, 1, 3.07%, 0, 0, 2, 5.26
1632250312, 0, 0, 353, 353, 1, 3.07%, 0, 0, 2, 7.81
1632250317, 0, 0, 354, 354, 1, 3.07%, 0, 0, 2, 17.98
1632250322, 0, 0, 355, 355, 1, 3.07%, 0, 0, 2, 16.75
1632250327, 0, 0, 357, 357, 1, 3.07%, 0, 0, 2, 19.47
1632250332, 0, 0, 359, 359, 1, 3.07%, 0, 0, 2, 15.75
1632250338, 0, 0, 361, 361, 1, 3.07%, 0, 0, 2, 19.74
1632250343, 0, 0, 362, 362, 1, 3.07%, 0, 0, 2, 7.00
1632250348, 0, 0, 363, 363, 1, 3.07%, 0, 0, 2, 6.71
1632250364, 0, 0, 364, 364, 1, 3.07%, 0, 0, 2, 24.40
1632250369, 0, 0, 365, 365, 1, 3.07%, 0, 0, 2, 23.53
1632250379, 0, 0, 366, 366, 1, 3.07%, 0, 0, 2, 28.40
1632250384, 0, 0, 367, 367, 1, 3.07%, 0, 0, 2, 23.24
1632250389, 0, 0, 369, 369, 1, 3.07%, 0, 0, 2, 18.99
1632250394, 0, 0, 370, 370, 1, 3.07%, 0, 0, 2, 18.25
1632250405, 0, 0, 371, 371, 1, 3.07%, 0, 0, 2, 14.63
1632250410, 0, 0, 373, 373, 1, 3.07%, 0, 0, 2, 6.36
1632250415, 0, 0, 376, 376, 1, 3.07%, 0, 0, 2, 11.03
1632250420, 0, 0, 377, 377, 1, 3.07%, 0, 0, 2, 16.38
1632250430, 0, 0, 378, 378, 1, 3.07%, 0, 0, 2, 24.59
1632250436, 0, 0, 379, 379, 1, 3.07%, 0, 0, 2, 33.65
1632250456, 0, 0, 380, 380, 1, 3.09%, 0, 0, 2, 20.49
1632250461, 0, 0, 382, 382, 1, 3.09%, 0, 0, 2, 21.83
1632250482, 0, 0, 383, 383, 1, 3.09%, 0, 0, 2, 99.79
1632250508, 0, 0, 384, 384, 1, 3.11%, 0, 0, 2, 51.61
1632250580, 0, 0, 386, 386, 1, 3.11%, 0, 0, 2, 42.55
1632250622, 0, 0, 387, 387, 1, 3.11%, 0, 0, 2, 6.47
1632250659, 0, 0, 388, 388, 1, 3.12%, 0, 0, 2, 65.42
1632250690, 0, 0, 389, 389, 1, 3.12%, 0, 0, 2, 35.14
1632250706, 0, 0, 390, 390, 1, 3.12%, 0, 0, 2, 30.12
1632250747, 0, 0, 391, 391, 1, 3.12%, 0, 0, 2, 94.13
1632250752, 0, 0, 392, 392, 1, 3.12%, 0, 0, 2, 81.25
1632250772, 0, 0, 393, 393, 1, 3.13%, 0, 0, 2, 44.11
1632250778, 0, 0, 395, 395, 1, 3.13%, 0, 0, 2, 48.99
1632250803, 0, 0, 396, 396, 1, 3.13%, 0, 0, 2, 67.82
1632250829, 0, 0, 397, 397, 1, 3.13%, 0, 0, 2, 13.07
1632250835, 0, 0, 398, 398, 1, 3.13%, 0, 0, 2, 34.69
1632250840, 0, 0, 399, 399, 1, 3.13%, 0, 0, 2, 5.93
1632250850, 0, 0, 400, 400, 1, 3.13%, 0, 0, 2, 54.45
1632251129, 0, 0, 401, 401, 1, 3.13%, 0, 0, 2, 5.75
1632251144, 0, 0, 402, 402, 1, 3.13%, 0, 0, 2, 6.59
1632251196, 0, 0, 403, 403, 1, 3.13%, 0, 0, 2, 23.97
1632251202, 0, 0, 405, 405, 1, 3.13%, 0, 0, 2, 1.66
1632251207, 0, 0, 406, 406, 1, 3.13%, 0, 0, 2, 48.41
1632251212, 0, 0, 407, 407, 1, 3.13%, 0, 0, 2, 6.21
1632251300, 0, 0, 408, 408, 1, 3.14%, 0, 0, 2, 49.95
1632251315, 0, 0, 409, 409, 1, 3.14%, 0, 0, 2, 5.80
1632251351, 0, 0, 412, 412, 1, 3.15%, 0, 0, 2, 198.80
1632251356, 0, 0, 413, 413, 1, 3.16%, 0, 0, 2, 25.14
1632251367, 0, 0, 415, 415, 1, 3.16%, 0, 0, 2, 7.80
1632251372, 0, 0, 416, 416, 1, 3.17%, 0, 0, 2, 40.55
1632251434, 0, 0, 417, 417, 1, 3.17%, 0, 0, 2, 170.00
1632251798, 0, 0, 418, 418, 1, 3.17%, 0, 0, 2, 186.46
1632251803, 0, 0, 419, 419, 1, 3.17%, 0, 0, 2, 15.35
1632252238, 0, 0, 421, 421, 1, 3.19%, 0, 0, 2, 350.00
1632252243, 0, 0, 422, 422, 1, 3.19%, 0, 0, 2, 23.68
1632252259, 0, 0, 423, 423, 1, 3.19%, 0, 0, 2, 29.10
1632252279, 0, 0, 424, 424, 1, 3.19%, 0, 0, 2, 29.51
1632252383, 0, 0, 425, 425, 1, 3.19%, 0, 0, 2, 6.47
1632252435, 0, 0, 426, 426, 1, 3.20%, 0, 0, 2, 6.54
1632252528, 0, 0, 428, 428, 1, 3.20%, 0, 0, 2, 237.72
1632252534, 0, 0, 429, 429, 1, 3.20%, 0, 0, 2, 11.64
1632252549, 0, 0, 430, 430, 1, 3.20%, 0, 0, 2, 5.60
1632252570, 0, 0, 431, 431, 1, 3.20%, 0, 0, 2, 169.86
1632252575, 0, 0, 432, 432, 1, 3.20%, 0, 0, 2, 41.10
1632252664, 0, 0, 433, 433, 1, 3.21%, 0, 0, 2, 22.04
1632252679, 0, 0, 434, 434, 1, 3.21%, 0, 0, 2, 12.70
1632252690, 0, 0, 436, 436, 1, 3.21%, 0, 0, 2, 16.87
1632252695, 0, 0, 439, 439, 1, 3.21%, 0, 0, 2, 10.13
1632252716, 0, 0, 440, 440, 1, 3.21%, 0, 0, 2, 36.52
1632252752, 0, 0, 442, 442, 1, 3.21%, 0, 0, 2, 6.23
1632252757, 0, 0, 443, 443, 1, 3.21%, 0, 0, 2, 121.66
1632252762, 0, 0, 445, 445, 1, 3.21%, 0, 0, 2, 20.50
1632252778, 0, 0, 447, 447, 1, 3.21%, 0, 0, 2, 6.27
1632252788, 0, 0, 448, 448, 1, 3.21%, 0, 0, 2, 6.40
1632252876, 0, 0, 449, 449, 1, 3.21%, 0, 0, 2, 6.11
1632252908, 0, 0, 451, 451, 1, 3.21%, 0, 0, 2, 11.50
1632252913, 0, 0, 453, 453, 1, 3.21%, 0, 0, 2, 12.74
1632252969, 0, 0, 454, 454, 1, 3.21%, 0, 0, 2, 15.05
1632252974, 0, 0, 455, 455, 1, 3.21%, 0, 0, 2, 9.55
1632252980, 0, 0, 456, 456, 1, 3.21%, 0, 0, 2, 15.38
1632253000, 0, 0, 457, 457, 1, 3.21%, 0, 0, 2, 9.53
1632253021, 0, 0, 458, 458, 1, 3.21%, 0, 0, 2, 6.17
1632253100, 0, 0, 459, 459, 1, 3.21%, 0, 0, 2, 304.30
1632253152, 0, 0, 460, 460, 1, 3.21%, 0, 0, 2, 7.89
1632253188, 0, 0, 461, 461, 1, 3.22%, 0, 0, 2, 17.86
1632253235, 0, 0, 462, 462, 1, 3.22%, 0, 0, 2, 9.53
1632253286, 0, 0, 463, 463, 1, 3.22%, 0, 0, 2, 7.21
1632253406, 0, 0, 465, 465, 1, 3.22%, 0, 0, 2, 6.68
1632253411, 0, 0, 466, 466, 1, 3.22%, 0, 0, 2, 48.64
1632254854, 0, 0, 467, 467, 1, 3.22%, 0, 0, 2, 7.41
1632254910, 0, 0, 468, 468, 1, 3.22%, 0, 0, 2, 400.00
1632255013, 0, 0, 469, 469, 1, 3.23%, 0, 0, 2, 6.33
1632255332, 0, 0, 470, 470, 1, 3.23%, 0, 0, 2, 6.41
1632255367, 0, 0, 471, 471, 1, 3.23%, 0, 0, 2, 5.43
1632255373, 0, 0, 473, 473, 1, 3.23%, 0, 0, 2, 6.09
1632255378, 0, 0, 474, 474, 1, 3.23%, 0, 0, 2, 41.14
1632255404, 0, 0, 475, 475, 1, 3.23%, 0, 0, 2, 6.56
1632255419, 0, 0, 477, 477, 1, 3.23%, 0, 0, 2, 101.98
1632255460, 0, 0, 479, 479, 1, 3.23%, 0, 0, 2, 5.79
1632255465, 0, 0, 480, 480, 1, 3.23%, 0, 0, 2, 6.87
1632255501, 0, 0, 481, 481, 1, 3.23%, 0, 0, 2, 6.47
1632255506, 0, 0, 482, 482, 1, 3.23%, 0, 0, 2, 6.96
1632255702, 0, 0, 483, 483, 1, 3.23%, 0, 0, 2, 6.92
1632255876, 0, 0, 484, 484, 1, 3.23%, 0, 0, 2, 44.50
1632255897, 0, 0, 501, 501, 1, 3.26%, 0, 0, 2, 9.44
1632255902, 0, 0, 507, 507, 1, 3.27%, 0, 0, 2, 275.04
1632255907, 0, 6, 516, 511, 199, 3.28%, 0, 0, 3, 1352.65
1632255912, 0, 7, 516, 510, 200, 3.28%, 0, 0, 3, 1623.07
1632255917, 0, 8, 517, 510, 200, 3.29%, 0, 0, 3, 18.69
1632255943, 0, 8, 518, 511, 200, 3.29%, 0, 0, 3, 8.46
1632262575, 0, 14, 518, 510, 200, 3.29%, 0, 0, 3, 724.00
1632262580, 0, 16, 518, 509, 199, 3.29%, 0, 0, 3, 116.73
1632269188, 0, 16, 521, 512, 199, 3.29%, 0, 0, 3, 63.27
1632269193, 0, 18, 523, 513, 199, 3.30%, 0, 0, 3, 1395.84
1632269198, 0, 19, 524, 513, 201, 3.30%, 0, 0, 3, 130.39
1632269271, 0, 19, 525, 514, 201, 3.30%, 0, 0, 3, 46.88
1632269321, 0, 19, 526, 515, 201, 3.30%, 0, 0, 3, 6.34
1632269537, 0, 19, 527, 516, 201, 3.30%, 0, 0, 3, 11.94
1632269548, 0, 19, 528, 517, 201, 3.31%, 0, 0, 3, 20.34
1632269614, 0, 19, 529, 518, 201, 3.31%, 0, 0, 3, 11.53
1632275864, 0, 19, 530, 519, 201, 3.31%, 0, 0, 3, 112.90
1632275869, 0, 25, 538, 526, 202, 3.32%, 0, 0, 3, 1658.24
1632275874, 0, 27, 540, 527, 205, 3.33%, 0, 0, 3, 1718.83
1632275884, 0, 27, 541, 528, 205, 3.33%, 0, 0, 3, 1689.54
1632275889, 0, 29, 541, 527, 206, 3.33%, 0, 0, 3, 1701.47
1632275899, 0, 30, 541, 526, 205, 3.33%, 0, 0, 3, 133.26
1632275982, 0, 30, 542, 527, 205, 3.33%, 0, 0, 3, 16.33
1632276126, 0, 30, 543, 528, 205, 3.33%, 0, 0, 3, 16.45
1632276239, 0, 30, 544, 529, 205, 3.33%, 0, 0, 3, 85.29
1632276698, 0, 30, 545, 530, 205, 3.34%, 0, 0, 3, 5.92
1632282617, 0, 32, 545, 529, 206, 3.34%, 0, 0, 3, 1531.58
1632282632, 0, 33, 545, 528, 205, 3.34%, 0, 0, 3, 130.32
1632282710, 0, 33, 546, 529, 205, 3.34%, 0, 0, 3, 22.01
1632282751, 0, 33, 547, 530, 205, 3.34%, 0, 0, 3, 40.62
1632288304, 0, 33, 548, 531, 205, 3.39%, 0, 0, 3, 7.39
1632289353, 0, 34, 548, 530, 205, 3.39%, 0, 0, 3, 30.58
1632289435, 0, 34, 549, 531, 205, 3.39%, 0, 0, 3, 169.28
1632289476, 0, 34, 550, 532, 205, 3.39%, 0, 0, 3, 6.33
1632296067, 0, 35, 550, 531, 205, 3.39%, 0, 0, 3, 24.72
1632296191, 0, 35, 551, 532, 205, 3.39%, 0, 0, 3, 14.07
1632302777, 0, 36, 552, 532, 204, 3.39%, 0, 0, 3, 24.84
1632302896, 0, 36, 553, 533, 204, 3.39%, 0, 0, 3, 129.41
1632302906, 0, 36, 554, 534, 204, 3.39%, 0, 0, 3, 6.81
1632302932, 0, 36, 555, 535, 204, 3.39%, 0, 0, 3, 10.01
1632302937, 0, 36, 556, 536, 204, 3.39%, 0, 0, 3, 14.03
1632303122, 0, 36, 557, 537, 204, 3.39%, 0, 0, 3, 6.89
1632309514, 0, 38, 557, 536, 204, 3.39%, 0, 0, 3, 18.46
1632310355, 0, 38, 558, 537, 204, 3.39%, 0, 0, 3, 9.91
1632311677, 0, 38, 559, 538, 204, 3.40%, 0, 0, 3, 31.86
1632316352, 0, 39, 559, 537, 204, 3.40%, 0, 0, 3, 14.43
1632318670, 0, 39, 560, 538, 204, 3.40%, 0, 0, 3, 26.88
1632323128, 0, 40, 562, 539, 202, 3.40%, 0, 0, 3, 46.59
1632325445, 0, 40, 563, 540, 202, 3.40%, 0, 0, 3, 10.96
1632329860, 0, 41, 564, 540, 201, 3.40%, 0, 0, 3, 26.41
1632331997, 0, 41, 565, 541, 201, 3.40%, 0, 0, 3, 7.13
