# unix_time, cycles_done, cur_path, paths_total, pending_total, pending_favs, map_size, unique_crashes, unique_hangs, max_depth, execs_per_sec, total_execs
1668883951, 0, 0, 1, 1, 1, 0.33%, 0, 0, 1, 1600.00, 8
1668883956, 2, 2, 9, 0, 0, 0.46%, 0, 0, 2, 2666.69, 15114
1668883961, 4, 5, 9, 0, 0, 0.46%, 0, 0, 2, 2880.54, 30217
1668883966, 6, 8, 9, 0, 0, 0.46%, 0, 0, 2, 2950.89, 45586
1668883971, 9, 2, 9, 0, 0, 0.46%, 0, 0, 2, 2950.39, 60869
1668883976, 11, 4, 9, 0, 0, 0.46%, 0, 0, 2, 2951.72, 76105
1668883982, 13, 7, 9, 0, 0, 0.46%, 0, 0, 2, 2948.71, 91337
1668883987, 16, 1, 9, 0, 0, 0.46%, 0, 0, 2, 2925.59, 106500
1668883992, 18, 3, 9, 0, 0, 0.46%, 0, 0, 2, 2936.39, 121705
1668883997, 20, 6, 9, 0, 0, 0.46%, 0, 0, 2, 2939.05, 136873
1668884002, 22, 8, 9, 0, 0, 0.46%, 0, 0, 2, 2930.75, 152041
1668884007, 25, 2, 9, 0, 0, 0.46%, 0, 0, 2, 2949.32, 167209
1668884013, 27, 5, 9, 0, 0, 0.46%, 0, 0, 2, 2933.01, 182424
1668884018, 29, 8, 9, 0, 0, 0.46%, 0, 0, 2, 2957.42, 197765
1668884023, 32, 1, 9, 0, 0, 0.46%, 0, 0, 2, 2950.42, 213033
1668884028, 34, 4, 9, 0, 0, 0.46%, 0, 0, 2, 2948.74, 228329
1668884033, 36, 7, 9, 0, 0, 0.46%, 0, 0, 2, 2938.06, 243454
1668884038, 39, 0, 9, 0, 0, 0.46%, 0, 0, 2, 2951.73, 258665
1668884044, 41, 3, 9, 0, 0, 0.46%, 0, 0, 2, 2945.67, 273865
1668884049, 43, 6, 9, 0, 0, 0.46%, 0, 0, 2, 2936.71, 289086
1668884054, 45, 8, 9, 0, 0, 0.46%, 0, 0, 2, 2954.98, 304361
1668884059, 48, 2, 9, 0, 0, 0.46%, 0, 0, 2, 2926.77, 319465
1668884064, 50, 5, 9, 0, 0, 0.46%, 0, 0, 2, 2945.48, 334660
1668884069, 51, 9, 16, 7, 1, 0.51%, 0, 0, 4, 2929.56, 349782
1668884074, 51, 14, 22, 11, 1, 0.56%, 0, 0, 5, 2930.53, 364577
1668884080, 51, 16, 32, 20, 3, 0.59%, 0, 0, 6, 2926.51, 379663
1668884085, 51, 31, 41, 27, 5, 0.65%, 0, 0, 7, 2930.31, 394410
1668884090, 51, 32, 47, 32, 8, 0.66%, 0, 0, 7, 2930.51, 409200
1668884095, 51, 35, 53, 36, 6, 0.66%, 0, 0, 7, 2913.69, 423859
1668884100, 51, 38, 60, 41, 4, 0.80%, 0, 0, 8, 2830.20, 438167
1668884105, 51, 53, 63, 41, 5, 0.81%, 0, 0, 8, 2700.66, 451851
1668884110, 51, 57, 63, 39, 3, 0.81%, 0, 0, 8, 2837.41, 466832
1668884115, 51, 58, 63, 38, 2, 0.81%, 0, 0, 8, 2786.83, 481156
1668884120, 52, 11, 64, 37, 0, 0.81%, 0, 0, 9, 2677.12, 493896
1668884125, 52, 16, 64, 36, 0, 0.81%, 0, 0, 9, 2797.55, 508092
1668884130, 52, 21, 65, 35, 0, 0.81%, 0, 0, 9, 2891.42, 522917
1668884135, 52, 27, 66, 35, 0, 0.81%, 0, 0, 9, 2906.83, 537539
1668884140, 52, 32, 66, 32, 0, 0.81%, 0, 0, 9, 2878.11, 552043
1668884146, 52, 35, 66, 31, 0, 0.81%, 0, 0, 9, 2869.10, 566638
1668884151, 52, 58, 67, 32, 1, 0.81%, 0, 0, 9, 2805.75, 580290
1668884156, 52, 66, 68, 32, 1, 0.81%, 0, 0, 9, 2746.25, 594293
1668884161, 53, 11, 70, 32, 0, 0.81%, 0, 0, 9, 2869.84, 609150
1668884166, 53, 16, 70, 32, 0, 0.81%, 0, 0, 9, 2880.71, 623685
1668884171, 53, 28, 70, 31, 0, 0.81%, 0, 0, 9, 2861.09, 638033
1668884176, 53, 35, 71, 32, 0, 0.81%, 0, 0, 9, 2902.80, 652634
1668884181, 53, 46, 71, 32, 0, 0.81%, 0, 0, 9, 2695.82, 666032
1668884186, 53, 48, 72, 31, 0, 0.81%, 0, 0, 9, 2811.09, 680435
1668884191, 53, 54, 72, 30, 0, 0.81%, 0, 0, 9, 2846.35, 694810
1668884196, 53, 55, 73, 30, 0, 0.81%, 0, 0, 9, 2574.75, 707809
1668884201, 53, 57, 74, 30, 0, 0.81%, 0, 0, 9, 2339.98, 720191
1668884206, 53, 58, 74, 30, 0, 0.81%, 0, 0, 9, 2808.60, 735341
1668884211, 53, 75, 78, 32, 2, 0.85%, 0, 0, 9, 2541.27, 747595
1668884216, 53, 76, 79, 32, 2, 0.85%, 0, 0, 9, 382.35, 757941
1668884221, 53, 77, 80, 32, 1, 0.85%, 0, 0, 9, 2455.73, 770390
1668884227, 54, 1, 80, 30, 0, 0.85%, 0, 0, 9, 2117.42, 778102
1668884232, 54, 13, 81, 31, 0, 0.85%, 0, 0, 9, 2628.29, 792113
1668884237, 54, 16, 81, 30, 0, 0.85%, 0, 0, 9, 2616.76, 805361
1668884242, 54, 22, 81, 30, 0, 0.85%, 0, 0, 9, 2606.41, 818434
1668884247, 54, 26, 81, 29, 0, 0.85%, 0, 0, 9, 2463.59, 829993
1668884252, 54, 32, 81, 27, 0, 0.85%, 0, 0, 9, 447.49, 842669
1668884257, 54, 40, 81, 27, 0, 0.85%, 0, 0, 9, 2617.90, 854299
1668884262, 54, 42, 81, 27, 0, 0.85%, 0, 0, 9, 2580.05, 865771
1668884267, 54, 47, 81, 26, 0, 0.85%, 0, 0, 9, 709.64, 874739
1668884272, 54, 53, 81, 26, 0, 0.85%, 0, 0, 9, 2171.25, 888010
1668884277, 54, 55, 81, 26, 0, 0.85%, 0, 0, 9, 2472.19, 900965
1668884282, 54, 81, 82, 27, 1, 0.85%, 0, 0, 9, 2559.33, 913824
1668884287, 55, 11, 82, 26, 0, 0.85%, 0, 0, 9, 2593.47, 924945
1668884292, 55, 16, 82, 26, 0, 0.85%, 0, 0, 9, 2470.87, 937649
1668884297, 55, 21, 84, 28, 0, 0.85%, 0, 0, 9, 2598.45, 950593
1668884303, 55, 25, 84, 28, 0, 0.85%, 0, 0, 9, 2529.19, 963770
1668884308, 55, 32, 84, 27, 0, 0.85%, 0, 0, 9, 2152.16, 975961
1668884313, 55, 40, 84, 27, 0, 0.85%, 0, 0, 9, 2163.50, 987265
1668884318, 55, 44, 84, 27, 0, 0.85%, 0, 0, 9, 2265.70, 998743
1668884323, 55, 52, 84, 25, 0, 0.85%, 0, 0, 9, 2556.80, 1012141
1668884328, 55, 53, 84, 24, 0, 0.85%, 0, 0, 9, 2608.21, 1025471
1668884333, 55, 55, 84, 24, 0, 0.85%, 0, 0, 9, 2676.87, 1035892
1668884338, 55, 84, 87, 27, 1, 0.87%, 0, 0, 10, 2687.85, 1049389
1668884343, 55, 86, 87, 25, 1, 0.87%, 0, 0, 10, 2529.69, 1061370
1668884348, 55, 87, 88, 25, 1, 0.87%, 0, 0, 11, 2537.31, 1074160
1668884353, 56, 11, 88, 24, 0, 0.87%, 0, 0, 11, 2537.66, 1087233
1668884358, 56, 15, 88, 24, 0, 0.87%, 0, 0, 11, 2512.84, 1099669
1668884363, 56, 88, 90, 25, 1, 0.87%, 0, 0, 11, 2649.53, 1111831
1668884369, 57, 11, 90, 23, 0, 0.87%, 0, 0, 11, 2431.60, 1123529
1668884374, 57, 14, 90, 23, 0, 0.87%, 0, 0, 11, 1548.61, 1134214
1668884379, 57, 19, 90, 23, 0, 0.87%, 0, 0, 11, 2266.94, 1147056
1668884384, 57, 24, 90, 22, 0, 0.87%, 0, 0, 11, 2475.64, 1160269
1668884389, 57, 26, 90, 21, 0, 0.87%, 0, 0, 11, 2531.50, 1173325
1668884394, 57, 35, 90, 21, 0, 0.87%, 0, 0, 11, 2597.39, 1184740
1668884399, 57, 40, 90, 21, 0, 0.87%, 0, 0, 11, 2579.69, 1197574
1668884404, 57, 49, 90, 21, 0, 0.87%, 0, 0, 11, 2471.48, 1209550
1668884410, 57, 53, 90, 20, 0, 0.87%, 0, 0, 11, 2562.66, 1222894
1668884415, 57, 55, 90, 20, 0, 0.87%, 0, 0, 11, 2306.53, 1234735
1668884420, 57, 64, 90, 20, 0, 0.87%, 0, 0, 11, 2500.00, 1247641
1668884425, 57, 75, 90, 19, 0, 0.87%, 0, 0, 11, 2107.98, 1259023
1668884430, 57, 77, 91, 20, 0, 0.87%, 0, 0, 11, 1664.80, 1269610
1668884440, 57, 81, 91, 19, 0, 0.87%, 0, 0, 11, 1341.07, 1288528
1668884445, 57, 82, 91, 19, 0, 0.87%, 0, 0, 11, 2217.58, 1300950
1668884451, 57, 86, 91, 18, 0, 0.87%, 0, 0, 11, 2509.57, 1314348
1668884456, 57, 87, 92, 19, 0, 0.87%, 0, 0, 12, 1440.94, 1324120
1668884461, 57, 91, 93, 20, 1, 0.87%, 0, 0, 13, 1190.11, 1330537
1668884466, 58, 11, 94, 19, 0, 0.87%, 0, 0, 13, 1377.26, 1338253
1668884471, 58, 14, 94, 19, 0, 0.87%, 0, 0, 13, 1790.60, 1348804
1668884476, 58, 16, 94, 19, 0, 0.87%, 0, 0, 13, 2248.92, 1360005
1668884481, 58, 32, 94, 19, 0, 0.87%, 0, 0, 13, 2308.74, 1369705
1668884486, 58, 41, 94, 19, 0, 0.87%, 0, 0, 13, 2581.84, 1380926
1668884491, 58, 42, 94, 18, 0, 0.87%, 0, 0, 13, 2315.90, 1392886
1668884496, 58, 53, 94, 18, 0, 0.87%, 0, 0, 13, 2541.12, 1406377
1668884502, 58, 55, 95, 19, 0, 0.88%, 0, 0, 13, 400.28, 1415010
1668884507, 58, 95, 98, 22, 1, 0.88%, 0, 0, 13, 2453.77, 1424101
1668884517, 59, 16, 98, 21, 0, 0.88%, 0, 0, 13, 2524.49, 1446400
1668884522, 59, 27, 98, 21, 0, 0.88%, 0, 0, 13, 2570.01, 1459811
1668884527, 59, 53, 98, 21, 0, 0.88%, 0, 0, 13, 2579.87, 1472885
1668884532, 59, 55, 98, 21, 0, 0.88%, 0, 0, 13, 2439.54, 1484736
1668884537, 59, 57, 98, 21, 0, 0.88%, 0, 0, 13, 2170.58, 1495372
1668884542, 59, 57, 99, 22, 0, 0.88%, 0, 0, 13, 2018.74, 1506071
1668884547, 59, 71, 99, 22, 1, 0.88%, 0, 0, 13, 2143.66, 1517554
1668884553, 59, 98, 102, 24, 1, 0.89%, 0, 0, 13, 2405.20, 1530450
1668884558, 59, 99, 110, 31, 2, 0.89%, 0, 0, 13, 2425.12, 1543120
1668884563, 59, 101, 112, 32, 1, 0.89%, 0, 0, 13, 2369.89, 1555457
1668884568, 60, 11, 116, 35, 0, 0.89%, 0, 0, 13, 2429.21, 1568028
1668884573, 60, 16, 120, 39, 0, 0.89%, 0, 0, 13, 2195.52, 1579604
1668884578, 60, 16, 125, 44, 0, 0.89%, 0, 0, 13, 2324.22, 1582644
1668884583, 60, 16, 128, 47, 0, 0.89%, 0, 0, 13, 109.81, 1584956
1668884588, 60, 16, 132, 51, 0, 0.89%, 0, 0, 13, 102.05, 1585462
1668884594, 60, 32, 141, 60, 0, 0.89%, 0, 0, 13, 197.96, 1591384
1668884599, 60, 32, 143, 62, 0, 0.89%, 0, 0, 13, 97.01, 1591742
1668884609, 60, 32, 148, 67, 0, 0.89%, 0, 0, 13, 201.75, 1594608
1668884619, 60, 36, 154, 73, 0, 0.89%, 0, 0, 13, 2025.70, 1605198
1668884624, 60, 36, 155, 74, 0, 0.89%, 0, 0, 13, 152.09, 1608953
1668884630, 60, 36, 156, 75, 0, 0.89%, 0, 0, 13, 96.10, 1609361
1668884635, 60, 36, 157, 76, 0, 0.89%, 0, 0, 13, 91.61, 1609790
1668884640, 60, 45, 157, 76, 0, 0.89%, 0, 0, 13, 2256.52, 1617808
1668884650, 60, 45, 160, 79, 0, 0.89%, 0, 0, 13, 1046.38, 1624170
1668884655, 60, 53, 162, 80, 0, 0.89%, 0, 0, 13, 100.91, 1630460
1668884665, 60, 53, 164, 82, 0, 0.89%, 0, 0, 13, 57.53, 1631153
1668884691, 60, 55, 164, 82, 0, 0.89%, 0, 0, 13, 1807.44, 1644478
1668884696, 60, 57, 164, 82, 0, 0.89%, 0, 0, 13, 2048.48, 1654656
1668884727, 60, 59, 164, 82, 0, 0.89%, 0, 0, 13, 2567.30, 1670600
1668884742, 60, 72, 164, 81, 0, 0.89%, 0, 0, 13, 1021.96, 1677515
1668884752, 60, 74, 164, 80, 0, 0.89%, 0, 0, 13, 1258.53, 1683461
1668884763, 60, 75, 164, 80, 0, 0.89%, 0, 0, 13, 2246.79, 1694769
1668884773, 60, 75, 166, 82, 0, 0.89%, 0, 0, 13, 80.77, 1696967
1668884783, 60, 81, 166, 82, 0, 0.89%, 0, 0, 13, 2168.43, 1706588
1668884798, 60, 83, 167, 83, 0, 0.89%, 0, 0, 13, 2079.47, 1723190
1668884803, 60, 85, 168, 83, 0, 0.94%, 0, 0, 13, 314.73, 1733992
1668884813, 60, 85, 169, 84, 0, 0.94%, 0, 0, 13, 6.83, 1737376
1668884818, 60, 85, 170, 85, 0, 0.94%, 0, 0, 13, 5.86, 1737404
1668884948, 60, 129, 170, 85, 1, 0.94%, 0, 0, 13, 45.20, 1741544
1668884984, 60, 167, 171, 85, 1, 0.94%, 0, 0, 13, 841.61, 1747945
1668884994, 60, 167, 172, 86, 1, 0.94%, 0, 0, 13, 1325.28, 1761299
1668884999, 60, 170, 172, 85, 1, 0.94%, 0, 0, 13, 229.31, 1766867
1668885010, 61, 0, 172, 84, 0, 0.94%, 0, 0, 13, 46.80, 1770868
1668885015, 61, 11, 173, 85, 0, 0.94%, 0, 0, 13, 849.55, 1772449
1668885098, 61, 16, 173, 85, 0, 0.94%, 0, 0, 13, 2015.34, 1787663
1668885108, 61, 24, 173, 85, 0, 0.94%, 0, 0, 13, 2246.30, 1798839
1668885144, 61, 32, 173, 85, 0, 0.94%, 0, 0, 13, 395.00, 1807381
1668885180, 61, 36, 173, 85, 0, 0.94%, 0, 0, 13, 1260.92, 1820666
1668885402, 61, 38, 173, 85, 0, 0.94%, 0, 0, 13, 1017.90, 1834984
1668885443, 61, 42, 173, 85, 0, 0.94%, 0, 0, 13, 1107.97, 1847356
1668885453, 61, 53, 173, 85, 0, 0.94%, 0, 0, 13, 1205.03, 1855477
1668885478, 61, 53, 174, 86, 0, 0.94%, 0, 0, 13, 944.77, 1865665
1668885484, 61, 55, 174, 86, 0, 0.94%, 0, 0, 13, 38.09, 1870863
1668885530, 61, 56, 176, 88, 0, 0.94%, 0, 0, 13, 1011.12, 1879361
1668885540, 61, 59, 176, 88, 0, 0.94%, 0, 0, 13, 1235.51, 1891899
1668885580, 61, 74, 176, 88, 0, 0.94%, 0, 0, 13, 1118.48, 1907087
1668885591, 61, 75, 176, 88, 0, 0.94%, 0, 0, 13, 1365.75, 1918632
1668885626, 61, 81, 176, 88, 0, 0.94%, 0, 0, 13, 1350.84, 1930557
1668885647, 61, 85, 177, 89, 0, 0.94%, 0, 0, 13, 1384.63, 1938879
1668885664, 61, 85, 178, 90, 0, 0.94%, 0, 0, 13, 1.35, 1950716
1668886280, 61, 176, 181, 93, 1, 0.94%, 0, 0, 13, 1151.57, 1956259
1668887073, 61, 178, 182, 93, 0, 0.94%, 0, 0, 13, 147.48, 1970656
1668887078, 61, 178, 183, 94, 0, 0.94%, 0, 0, 13, 237.48, 1972022
1668887360, 61, 179, 183, 93, 0, 0.94%, 0, 0, 13, 1173.91, 1983117
1668887381, 61, 181, 183, 92, 0, 0.94%, 0, 0, 13, 45.36, 1991217
1668887427, 62, 0, 183, 91, 0, 0.94%, 0, 0, 13, 676.59, 1999142
1668887432, 62, 16, 184, 92, 0, 0.94%, 0, 0, 13, 971.66, 2003829
1668887463, 62, 27, 184, 92, 0, 0.94%, 0, 0, 13, 19.17, 2016129
1668887689, 62, 28, 184, 92, 0, 0.94%, 0, 0, 13, 1290.34, 2024090
1668887761, 62, 32, 184, 92, 0, 0.94%, 0, 0, 13, 1277.79, 2039701
1668887776, 62, 36, 184, 92, 0, 0.94%, 0, 0, 13, 1155.85, 2050205
1668887977, 62, 37, 184, 92, 0, 0.94%, 0, 0, 13, 858.81, 2062127
1668887987, 62, 37, 185, 93, 0, 0.94%, 0, 0, 13, 56.17, 2063340
1668888017, 62, 53, 185, 92, 0, 0.94%, 0, 0, 13, 617.78, 2071091
1668888123, 62, 55, 185, 92, 0, 0.94%, 0, 0, 13, 1105.23, 2087341
1668888219, 62, 55, 186, 93, 0, 0.94%, 0, 0, 13, 6.74, 2089466
1668888404, 62, 62, 186, 93, 0, 0.94%, 0, 0, 13, 319.01, 2096009
1668888445, 62, 62, 187, 94, 0, 0.94%, 0, 0, 13, 64.00, 2105775
1668888461, 62, 70, 187, 94, 0, 0.94%, 0, 0, 13, 1064.25, 2111092
1668888504, 62, 75, 187, 93, 0, 0.94%, 0, 0, 13, 1.00, 2123759
1668888991, 62, 81, 187, 93, 0, 0.94%, 0, 0, 13, 1257.25, 2134574
1668889006, 62, 85, 187, 93, 0, 0.94%, 0, 0, 13, 1148.62, 2145032
1668889307, 62, 86, 187, 93, 0, 0.94%, 0, 0, 13, 1330.28, 2155178
1668889487, 62, 88, 187, 93, 0, 0.94%, 0, 0, 13, 1309.57, 2168696
1668889508, 62, 89, 187, 93, 0, 0.94%, 0, 0, 13, 808.24, 2179804
1668889576, 62, 89, 188, 94, 0, 0.94%, 0, 0, 13, 155.17, 2185717
1668889601, 62, 91, 188, 94, 0, 0.94%, 0, 0, 13, 533.75, 2191344
1668889739, 62, 95, 188, 94, 0, 0.94%, 0, 0, 13, 1264.90, 2204650
1668889852, 62, 99, 188, 94, 0, 0.94%, 0, 0, 13, 1380.36, 2218619
1668890084, 62, 99, 189, 95, 0, 0.95%, 0, 0, 13, 1.08, 2221277
1668890828, 62, 188, 189, 95, 1, 0.95%, 0, 0, 13, 1.18, 2226177
1668891868, 62, 188, 190, 96, 1, 0.95%, 0, 0, 13, 1.19, 2227285
1668892343, 62, 189, 190, 95, 1, 0.95%, 0, 0, 13, 1.32, 2228385
1668893578, 63, 0, 190, 94, 0, 0.95%, 0, 0, 13, 5.56, 2230867
1668893595, 63, 16, 190, 94, 0, 0.95%, 0, 0, 13, 908.20, 2234054
1668893737, 63, 26, 190, 94, 0, 0.95%, 0, 0, 13, 1413.86, 2243549
1668893904, 63, 32, 190, 94, 0, 0.95%, 0, 0, 13, 1081.03, 2254789
1668894430, 63, 36, 190, 94, 0, 0.95%, 0, 0, 13, 1385.65, 2264833
1668894904, 63, 53, 190, 94, 0, 0.95%, 0, 0, 13, 906.70, 2280621
1668895029, 63, 55, 190, 94, 0, 0.95%, 0, 0, 13, 124.10, 2291997
1668895526, 63, 63, 190, 94, 0, 0.95%, 0, 0, 13, 1183.97, 2305710
1668895546, 63, 75, 190, 93, 0, 0.95%, 0, 0, 13, 1009.10, 2313735
1668895571, 63, 76, 190, 93, 0, 0.95%, 0, 0, 13, 1336.33, 2323571
1668895602, 63, 79, 190, 93, 0, 0.95%, 0, 0, 13, 1297.17, 2339555
1668895623, 63, 79, 191, 94, 0, 0.96%, 0, 0, 13, 540.35, 2344552
1668895633, 63, 190, 191, 93, 1, 0.96%, 0, 0, 13, 183.51, 2348085
1668895638, 63, 190, 194, 96, 1, 0.96%, 0, 0, 13, 263.76, 2349489
1668895679, 63, 192, 194, 95, 0, 0.96%, 0, 0, 13, 109.32, 2364439
1668896185, 64, 0, 194, 94, 0, 0.96%, 0, 0, 13, 2.09, 2377573
1668896330, 64, 1, 194, 94, 0, 0.96%, 0, 0, 13, 1.19, 2379440
1668896420, 64, 11, 194, 94, 0, 0.96%, 0, 0, 13, 192.73, 2385921
1668896906, 64, 16, 194, 94, 0, 0.96%, 0, 0, 13, 1412.45, 2393118
1668896927, 64, 24, 194, 94, 0, 0.96%, 0, 0, 13, 1164.80, 2402034
1668896942, 64, 24, 195, 95, 0, 0.96%, 0, 0, 13, 87.06, 2411028
1668896952, 64, 24, 196, 96, 0, 0.96%, 0, 0, 13, 855.66, 2413163
1668896957, 64, 29, 196, 96, 0, 0.96%, 0, 0, 13, 1168.30, 2419297
1668896983, 64, 32, 196, 96, 0, 0.96%, 0, 0, 13, 1469.91, 2427529
1668897008, 64, 35, 196, 96, 0, 0.96%, 0, 0, 13, 1587.82, 2437216
1668897034, 64, 36, 196, 96, 0, 0.96%, 0, 0, 13, 1017.19, 2450674
1668897044, 64, 36, 197, 97, 0, 0.96%, 0, 0, 13, 28.20, 2454961
1668897461, 64, 38, 197, 97, 0, 0.96%, 0, 0, 13, 1342.07, 2464742
1668897673, 64, 43, 197, 97, 0, 0.96%, 0, 0, 13, 800.95, 2472595
1668897735, 64, 46, 197, 97, 0, 0.96%, 0, 0, 13, 1111.06, 2486463
1668897746, 64, 53, 197, 97, 0, 0.96%, 0, 0, 13, 116.84, 2497824
1668898532, 64, 55, 197, 97, 0, 0.96%, 0, 0, 13, 1316.95, 2509952
1668899022, 64, 75, 197, 97, 0, 0.96%, 0, 0, 13, 1568.01, 2517378
1668899488, 64, 81, 197, 97, 0, 0.96%, 0, 0, 13, 1037.16, 2529290
1668899807, 64, 85, 197, 97, 0, 0.96%, 0, 0, 13, 1473.81, 2545774
1668900194, 64, 86, 197, 97, 0, 0.96%, 0, 0, 13, 1365.28, 2554310
1668900219, 64, 88, 197, 97, 0, 0.96%, 0, 0, 13, 828.90, 2569733
1668900255, 64, 89, 197, 97, 0, 0.96%, 0, 0, 13, 1087.33, 2578801
1668900296, 64, 92, 197, 97, 0, 0.96%, 0, 0, 13, 336.07, 2588552
1668900523, 64, 94, 197, 96, 0, 0.96%, 0, 0, 13, 1144.40, 2603172
1668900631, 64, 94, 198, 97, 0, 0.96%, 0, 0, 13, 17.31, 2606079
1668901130, 64, 95, 198, 96, 0, 0.96%, 0, 0, 13, 1111.51, 2613341
1668901597, 64, 97, 198, 96, 0, 0.96%, 0, 0, 13, 1102.51, 2626706
1668901698, 64, 99, 198, 95, 0, 0.96%, 0, 0, 13, 1426.31, 2637985
1668901869, 64, 102, 198, 95, 0, 0.96%, 0, 0, 13, 260.14, 2651731
1668902332, 64, 108, 198, 94, 0, 0.96%, 0, 0, 13, 1303.30, 2662286
1668902358, 64, 109, 198, 93, 0, 0.96%, 0, 0, 13, 768.71, 2675365
1668903251, 64, 110, 198, 92, 0, 0.96%, 0, 0, 13, 1255.52, 2685443
1668903287, 64, 111, 198, 91, 0, 0.96%, 0, 0, 13, 587.93, 2696480
1668903323, 64, 115, 198, 90, 0, 0.96%, 0, 0, 13, 1213.39, 2707911
1668903349, 64, 118, 198, 89, 0, 0.96%, 0, 0, 13, 965.93, 2717817
1668903837, 64, 118, 199, 90, 0, 0.97%, 0, 0, 13, 94.72, 2728581
1668903852, 64, 198, 199, 89, 1, 0.97%, 0, 0, 13, 38.98, 2729474
1668903893, 64, 198, 201, 91, 1, 0.98%, 0, 0, 13, 49.15, 2730860
1668903913, 64, 198, 202, 92, 1, 0.98%, 0, 0, 13, 51.97, 2731936
1668903918, 64, 198, 203, 93, 1, 0.98%, 0, 0, 13, 59.68, 2732253
1668903929, 64, 198, 204, 94, 1, 0.98%, 0, 0, 13, 52.51, 2732793
1668904239, 64, 200, 205, 94, 3, 0.98%, 0, 0, 13, 139.50, 2739905
1668904244, 64, 200, 206, 95, 3, 0.98%, 0, 0, 13, 251.71, 2741365
1668904249, 64, 200, 207, 96, 3, 0.99%, 0, 0, 13, 263.08, 2742739
1668904259, 64, 200, 208, 97, 3, 0.99%, 0, 0, 13, 255.23, 2745217
1668904300, 64, 202, 210, 98, 3, 0.99%, 0, 0, 13, 1323.93, 2758210
1668904305, 64, 202, 211, 99, 3, 0.99%, 0, 0, 13, 223.56, 2765094
1668904749, 64, 204, 211, 98, 3, 0.99%, 0, 0, 13, 1581.26, 2773489
1668905103, 64, 207, 214, 100, 2, 0.99%, 0, 0, 13, 344.58, 2784868
1668905108, 64, 207, 216, 102, 2, 0.99%, 0, 0, 13, 443.45, 2787257
1668905124, 64, 207, 217, 103, 2, 0.99%, 0, 0, 13, 74.13, 2796581
1668905139, 64, 208, 217, 102, 3, 0.99%, 0, 0, 13, 127.27, 2804952
1668905144, 64, 208, 218, 103, 3, 0.99%, 0, 0, 13, 56.93, 2807834
1668905200, 64, 211, 218, 102, 2, 0.99%, 0, 0, 13, 747.11, 2813036
1668905205, 64, 211, 219, 103, 2, 0.99%, 0, 0, 13, 1310.92, 2820589
1668905242, 64, 214, 219, 102, 1, 0.99%, 0, 0, 13, 1137.25, 2831796
1668905650, 65, 0, 219, 101, 0, 0.99%, 0, 0, 13, 63.81, 2842185
1668905655, 65, 0, 220, 102, 0, 0.99%, 0, 0, 13, 10.32, 2842270
1668905665, 65, 10, 220, 102, 0, 0.99%, 0, 0, 13, 1201.53, 2848978
1668905805, 65, 16, 220, 102, 0, 0.99%, 0, 0, 13, 780.06, 2856270
1668906055, 65, 29, 220, 102, 0, 0.99%, 0, 0, 13, 1263.81, 2867934
1668906230, 65, 32, 220, 102, 0, 0.99%, 0, 0, 13, 1432.91, 2878270
1668906363, 65, 36, 222, 104, 0, 0.99%, 0, 0, 13, 1277.42, 2887309
1668906846, 65, 38, 222, 104, 0, 0.99%, 0, 0, 13, 1254.04, 2898242
1668907018, 65, 46, 222, 104, 0, 0.99%, 0, 0, 13, 1508.82, 2910516
1668907039, 65, 50, 222, 104, 0, 0.99%, 0, 0, 13, 1469.16, 2926792
1668907147, 65, 53, 222, 103, 0, 0.99%, 0, 0, 13, 1040.01, 2935105
1668907167, 65, 55, 222, 103, 0, 0.99%, 0, 0, 13, 1553.37, 2948951
1668907260, 65, 61, 222, 103, 0, 0.99%, 0, 0, 13, 1357.84, 2956407
1668907290, 65, 68, 222, 102, 0, 0.99%, 0, 0, 13, 1112.49, 2967305
1668907451, 65, 72, 222, 101, 0, 0.99%, 0, 0, 13, 533.21, 2977187
1668907477, 65, 75, 222, 101, 0, 0.99%, 0, 0, 13, 1306.86, 2991418
1668907760, 65, 81, 222, 101, 0, 0.99%, 0, 0, 13, 798.16, 3000694
1668907781, 65, 85, 222, 101, 0, 0.99%, 0, 0, 13, 118.42, 3015197
1668907930, 65, 86, 222, 101, 0, 0.99%, 0, 0, 13, 844.53, 3027446
1668907971, 65, 88, 222, 101, 0, 0.99%, 0, 0, 13, 1567.39, 3034721
1668908146, 65, 89, 222, 101, 0, 0.99%, 0, 0, 13, 889.52, 3047019
1668908423, 65, 95, 222, 101, 0, 0.99%, 0, 0, 13, 1446.34, 3061397
1668909306, 65, 99, 222, 101, 0, 0.99%, 0, 0, 13, 1205.79, 3074067
1668909634, 65, 103, 222, 101, 0, 0.99%, 0, 0, 13, 1231.83, 3087639
1668909644, 65, 104, 222, 100, 0, 0.99%, 0, 0, 13, 1366.52, 3095218
1668909716, 65, 105, 222, 99, 0, 0.99%, 0, 0, 13, 1136.63, 3109774
1668909732, 65, 124, 222, 98, 0, 0.99%, 0, 0, 13, 1374.53, 3124682
1668910038, 65, 130, 222, 97, 0, 0.99%, 0, 0, 13, 49.79, 3130800
1668910314, 65, 135, 222, 96, 0, 0.99%, 0, 0, 13, 1383.57, 3138037
1668910789, 65, 140, 222, 95, 0, 0.99%, 0, 0, 13, 1360.95, 3155148
1668910820, 65, 141, 222, 94, 0, 0.99%, 0, 0, 13, 26.72, 3163789
1668910912, 65, 143, 222, 93, 0, 0.99%, 0, 0, 13, 1163.73, 3174848
1668910938, 65, 144, 222, 92, 0, 0.99%, 0, 0, 13, 1122.19, 3187864
1668910953, 65, 150, 222, 91, 0, 0.99%, 0, 0, 13, 950.17, 3199314
1668911351, 65, 153, 222, 90, 0, 0.99%, 0, 0, 13, 142.78, 3211089
1668911412, 65, 155, 222, 89, 0, 0.99%, 0, 0, 13, 27.86, 3222561
1668911728, 65, 160, 222, 88, 0, 0.99%, 0, 0, 13, 46.02, 3229017
1668911815, 65, 163, 222, 87, 0, 0.99%, 0, 0, 13, 17.04, 3238520
1668911969, 65, 163, 223, 88, 0, 0.99%, 0, 0, 13, 70.13, 3243661
1668912266, 65, 167, 223, 87, 0, 0.99%, 0, 0, 13, 733.36, 3250355
1668912282, 65, 170, 223, 87, 0, 0.99%, 0, 0, 13, 803.06, 3261797
1668912806, 65, 172, 223, 87, 0, 0.99%, 0, 0, 13, 30.34, 3271827
1668912842, 65, 174, 223, 86, 0, 0.99%, 0, 0, 13, 780.99, 3278586
1668912883, 65, 176, 223, 85, 0, 0.99%, 0, 0, 13, 722.60, 3291195
1668912923, 65, 180, 223, 85, 0, 0.99%, 0, 0, 13, 357.61, 3301510
1668913482, 65, 185, 223, 84, 0, 0.99%, 0, 0, 13, 1.61, 3312672
1668914638, 65, 186, 223, 83, 0, 0.99%, 0, 0, 13, 46.72, 3315042
1668914714, 65, 189, 223, 82, 0, 0.99%, 0, 0, 13, 1.22, 3322373
1668915005, 65, 190, 223, 82, 0, 0.99%, 0, 0, 13, 300.46, 3324484
1668915045, 65, 193, 223, 82, 0, 0.99%, 0, 0, 13, 92.32, 3335383
1668915445, 65, 200, 223, 81, 0, 0.99%, 0, 0, 13, 265.20, 3348695
1668915522, 65, 202, 223, 81, 0, 0.99%, 0, 0, 13, 1495.11, 3359742
1668915583, 65, 204, 223, 81, 0, 0.99%, 0, 0, 13, 1459.45, 3371431
1668915753, 65, 205, 223, 81, 0, 0.99%, 0, 0, 13, 197.29, 3383187
1668915789, 65, 206, 223, 80, 0, 0.99%, 0, 0, 13, 99.54, 3395109
1668916081, 65, 208, 223, 79, 0, 0.99%, 0, 0, 13, 1486.33, 3408251
1668916542, 65, 211, 223, 79, 0, 0.99%, 0, 0, 13, 1295.75, 3420488
1668916568, 65, 211, 224, 80, 0, 1.01%, 0, 0, 13, 1.37, 3425480
1668916590, 65, 211, 225, 81, 0, 1.01%, 0, 0, 13, 1.31, 3425506
1668917464, 65, 224, 225, 81, 1, 1.01%, 0, 0, 13, 1.20, 3428564
1668918692, 66, 0, 225, 80, 0, 1.01%, 0, 0, 13, 198.15, 3431426
1668918697, 66, 16, 225, 80, 0, 1.01%, 0, 0, 13, 636.00, 3433276
1668918810, 66, 32, 225, 80, 0, 1.01%, 0, 0, 13, 1385.70, 3440011
1668918826, 66, 36, 225, 80, 0, 1.01%, 0, 0, 13, 946.07, 3447068
1668918949, 66, 53, 225, 80, 0, 1.01%, 0, 0, 13, 1030.48, 3462714
1668918995, 66, 55, 225, 80, 0, 1.01%, 0, 0, 13, 138.80, 3474056
1668919000, 66, 55, 226, 81, 0, 1.01%, 0, 0, 13, 103.06, 3474524
1668919015, 66, 75, 226, 81, 0, 1.01%, 0, 0, 13, 1294.03, 3481256
1668919036, 66, 81, 226, 81, 0, 1.01%, 0, 0, 13, 1172.33, 3496432
1668919056, 66, 81, 227, 82, 0, 1.01%, 0, 0, 13, 21.63, 3501712
1668919102, 66, 82, 227, 82, 0, 1.01%, 0, 0, 13, 1043.24, 3509674
1668919580, 66, 85, 227, 82, 0, 1.01%, 0, 0, 13, 1436.74, 3521114
1668919585, 66, 85, 228, 83, 0, 1.01%, 0, 0, 13, 153.66, 3522443
1668919590, 66, 85, 229, 84, 0, 1.01%, 0, 0, 13, 104.80, 3522900
1668919595, 66, 85, 230, 85, 0, 1.01%, 0, 0, 13, 199.15, 3523785
1668919600, 66, 85, 231, 86, 0, 1.01%, 0, 0, 13, 1385.26, 3528782
1668919621, 66, 181, 231, 86, 1, 1.01%, 0, 0, 13, 88.85, 3530394
1668919754, 66, 229, 231, 86, 1, 1.01%, 0, 0, 13, 124.22, 3539468
1668919759, 66, 229, 234, 89, 1, 1.01%, 0, 0, 13, 293.05, 3541086
1668919764, 66, 229, 235, 90, 1, 1.01%, 0, 0, 13, 335.16, 3542839
1668919769, 66, 229, 236, 91, 1, 1.01%, 0, 0, 13, 333.16, 3544497
1668919800, 66, 234, 236, 90, 1, 1.01%, 0, 0, 13, 202.21, 3556235
1668919810, 66, 234, 237, 91, 1, 1.01%, 0, 0, 13, 361.17, 3559577
1668919856, 67, 0, 237, 90, 0, 1.01%, 0, 0, 13, 1.13, 3573568
1668919921, 67, 1, 237, 90, 0, 1.01%, 0, 0, 13, 1.09, 3575463
1668920078, 67, 16, 237, 90, 0, 1.01%, 0, 0, 13, 1.63, 3578729
1668920367, 67, 17, 237, 90, 0, 1.01%, 0, 0, 13, 1579.09, 3581520
1668920460, 67, 22, 237, 90, 0, 1.01%, 0, 0, 13, 1311.01, 3593810
1668920501, 67, 32, 237, 90, 0, 1.01%, 0, 0, 13, 30.50, 3606334
1668920532, 67, 36, 237, 90, 0, 1.01%, 0, 0, 13, 1294.99, 3610381
1668920609, 67, 39, 237, 90, 0, 1.01%, 0, 0, 13, 183.17, 3625027
1668920672, 67, 46, 237, 89, 0, 1.01%, 0, 0, 13, 7.82, 3637039
1668921205, 67, 53, 237, 89, 0, 1.01%, 0, 0, 13, 1318.97, 3648380
1668921231, 67, 55, 237, 89, 0, 1.01%, 0, 0, 13, 170.01, 3660052
1668921565, 67, 69, 237, 89, 0, 1.01%, 0, 0, 13, 141.74, 3672577
1668921643, 67, 75, 237, 88, 0, 1.01%, 0, 0, 13, 1237.78, 3679793
1668921714, 67, 81, 237, 88, 0, 1.01%, 0, 0, 13, 1201.93, 3693147
1668921750, 67, 85, 237, 88, 0, 1.01%, 0, 0, 13, 141.11, 3707479
1668921786, 67, 86, 237, 88, 0, 1.01%, 0, 0, 13, 130.92, 3721121
1668921817, 67, 88, 237, 88, 0, 1.01%, 0, 0, 13, 880.00, 3726843
1668922292, 67, 89, 237, 88, 0, 1.01%, 0, 0, 13, 1150.41, 3741102
1668922334, 67, 90, 237, 88, 0, 1.01%, 0, 0, 13, 1343.99, 3750948
1668922390, 67, 95, 237, 87, 0, 1.01%, 0, 0, 13, 1288.70, 3762573
1668922488, 67, 99, 237, 87, 0, 1.01%, 0, 0, 13, 853.14, 3774928
1668922539, 67, 114, 237, 87, 0, 1.01%, 0, 0, 13, 772.34, 3787526
1668922580, 67, 117, 237, 86, 0, 1.01%, 0, 0, 13, 49.00, 3799663
1668922626, 67, 121, 237, 85, 0, 1.01%, 0, 0, 13, 38.98, 3806861
1668922718, 67, 127, 237, 84, 0, 1.01%, 0, 0, 13, 19.04, 3815845
1668922892, 67, 134, 237, 83, 0, 1.01%, 0, 0, 13, 1115.60, 3823344
1668923365, 67, 139, 237, 82, 0, 1.01%, 0, 0, 13, 1057.90, 3838376
1668923822, 67, 142, 237, 81, 0, 1.01%, 0, 0, 13, 45.34, 3848577
1668924305, 67, 152, 237, 80, 0, 1.01%, 0, 0, 13, 1205.09, 3854452
1668925469, 67, 158, 237, 79, 0, 1.01%, 0, 0, 13, 409.25, 3869449
1668925494, 67, 159, 237, 78, 0, 1.01%, 0, 0, 13, 75.53, 3881676
1668925581, 67, 164, 237, 77, 0, 1.01%, 0, 0, 13, 5.60, 3893541
1668926213, 67, 166, 237, 76, 0, 1.01%, 0, 0, 13, 98.00, 3899609
1668926274, 67, 167, 237, 75, 0, 1.01%, 0, 0, 13, 574.09, 3912850
1668926320, 67, 170, 237, 75, 0, 1.01%, 0, 0, 13, 687.28, 3925489
1668926397, 67, 174, 237, 75, 0, 1.01%, 0, 0, 13, 676.30, 3935973
1668927136, 67, 175, 237, 75, 0, 1.01%, 0, 0, 13, 255.17, 3947845
1668927156, 67, 176, 237, 74, 0, 1.01%, 0, 0, 13, 906.03, 3960160
1668927640, 67, 182, 237, 74, 0, 1.01%, 0, 0, 13, 27.61, 3971625
1668927757, 67, 187, 237, 73, 0, 1.01%, 0, 0, 13, 71.54, 3980851
1668927870, 67, 190, 237, 72, 0, 1.01%, 0, 0, 13, 523.76, 3991810
1668927895, 67, 194, 237, 72, 0, 1.01%, 0, 0, 13, 54.99, 4002664
1668928003, 67, 202, 237, 71, 0, 1.01%, 0, 0, 13, 1232.68, 4013027
1668928486, 67, 204, 237, 71, 0, 1.01%, 0, 0, 13, 1189.60, 4023503
1668928516, 67, 208, 237, 71, 0, 1.01%, 0, 0, 13, 1039.16, 4036791
1668928547, 67, 211, 237, 71, 0, 1.01%, 0, 0, 13, 678.19, 4045403
1668928857, 67, 212, 237, 71, 0, 1.01%, 0, 0, 13, 213.58, 4058010
1668928923, 67, 214, 237, 70, 0, 1.01%, 0, 0, 13, 58.72, 4074342
1668928939, 67, 216, 237, 70, 0, 1.01%, 0, 0, 13, 199.63, 4080919
1668929021, 67, 220, 237, 69, 0, 1.01%, 0, 0, 13, 1057.84, 4099789
1668929458, 67, 221, 237, 68, 0, 1.01%, 0, 0, 13, 1276.94, 4109091
1668929479, 67, 224, 237, 67, 0, 1.01%, 0, 0, 13, 1.16, 4121218
1668929763, 67, 226, 237, 67, 0, 1.01%, 0, 0, 13, 1318.37, 4124486
1668930092, 67, 227, 237, 66, 0, 1.01%, 0, 0, 13, 89.19, 4135013
1668930144, 67, 233, 237, 65, 0, 1.01%, 0, 0, 13, 738.69, 4147894
1668930195, 67, 234, 237, 64, 0, 1.01%, 0, 0, 13, 1216.98, 4160980
1668930765, 68, 0, 237, 64, 0, 1.01%, 0, 0, 13, 1537.22, 4172811
1668930776, 68, 15, 237, 64, 0, 1.01%, 0, 0, 13, 1125.54, 4179149
1668931243, 68, 16, 237, 64, 0, 1.01%, 0, 0, 13, 36.94, 4187536
1668931267, 68, 32, 237, 64, 0, 1.01%, 0, 0, 13, 1.77, 4192886
1668931388, 68, 36, 237, 64, 0, 1.01%, 0, 0, 13, 842.64, 4197331
1668931450, 68, 48, 237, 64, 0, 1.01%, 0, 0, 13, 183.59, 4210683
1668931480, 68, 52, 237, 64, 0, 1.01%, 0, 0, 13, 1555.77, 4218271
1668931671, 68, 53, 237, 64, 0, 1.01%, 0, 0, 13, 1265.59, 4232198
1668931926, 68, 55, 237, 64, 0, 1.01%, 0, 0, 13, 1171.30, 4237766
1668931941, 68, 55, 238, 65, 0, 1.01%, 0, 0, 13, 110.96, 4240358
1668931967, 68, 67, 238, 65, 0, 1.01%, 0, 0, 13, 913.86, 4244881
1668932316, 68, 75, 238, 64, 0, 1.01%, 0, 0, 13, 17.07, 4260393
1668932508, 68, 81, 238, 64, 0, 1.01%, 0, 0, 13, 150.88, 4271919
1668932518, 68, 82, 238, 64, 0, 1.01%, 0, 0, 13, 1534.12, 4284453
1668932688, 68, 85, 238, 64, 0, 1.01%, 0, 0, 13, 723.09, 4291106
1668932739, 68, 86, 238, 64, 0, 1.01%, 0, 0, 13, 1276.14, 4305450
1668933389, 68, 88, 238, 64, 0, 1.01%, 0, 0, 13, 1614.21, 4316391
1668933522, 68, 89, 238, 64, 0, 1.01%, 0, 0, 13, 436.18, 4326351
1668933865, 68, 94, 238, 64, 0, 1.01%, 0, 0, 13, 1427.74, 4344723
1668933880, 68, 95, 238, 64, 0, 1.01%, 0, 0, 13, 1286.93, 4354437
1668933901, 68, 99, 238, 64, 0, 1.01%, 0, 0, 13, 1089.64, 4361738
1668934357, 68, 101, 238, 64, 0, 1.01%, 0, 0, 13, 899.03, 4377675
1668934671, 68, 105, 238, 64, 0, 1.01%, 0, 0, 13, 1406.53, 4386238
1668935010, 68, 126, 238, 64, 0, 1.01%, 0, 0, 13, 48.50, 4396642
1668935122, 68, 128, 238, 63, 0, 1.01%, 0, 0, 13, 18.84, 4403095
1668935250, 68, 131, 238, 62, 0, 1.01%, 0, 0, 13, 20.45, 4409426
1668935506, 68, 132, 238, 61, 0, 1.01%, 0, 0, 13, 1309.25, 4420584
1668936114, 68, 133, 238, 60, 0, 1.01%, 0, 0, 13, 1062.43, 4434076
1668936432, 68, 134, 238, 59, 0, 1.01%, 0, 0, 13, 1054.39, 4447732
1668936504, 68, 140, 238, 59, 0, 1.01%, 0, 0, 13, 138.81, 4459995
1668936545, 68, 144, 238, 59, 0, 1.01%, 0, 0, 13, 1161.90, 4468318
1668936556, 68, 147, 238, 59, 0, 1.01%, 0, 0, 13, 211.54, 4477870
1668936633, 68, 149, 238, 58, 0, 1.01%, 0, 0, 13, 1223.25, 4485627
1668936679, 68, 151, 238, 57, 0, 1.01%, 0, 0, 13, 1016.17, 4501145
1668937096, 68, 160, 238, 56, 0, 1.01%, 0, 0, 13, 190.89, 4510832
1668937147, 68, 160, 239, 57, 0, 1.01%, 0, 0, 13, 53.70, 4513878
1668937295, 68, 167, 239, 57, 0, 1.01%, 0, 0, 13, 420.81, 4527617
1668937361, 68, 168, 239, 57, 0, 1.01%, 0, 0, 13, 3.39, 4538395
1668938194, 68, 169, 239, 56, 0, 1.01%, 0, 0, 13, 1.83, 4542376
1668939357, 68, 170, 239, 55, 0, 1.01%, 0, 0, 13, 622.63, 4547342
1668939383, 68, 171, 239, 55, 0, 1.01%, 0, 0, 13, 943.90, 4560413
1668939895, 68, 175, 239, 54, 0, 1.01%, 0, 0, 13, 310.00, 4569645
1668939921, 68, 176, 239, 54, 0, 1.01%, 0, 0, 13, 1123.08, 4584376
1668940367, 68, 177, 239, 54, 0, 1.01%, 0, 0, 13, 1.22, 4593139
1668941603, 68, 184, 239, 53, 0, 1.01%, 0, 0, 13, 18.15, 4595074
1668941793, 68, 187, 239, 52, 0, 1.01%, 0, 0, 13, 60.59, 4599539
1668941849, 68, 187, 240, 53, 0, 1.01%, 0, 0, 13, 79.77, 4602776
1668942215, 68, 190, 240, 53, 0, 1.01%, 0, 0, 13, 239.28, 4609861
1668942681, 68, 195, 240, 53, 0, 1.01%, 0, 0, 13, 34.64, 4620325
1668942895, 68, 202, 240, 52, 0, 1.01%, 0, 0, 13, 1255.82, 4629690
1668943514, 68, 203, 240, 52, 0, 1.01%, 0, 0, 13, 1428.38, 4642765
1668943826, 68, 204, 240, 51, 0, 1.01%, 0, 0, 13, 1344.57, 4649847
1668944361, 68, 208, 240, 51, 0, 1.01%, 0, 0, 13, 1407.58, 4667081
1668944828, 68, 209, 240, 51, 0, 1.01%, 0, 0, 13, 1275.58, 4679009
1668944936, 68, 211, 240, 50, 0, 1.01%, 0, 0, 13, 1537.95, 4688399
1668944982, 68, 214, 240, 50, 0, 1.01%, 0, 0, 13, 1152.47, 4701473
1668945147, 68, 217, 240, 50, 0, 1.01%, 0, 0, 13, 1251.26, 4711021
1668945224, 68, 223, 240, 49, 0, 1.01%, 0, 0, 13, 7.88, 4720925
1668946469, 68, 224, 240, 48, 0, 1.01%, 0, 0, 13, 4.17, 4722821
1668946759, 68, 233, 240, 48, 0, 1.01%, 0, 0, 13, 268.76, 4723945
1668946846, 68, 234, 240, 48, 0, 1.01%, 0, 0, 13, 1013.87, 4735933
1668947560, 68, 237, 240, 48, 0, 1.01%, 0, 0, 13, 63.11, 4747470
1668947565, 68, 237, 241, 49, 0, 1.01%, 0, 0, 13, 131.91, 4748198
1668947621, 69, 0, 241, 48, 0, 1.01%, 0, 0, 13, 33.89, 4760063
1668947631, 69, 6, 241, 48, 0, 1.01%, 0, 0, 13, 1220.50, 4762806
1668947641, 69, 16, 241, 48, 0, 1.01%, 0, 0, 13, 989.94, 4764922
1668947807, 69, 16, 242, 49, 0, 1.02%, 0, 0, 13, 1.14, 4767688
1668948000, 69, 31, 242, 49, 1, 1.02%, 0, 0, 13, 1051.36, 4773352
1668948025, 69, 158, 242, 49, 1, 1.02%, 0, 0, 13, 1126.89, 4782340
1668948509, 69, 241, 242, 49, 1, 1.02%, 0, 0, 13, 1.30, 4791457
1668949575, 70, 0, 242, 48, 0, 1.02%, 0, 0, 13, 36.57, 4794045
1668949636, 70, 16, 242, 48, 0, 1.02%, 0, 0, 13, 1069.16, 4796245
1668949826, 70, 22, 242, 48, 0, 1.02%, 0, 0, 13, 1358.13, 4803733
1668949998, 70, 32, 242, 48, 0, 1.02%, 0, 0, 13, 1288.07, 4813715
1668950008, 70, 36, 242, 48, 0, 1.02%, 0, 0, 13, 535.66, 4815480
1668950158, 70, 53, 242, 48, 0, 1.02%, 0, 0, 13, 86.77, 4827921
1668950194, 70, 55, 242, 48, 0, 1.02%, 0, 0, 13, 1071.09, 4833232
1668950442, 70, 56, 242, 48, 0, 1.02%, 0, 0, 13, 878.04, 4839606
1668950509, 70, 75, 242, 48, 0, 1.02%, 0, 0, 13, 145.00, 4853330
1668950529, 70, 81, 242, 48, 0, 1.02%, 0, 0, 13, 1310.73, 4866096
1668950560, 70, 82, 242, 48, 0, 1.02%, 0, 0, 13, 4.04, 4876849
1668950730, 70, 85, 242, 48, 0, 1.02%, 0, 0, 13, 247.93, 4890674
1668951202, 70, 86, 242, 48, 0, 1.02%, 0, 0, 13, 824.80, 4897523
1668951253, 70, 88, 242, 48, 0, 1.02%, 0, 0, 13, 1302.26, 4910379
1668951356, 70, 89, 242, 48, 0, 1.02%, 0, 0, 13, 1105.46, 4923350
1668951397, 70, 95, 242, 48, 0, 1.02%, 0, 0, 13, 1118.94, 4936412
1668951504, 70, 99, 242, 48, 0, 1.02%, 0, 0, 13, 1107.57, 4947501
1668951535, 70, 112, 242, 48, 0, 1.02%, 0, 0, 13, 173.53, 4959760
1668951550, 70, 113, 242, 47, 0, 1.02%, 0, 0, 13, 1158.39, 4968356
1668951555, 70, 115, 242, 46, 0, 1.02%, 0, 0, 13, 1192.71, 4974860
1668951606, 70, 116, 242, 46, 0, 1.02%, 0, 0, 13, 1073.37, 4989309
1668952085, 70, 125, 242, 45, 0, 1.02%, 0, 0, 13, 7.57, 4994956
1668952435, 70, 128, 242, 44, 0, 1.02%, 0, 0, 13, 22.16, 5000680
1668952726, 70, 147, 242, 44, 0, 1.02%, 0, 0, 13, 79.55, 5006688
1668953049, 70, 156, 242, 44, 0, 1.02%, 0, 0, 13, 77.25, 5015408
1668953544, 70, 161, 242, 43, 0, 1.02%, 0, 0, 13, 597.06, 5027756
1668953812, 70, 161, 243, 44, 0, 1.02%, 0, 0, 13, 1032.40, 5037863
1668953822, 70, 242, 243, 43, 1, 1.02%, 0, 0, 13, 99.45, 5041303
1668953874, 71, 3, 243, 42, 0, 1.02%, 0, 0, 13, 1437.54, 5056435
1668953959, 71, 9, 243, 42, 0, 1.02%, 0, 0, 13, 784.11, 5058771
1668954344, 71, 16, 243, 42, 0, 1.02%, 0, 0, 13, 57.55, 5068913
1668954360, 71, 25, 243, 42, 0, 1.02%, 0, 0, 13, 1683.69, 5071789
1668954385, 71, 32, 243, 42, 0, 1.02%, 0, 0, 13, 1678.11, 5083466
1668954422, 71, 33, 243, 42, 0, 1.02%, 0, 0, 13, 403.58, 5092321
1668955218, 71, 36, 243, 42, 0, 1.02%, 0, 0, 13, 1105.06, 5099805
1668955275, 71, 53, 243, 42, 0, 1.02%, 0, 0, 13, 444.16, 5110943
1668955526, 71, 55, 243, 42, 0, 1.02%, 0, 0, 13, 1291.99, 5117188
1668955542, 71, 75, 243, 42, 0, 1.02%, 0, 0, 13, 1038.69, 5121205
1668955582, 71, 81, 243, 42, 0, 1.02%, 0, 0, 13, 170.98, 5136995
1668955768, 71, 85, 243, 42, 0, 1.02%, 0, 0, 13, 824.26, 5148880
1668955783, 71, 85, 244, 43, 0, 1.02%, 0, 0, 13, 86.34, 5153440
1668955950, 71, 86, 244, 43, 0, 1.02%, 0, 0, 13, 1322.85, 5160767
1668956095, 71, 88, 244, 43, 0, 1.02%, 0, 0, 13, 1375.50, 5173951
1668956121, 71, 89, 244, 43, 0, 1.02%, 0, 0, 13, 839.83, 5182765
1668956317, 71, 91, 244, 43, 0, 1.02%, 0, 0, 13, 619.36, 5193661
1668956644, 71, 95, 244, 43, 0, 1.02%, 0, 0, 13, 256.09, 5208990
1668956670, 71, 99, 244, 43, 0, 1.02%, 0, 0, 13, 1147.71, 5220887
1668957430, 71, 122, 244, 43, 0, 1.02%, 0, 0, 13, 22.79, 5227645
1668957818, 71, 127, 244, 42, 0, 1.02%, 0, 0, 13, 36.98, 5233791
1668957920, 71, 131, 244, 42, 0, 1.02%, 0, 0, 13, 46.96, 5239813
1668958272, 71, 137, 244, 42, 0, 1.02%, 0, 0, 13, 1386.84, 5252053
1668958303, 71, 139, 244, 41, 0, 1.02%, 0, 0, 13, 1239.07, 5262808
1668958339, 71, 167, 244, 41, 0, 1.02%, 0, 0, 13, 789.25, 5273608
1668958873, 71, 176, 244, 41, 0, 1.02%, 0, 0, 13, 850.08, 5283020
1668958904, 71, 190, 244, 41, 0, 1.02%, 0, 0, 13, 681.32, 5294328
1668958924, 71, 202, 244, 41, 0, 1.02%, 0, 0, 13, 1267.14, 5307460
1668959775, 71, 204, 244, 41, 0, 1.02%, 0, 0, 13, 1303.92, 5319788
1668960284, 71, 208, 244, 41, 0, 1.02%, 0, 0, 13, 1296.29, 5334808
1668960299, 71, 211, 244, 41, 0, 1.02%, 0, 0, 13, 98.69, 5345987
1668960330, 71, 214, 244, 41, 0, 1.02%, 0, 0, 13, 1589.28, 5353798
1668960397, 71, 218, 244, 41, 0, 1.02%, 0, 0, 13, 82.05, 5370290
1668960443, 71, 220, 244, 40, 0, 1.02%, 0, 0, 13, 1077.70, 5379618
1668960454, 71, 224, 244, 40, 0, 1.02%, 0, 0, 13, 181.07, 5389210
1668960718, 71, 225, 244, 40, 0, 1.02%, 0, 0, 13, 114.26, 5390345
1668960739, 71, 225, 245, 41, 0, 1.02%, 0, 0, 13, 89.96, 5392129
1668960759, 71, 225, 246, 42, 0, 1.02%, 0, 0, 13, 96.81, 5394092
1668961256, 71, 234, 246, 41, 0, 1.02%, 0, 0, 13, 241.34, 5408312
1668961421, 71, 235, 246, 41, 0, 1.02%, 0, 0, 13, 216.99, 5420168
1668961672, 71, 242, 246, 40, 0, 1.02%, 0, 0, 13, 109.31, 5432246
1668961719, 71, 243, 246, 40, 0, 1.02%, 0, 0, 13, 37.25, 5443964
1668962002, 71, 245, 246, 39, 0, 1.02%, 0, 0, 13, 47.08, 5447401
1668962028, 71, 245, 247, 40, 0, 1.02%, 0, 0, 13, 163.34, 5450896
1668962033, 71, 245, 248, 41, 0, 1.02%, 0, 0, 13, 162.74, 5451747
1668962038, 71, 245, 249, 42, 0, 1.02%, 0, 0, 13, 158.32, 5452568
1668962089, 71, 248, 249, 41, 0, 1.02%, 0, 0, 13, 106.09, 5464564
1668962273, 72, 0, 249, 40, 0, 1.02%, 0, 0, 13, 3.16, 5478365
1668962299, 72, 16, 249, 40, 0, 1.02%, 0, 0, 13, 13.19, 5480166
1668962334, 72, 18, 249, 40, 0, 1.02%, 0, 0, 13, 1282.54, 5488265
1668962350, 72, 32, 249, 40, 0, 1.02%, 0, 0, 13, 37.60, 5496588
1668962391, 72, 36, 249, 40, 0, 1.02%, 0, 0, 13, 83.43, 5503079
1668963095, 72, 53, 249, 40, 0, 1.02%, 0, 0, 13, 32.17, 5510423
1668963381, 72, 55, 249, 40, 0, 1.02%, 0, 0, 13, 828.43, 5517219
1668963437, 72, 57, 249, 40, 0, 1.02%, 0, 0, 13, 1246.39, 5523547
1668963452, 72, 60, 249, 40, 0, 1.02%, 0, 0, 13, 1100.62, 5535332
1668963818, 72, 74, 249, 40, 0, 1.02%, 0, 0, 13, 1050.45, 5546299
1668963936, 72, 75, 249, 40, 0, 1.02%, 0, 0, 13, 56.02, 5559711
1668963967, 72, 81, 249, 40, 0, 1.02%, 0, 0, 13, 1287.73, 5566877
1668965012, 72, 85, 249, 40, 0, 1.02%, 0, 0, 13, 1630.93, 5581747
1668965058, 72, 86, 249, 40, 0, 1.02%, 0, 0, 13, 1503.65, 5590313
1668965085, 72, 88, 249, 40, 0, 1.02%, 0, 0, 13, 10.90, 5604882
1668965157, 72, 89, 249, 40, 0, 1.02%, 0, 0, 13, 851.15, 5614259
1668965327, 72, 91, 249, 40, 0, 1.02%, 0, 0, 13, 1028.09, 5624979
1668965455, 72, 95, 249, 40, 0, 1.02%, 0, 0, 13, 1261.60, 5637907
1668965506, 72, 97, 249, 40, 0, 1.02%, 0, 0, 13, 846.30, 5652637
1668965526, 72, 99, 249, 40, 0, 1.02%, 0, 0, 13, 1125.15, 5662781
1668965547, 72, 111, 249, 40, 0, 1.02%, 0, 0, 13, 784.33, 5672531
1668965979, 72, 135, 249, 40, 0, 1.02%, 0, 0, 13, 1180.00, 5685211
