# unix_time, cycles_done, cur_path, paths_total, pending_total, pending_favs, map_size, unique_crashes, unique_hangs, max_depth, execs_per_sec, total_execs
1668315367, 0, 0, 1, 1, 1, 1.38%, 0, 0, 1, 363.64, 8
1668315372, 0, 0, 65, 65, 1, 1.86%, 0, 0, 2, 2612.77, 13159
1668315377, 0, 0, 72, 72, 1, 1.88%, 0, 0, 2, 2636.27, 26599
1668315382, 0, 0, 107, 107, 1, 1.99%, 0, 0, 2, 2644.66, 39863
1668315387, 0, 0, 116, 116, 1, 2.00%, 0, 0, 2, 2650.45, 53455
1668315392, 0, 0, 120, 120, 1, 2.03%, 0, 0, 2, 2650.28, 66759
1668315397, 0, 1, 120, 119, 58, 2.03%, 0, 0, 2, 2608.66, 79753
1668315402, 0, 2, 122, 120, 58, 2.03%, 0, 0, 3, 2615.44, 93008
1668315418, 0, 5, 123, 120, 58, 2.05%, 0, 0, 3, 2474.64, 132146
1668315428, 0, 6, 123, 119, 58, 2.05%, 0, 0, 3, 2324.97, 156183
1668315438, 0, 7, 124, 119, 57, 2.06%, 0, 0, 3, 2240.97, 179449
1668315454, 0, 16, 126, 120, 57, 2.06%, 0, 0, 3, 2198.42, 213628
1668315464, 0, 23, 128, 121, 56, 2.06%, 0, 0, 3, 2194.48, 236235
1668315474, 0, 23, 129, 122, 56, 2.06%, 0, 0, 3, 2165.24, 258626
1668315479, 0, 25, 129, 121, 57, 2.06%, 0, 0, 3, 2170.06, 269834
1668315490, 0, 25, 130, 122, 57, 2.06%, 0, 0, 3, 2182.09, 292112
1668315495, 0, 28, 131, 122, 57, 2.06%, 0, 0, 3, 2229.37, 303233
1668315500, 0, 29, 133, 123, 57, 2.07%, 0, 0, 3, 2275.17, 314809
1668315520, 0, 31, 133, 122, 56, 2.07%, 0, 0, 3, 2221.18, 359593
1668315530, 0, 32, 133, 121, 55, 2.07%, 0, 0, 3, 2258.65, 382313
1668315535, 0, 34, 133, 120, 54, 2.07%, 0, 0, 3, 2239.51, 393548
1668315546, 0, 36, 133, 119, 53, 2.07%, 0, 0, 3, 2164.71, 416053
1668315556, 0, 38, 134, 119, 52, 2.07%, 0, 0, 3, 2194.90, 438809
1668315561, 0, 39, 134, 118, 51, 2.07%, 0, 0, 3, 2291.82, 450506
1668315566, 0, 40, 134, 117, 49, 2.07%, 0, 0, 3, 2309.55, 462272
1668315571, 0, 42, 134, 116, 48, 2.07%, 0, 0, 3, 2300.71, 474043
1668315581, 0, 43, 134, 115, 47, 2.07%, 0, 0, 3, 2309.19, 497530
1668315587, 0, 48, 135, 115, 46, 2.07%, 0, 0, 3, 2232.29, 508951
1668315597, 0, 55, 136, 115, 45, 2.08%, 0, 0, 3, 2198.01, 531628
1668315607, 0, 56, 137, 115, 45, 2.08%, 0, 0, 3, 2206.16, 554551
1668315623, 0, 57, 138, 115, 44, 2.08%, 0, 0, 3, 2222.47, 589025
1668315628, 0, 58, 140, 116, 45, 2.11%, 0, 0, 3, 2178.69, 600516
1668315633, 0, 58, 141, 117, 45, 2.11%, 0, 0, 3, 421.75, 602744
1668315669, 0, 59, 142, 117, 45, 2.11%, 0, 0, 3, 980.78, 622752
1668315685, 0, 61, 142, 116, 44, 2.11%, 0, 0, 3, 2163.79, 656852
1668315695, 0, 62, 142, 115, 43, 2.11%, 0, 0, 3, 2168.61, 679436
1668315700, 0, 62, 143, 116, 43, 2.11%, 0, 0, 3, 2148.96, 690500
1668315710, 0, 63, 145, 117, 43, 2.12%, 0, 0, 3, 2175.51, 712634
1668315726, 0, 65, 147, 118, 42, 2.12%, 0, 0, 3, 2193.79, 746315
1668315736, 0, 65, 149, 120, 42, 2.14%, 0, 0, 3, 2198.22, 768943
1668315741, 0, 66, 150, 120, 42, 2.14%, 0, 0, 3, 2187.28, 780080
1668315746, 0, 66, 151, 121, 42, 2.15%, 0, 0, 3, 2203.25, 791242
1668315751, 0, 66, 153, 123, 42, 2.16%, 0, 0, 3, 2210.93, 802337
1668315756, 0, 69, 153, 122, 44, 2.16%, 0, 0, 3, 2288.93, 814112
1668315761, 0, 70, 154, 122, 43, 2.16%, 0, 0, 3, 2284.79, 825763
1668315777, 0, 70, 156, 124, 43, 2.16%, 0, 0, 3, 2172.63, 859231
1668315782, 0, 71, 156, 123, 42, 2.16%, 0, 0, 3, 2158.60, 870056
1668315792, 0, 71, 157, 124, 42, 2.16%, 0, 0, 3, 2174.78, 891962
1668315797, 0, 72, 157, 123, 41, 2.16%, 0, 0, 3, 2199.52, 903243
1668315807, 0, 73, 158, 123, 40, 2.16%, 0, 0, 3, 2195.98, 926195
1668315817, 0, 73, 159, 124, 40, 2.17%, 0, 0, 3, 2192.15, 948373
1668315823, 0, 74, 162, 126, 40, 2.17%, 0, 0, 3, 2186.31, 959467
1668315833, 0, 75, 163, 126, 39, 2.17%, 0, 0, 3, 2213.72, 981738
1668315838, 0, 75, 165, 128, 39, 2.17%, 0, 0, 3, 2236.53, 993199
1668315843, 0, 77, 166, 128, 40, 2.17%, 0, 0, 3, 401.50, 1001305
1668315884, 0, 78, 167, 128, 40, 2.17%, 0, 0, 3, 528.17, 1022309
1668315925, 0, 79, 167, 127, 39, 2.17%, 0, 0, 3, 1532.94, 1048106
1668315935, 0, 79, 168, 128, 39, 2.17%, 0, 0, 3, 2160.99, 1070642
1668315940, 0, 80, 168, 127, 38, 2.17%, 0, 0, 3, 2147.99, 1081840
1668315956, 0, 83, 169, 126, 36, 2.17%, 0, 0, 3, 2268.43, 1115575
1668315961, 0, 84, 169, 125, 35, 2.17%, 0, 0, 3, 2304.93, 1127369
1668315966, 0, 88, 169, 124, 34, 2.17%, 0, 0, 3, 2242.11, 1138852
1668315976, 0, 95, 170, 124, 33, 2.17%, 0, 0, 3, 2221.46, 1161446
1668315986, 0, 96, 170, 123, 32, 2.17%, 0, 0, 3, 2277.21, 1184329
1668315991, 0, 98, 170, 122, 31, 2.17%, 0, 0, 3, 2314.43, 1196169
1668315996, 0, 100, 170, 121, 30, 2.17%, 0, 0, 3, 2315.71, 1208138
1668316002, 0, 100, 171, 122, 30, 2.18%, 0, 0, 3, 2314.86, 1220052
1668316007, 0, 102, 171, 121, 29, 2.18%, 0, 0, 3, 2299.75, 1231888
1668316012, 0, 102, 174, 124, 29, 2.18%, 0, 0, 3, 2256.80, 1243379
1668316017, 0, 106, 175, 124, 32, 2.19%, 0, 0, 3, 2276.66, 1254795
1668316022, 0, 109, 176, 124, 31, 2.19%, 0, 0, 3, 2268.01, 1266388
1668316032, 0, 113, 176, 123, 29, 2.19%, 0, 0, 3, 2228.84, 1288764
1668316037, 0, 113, 177, 124, 29, 2.19%, 0, 0, 3, 2225.05, 1300233
1668316042, 0, 117, 177, 123, 29, 2.19%, 0, 0, 3, 2214.51, 1311673
1668316047, 0, 117, 178, 124, 29, 2.19%, 0, 0, 3, 2223.48, 1323085
1668316053, 0, 119, 178, 123, 28, 2.19%, 0, 0, 3, 2269.37, 1334570
1668316058, 0, 120, 180, 124, 27, 2.19%, 0, 0, 4, 2240.24, 1345837
1668316068, 0, 121, 180, 123, 26, 2.19%, 0, 0, 4, 2197.90, 1368467
1668316083, 0, 122, 181, 123, 25, 2.20%, 0, 0, 4, 2163.74, 1401571
1668316098, 0, 123, 181, 122, 25, 2.20%, 0, 0, 4, 2182.69, 1434659
1668316108, 0, 123, 182, 123, 25, 2.20%, 0, 0, 4, 2206.42, 1456984
1668316113, 0, 126, 182, 122, 25, 2.20%, 0, 0, 4, 2151.44, 1468093
1668316124, 0, 129, 182, 121, 24, 2.20%, 0, 0, 4, 2175.48, 1490637
1668316144, 0, 131, 182, 120, 23, 2.20%, 0, 0, 4, 436.03, 1525855
1668316165, 0, 132, 182, 119, 22, 2.20%, 0, 0, 4, 1875.53, 1547228
1668316180, 0, 133, 182, 118, 22, 2.20%, 0, 0, 4, 2146.49, 1580212
1668316190, 0, 133, 183, 119, 22, 2.21%, 0, 0, 4, 2175.68, 1602470
1668316195, 0, 135, 186, 121, 22, 2.21%, 0, 0, 4, 2188.48, 1613545
1668316205, 0, 139, 186, 120, 22, 2.21%, 0, 0, 4, 2217.50, 1636184
1668316210, 0, 139, 188, 122, 22, 2.21%, 0, 0, 4, 2230.67, 1647354
1668316215, 0, 140, 188, 121, 22, 2.21%, 0, 0, 4, 404.74, 1656863
1668316251, 0, 143, 189, 121, 21, 2.21%, 0, 0, 4, 1591.79, 1680987
1668316266, 0, 145, 190, 121, 22, 2.22%, 0, 0, 4, 2180.02, 1714319
1668316282, 0, 148, 191, 121, 21, 2.22%, 0, 0, 4, 2187.01, 1748014
1668316292, 0, 148, 192, 122, 21, 2.22%, 0, 0, 4, 2193.24, 1770180
1668316297, 0, 149, 192, 121, 22, 2.22%, 0, 0, 4, 2182.19, 1781222
1668316312, 0, 150, 192, 120, 21, 2.22%, 0, 0, 4, 2143.67, 1814478
1668316328, 0, 152, 193, 120, 20, 2.22%, 0, 0, 4, 2179.55, 1847889
1668316333, 0, 152, 194, 121, 20, 2.23%, 0, 0, 4, 2202.87, 1859096
1668316338, 0, 159, 194, 120, 19, 2.23%, 0, 0, 4, 2213.96, 1870556
1668316343, 0, 159, 195, 121, 19, 2.23%, 0, 0, 4, 2190.07, 1881675
1668316358, 0, 164, 197, 122, 18, 2.23%, 0, 0, 4, 2208.24, 1915324
1668316363, 0, 164, 198, 123, 18, 2.24%, 0, 0, 4, 2211.57, 1926461
1668316368, 0, 165, 198, 122, 19, 2.24%, 0, 0, 4, 454.49, 1932132
1668316399, 0, 166, 198, 121, 18, 2.24%, 0, 0, 4, 1427.22, 1954453
1668316409, 0, 170, 198, 120, 17, 2.24%, 0, 0, 4, 2260.05, 1978149
1668316419, 0, 172, 198, 119, 16, 2.24%, 0, 0, 4, 2252.05, 2001280
1668316430, 0, 173, 198, 118, 15, 2.24%, 0, 0, 4, 2237.39, 2024373
1668316435, 0, 174, 198, 117, 14, 2.24%, 0, 0, 4, 2241.85, 2035797
1668316440, 0, 174, 199, 118, 14, 2.24%, 0, 0, 4, 2245.20, 2047139
1668316445, 0, 176, 199, 117, 14, 2.24%, 0, 0, 4, 2230.84, 2058425
1668316455, 0, 178, 199, 116, 13, 2.24%, 0, 0, 4, 2213.97, 2081351
1668316465, 0, 180, 199, 115, 12, 2.24%, 0, 0, 4, 2209.35, 2103993
1668316470, 0, 180, 200, 116, 12, 2.24%, 0, 0, 5, 2202.19, 2115039
1668316481, 0, 181, 201, 116, 12, 2.25%, 0, 0, 5, 2186.13, 2137106
1668316496, 0, 182, 202, 116, 12, 2.25%, 0, 0, 5, 2200.72, 2171038
1668316501, 0, 182, 203, 117, 12, 2.25%, 0, 0, 5, 2222.78, 2182288
1668316506, 0, 184, 204, 117, 13, 2.25%, 0, 0, 5, 2200.44, 2193760
1668316516, 0, 186, 204, 116, 12, 2.25%, 0, 0, 5, 2215.61, 2216367
1668316532, 0, 188, 204, 115, 11, 2.25%, 0, 0, 5, 2155.57, 2250077
1668316547, 0, 190, 205, 115, 10, 2.25%, 0, 0, 5, 2194.27, 2283448
1668316562, 0, 193, 205, 114, 9, 2.25%, 0, 0, 5, 2195.89, 2316997
1668316578, 0, 197, 205, 113, 8, 2.25%, 0, 0, 5, 2199.13, 2350932
1668316583, 0, 197, 206, 114, 8, 2.25%, 0, 0, 5, 2210.79, 2362427
1668316588, 0, 198, 210, 117, 9, 2.26%, 0, 0, 5, 2243.05, 2373883
1668316598, 0, 199, 210, 116, 10, 2.26%, 0, 0, 5, 2223.83, 2396657
1668316614, 0, 199, 214, 120, 10, 2.26%, 0, 0, 6, 2263.89, 2431135
1668316619, 0, 199, 215, 121, 10, 2.26%, 0, 0, 6, 2274.19, 2442978
1668316624, 0, 200, 216, 121, 9, 2.26%, 0, 0, 6, 2246.90, 2454583
1668316639, 0, 201, 216, 120, 9, 2.26%, 0, 0, 6, 2214.50, 2488333
1668316645, 0, 201, 218, 122, 9, 2.27%, 0, 0, 6, 2228.69, 2499907
1668316650, 0, 202, 218, 121, 10, 2.27%, 0, 0, 6, 2227.84, 2511487
1668316655, 0, 202, 219, 122, 10, 2.27%, 0, 0, 6, 2227.70, 2522961
1668316660, 0, 204, 221, 123, 10, 2.27%, 0, 0, 6, 2225.97, 2534133
1668316680, 0, 206, 221, 122, 10, 2.27%, 0, 0, 6, 2182.58, 2578493
1668316690, 0, 207, 221, 121, 9, 2.27%, 0, 0, 6, 2221.90, 2600821
1668316706, 0, 207, 226, 126, 9, 2.27%, 0, 0, 6, 2265.20, 2635321
1668316716, 0, 208, 227, 126, 8, 2.28%, 0, 0, 6, 2261.16, 2658808
1668316726, 0, 209, 227, 125, 8, 2.28%, 0, 0, 6, 2240.59, 2681478
1668316731, 0, 209, 228, 126, 8, 2.28%, 0, 0, 6, 2242.24, 2692885
1668316736, 0, 213, 228, 125, 7, 2.28%, 0, 0, 6, 2244.71, 2704326
1668316747, 0, 215, 229, 125, 7, 2.28%, 0, 0, 7, 2238.09, 2727159
1668316752, 0, 215, 231, 127, 7, 2.34%, 0, 0, 7, 2161.14, 2738185
1668316767, 0, 216, 231, 126, 7, 2.34%, 0, 0, 7, 2200.77, 2771559
1668316777, 0, 217, 231, 125, 6, 2.34%, 0, 0, 7, 2214.52, 2794695
1668316788, 0, 218, 232, 125, 5, 2.34%, 0, 0, 7, 2232.74, 2817457
1668316793, 0, 218, 233, 126, 5, 2.34%, 0, 0, 7, 2230.35, 2828941
1668316803, 0, 219, 233, 125, 4, 2.34%, 0, 0, 7, 2192.76, 2851509
1668316813, 0, 226, 233, 124, 3, 2.34%, 0, 0, 7, 2216.83, 2874140
1668316818, 0, 226, 234, 125, 3, 2.34%, 0, 0, 7, 2241.83, 2885614
1668316823, 0, 230, 234, 124, 2, 2.34%, 0, 0, 7, 2233.72, 2896920
1668316839, 0, 230, 235, 125, 2, 2.34%, 0, 0, 8, 2167.15, 2930280
1668316844, 0, 234, 235, 124, 2, 2.34%, 0, 0, 8, 2177.58, 2941290
1668316864, 1, 64, 236, 124, 1, 2.34%, 0, 0, 8, 2244.68, 2985862
1668316869, 1, 127, 236, 123, 1, 2.34%, 0, 0, 8, 2223.05, 2997139
1668316890, 1, 128, 236, 122, 1, 2.34%, 0, 0, 8, 2155.45, 3041849
1668316905, 1, 136, 237, 122, 0, 2.34%, 0, 0, 8, 2189.82, 3074948
1668316915, 1, 141, 237, 121, 0, 2.34%, 0, 0, 8, 2207.14, 3097539
1668316930, 1, 144, 238, 121, 0, 2.34%, 0, 0, 8, 2179.31, 3130934
1668316946, 1, 157, 238, 120, 1, 2.34%, 0, 0, 8, 2192.75, 3164048
1668316961, 1, 231, 238, 119, 1, 2.34%, 0, 0, 8, 2241.83, 3197799
1668316966, 1, 237, 238, 118, 1, 2.34%, 0, 0, 8, 2260.74, 3209331
1668316986, 1, 237, 240, 120, 1, 2.34%, 0, 0, 8, 2266.39, 3253531
1668316991, 1, 237, 242, 122, 1, 2.34%, 0, 0, 8, 2289.83, 3265382
1668316996, 2, 8, 242, 121, 0, 2.34%, 0, 0, 8, 2217.04, 3276909
1668317012, 2, 9, 242, 120, 0, 2.34%, 0, 0, 8, 2194.02, 3310776
1668317022, 2, 18, 242, 119, 0, 2.34%, 0, 0, 8, 2206.69, 3333590
1668317037, 2, 24, 242, 118, 0, 2.34%, 0, 0, 8, 2183.75, 3367041
1668317052, 2, 26, 242, 117, 0, 2.34%, 0, 0, 8, 2178.45, 3400390
1668317068, 2, 27, 242, 116, 0, 2.34%, 0, 0, 8, 2230.45, 3433923
1668317073, 2, 46, 242, 115, 0, 2.34%, 0, 0, 8, 2282.03, 3445920
1668317089, 2, 46, 246, 119, 0, 2.34%, 0, 0, 8, 2250.62, 3480321
1668317094, 2, 46, 248, 121, 0, 2.34%, 0, 0, 8, 2285.52, 3492187
1668317099, 2, 46, 251, 124, 0, 2.35%, 0, 0, 8, 2298.23, 3504001
1668317104, 2, 60, 252, 124, 1, 2.35%, 0, 0, 8, 2230.05, 3515266
1668317114, 2, 228, 252, 123, 1, 2.35%, 0, 0, 8, 2245.55, 3537870
1668317129, 2, 228, 255, 126, 1, 2.35%, 0, 0, 8, 2310.59, 3573480
1668317135, 2, 228, 258, 129, 1, 2.35%, 0, 0, 8, 2312.62, 3585510
1668317140, 2, 248, 260, 130, 2, 2.36%, 0, 0, 8, 2174.22, 3596850
1668317418, 2, 248, 262, 132, 2, 2.36%, 0, 0, 8, 1902.02, 4123567
1668318012, 2, 248, 271, 141, 2, 2.36%, 0, 0, 8, 1838.16, 5250546
1668318017, 2, 258, 271, 140, 4, 2.36%, 0, 0, 8, 1103.16, 5256244
1668318022, 2, 258, 272, 141, 4, 2.36%, 0, 0, 9, 742.84, 5259513
1668318063, 2, 258, 274, 143, 4, 2.36%, 0, 0, 9, 1097.02, 5288768
1668318068, 2, 258, 276, 145, 4, 2.36%, 0, 0, 9, 1342.43, 5295854
1668318073, 2, 258, 277, 146, 4, 2.36%, 0, 0, 9, 1421.24, 5303184
1668318078, 2, 259, 278, 146, 4, 2.36%, 0, 0, 9, 1550.44, 5310955
1668318961, 2, 262, 278, 145, 3, 2.36%, 0, 0, 9, 1981.48, 6979352
1668319766, 2, 262, 279, 146, 3, 2.37%, 0, 0, 9, 2020.50, 8628290
1668319771, 2, 270, 279, 145, 3, 2.37%, 0, 0, 9, 963.94, 8632183
1668324050, 2, 271, 279, 144, 2, 2.37%, 0, 0, 9, 686.65, 10291506
1668324081, 2, 271, 280, 145, 2, 2.37%, 0, 0, 10, 1014.98, 10320728
1668324086, 2, 271, 282, 147, 2, 2.37%, 0, 0, 10, 1578.33, 10329556
1668324096, 2, 278, 282, 146, 1, 2.37%, 0, 0, 10, 1947.38, 10348610
1668324911, 3, 3, 282, 145, 0, 2.37%, 0, 0, 10, 2029.41, 11999679
1668324931, 3, 14, 282, 144, 0, 2.37%, 0, 0, 10, 2207.55, 12043727
1668324941, 3, 19, 282, 143, 0, 2.37%, 0, 0, 10, 2204.26, 12066622
1668324957, 3, 20, 283, 143, 0, 2.40%, 0, 0, 10, 2191.54, 12100191
1668324967, 3, 282, 283, 142, 1, 2.40%, 0, 0, 10, 2204.36, 12122944
1668324987, 4, 4, 283, 141, 0, 2.40%, 0, 0, 10, 2167.06, 12167279
1668325003, 4, 21, 283, 140, 0, 2.40%, 0, 0, 10, 2186.32, 12201217
1668325018, 4, 25, 283, 139, 0, 2.40%, 0, 0, 10, 2199.22, 12234626
1668325023, 4, 44, 284, 140, 0, 2.40%, 0, 0, 10, 2183.16, 12245904
1668325039, 4, 47, 285, 140, 0, 2.40%, 0, 0, 10, 2188.00, 12278982
1668325049, 4, 49, 285, 139, 0, 2.40%, 0, 0, 10, 2211.03, 12301563
1668325064, 4, 52, 285, 138, 0, 2.40%, 0, 0, 10, 2203.56, 12334709
1668325074, 4, 61, 285, 137, 0, 2.40%, 0, 0, 10, 2211.87, 12357444
1668325079, 4, 81, 285, 137, 0, 2.40%, 0, 0, 10, 2162.35, 12368661
1668325095, 4, 90, 285, 136, 0, 2.40%, 0, 0, 10, 2249.11, 12402568
1668325100, 4, 92, 285, 135, 0, 2.40%, 0, 0, 10, 2303.08, 12414269
1668325105, 4, 94, 285, 134, 0, 2.40%, 0, 0, 10, 2313.96, 12426067
1668325115, 4, 101, 285, 133, 0, 2.40%, 0, 0, 10, 2315.50, 12449383
1668325120, 4, 103, 285, 132, 0, 2.40%, 0, 0, 10, 2326.98, 12461402
1668325125, 4, 105, 285, 131, 0, 2.40%, 0, 0, 10, 2263.29, 12472694
1668325130, 4, 108, 285, 130, 0, 2.40%, 0, 0, 10, 2260.96, 12483980
1668325140, 4, 115, 285, 129, 0, 2.40%, 0, 0, 10, 2314.65, 12507778
1668325146, 4, 128, 285, 128, 0, 2.40%, 0, 0, 10, 2313.51, 12519677
1668325151, 4, 130, 286, 129, 0, 2.40%, 0, 0, 10, 2182.53, 12530482
1668325166, 4, 151, 287, 129, 0, 2.40%, 0, 0, 10, 2174.88, 12563620
1668325181, 4, 163, 287, 128, 0, 2.40%, 0, 0, 10, 2194.72, 12597782
1668325192, 4, 171, 288, 128, 0, 2.40%, 0, 0, 10, 2216.30, 12620452
1668325202, 4, 179, 288, 127, 0, 2.40%, 0, 0, 10, 2240.92, 12643347
1668325212, 4, 185, 289, 127, 0, 2.40%, 0, 0, 10, 2249.84, 12665957
1668325217, 4, 185, 290, 128, 0, 2.40%, 0, 0, 10, 2206.38, 12677202
1668325227, 4, 265, 291, 128, 1, 2.40%, 0, 0, 10, 2245.44, 12700326
1668329558, 4, 280, 291, 127, 1, 2.40%, 0, 0, 10, 481.48, 14362517
1668329685, 4, 280, 295, 131, 1, 2.40%, 0, 0, 11, 672.04, 14419200
1668329690, 4, 280, 296, 132, 1, 2.40%, 0, 0, 11, 894.63, 14424118
1668329695, 4, 280, 297, 133, 1, 2.40%, 0, 0, 11, 962.66, 14429167
1668329710, 4, 290, 298, 133, 1, 2.40%, 0, 0, 11, 1583.78, 14446621
1668329726, 4, 291, 298, 132, 0, 2.40%, 0, 0, 11, 256.62, 14474587
1668330103, 4, 291, 303, 137, 0, 2.40%, 0, 0, 12, 424.88, 14573865
1668330114, 4, 291, 304, 138, 0, 2.40%, 0, 0, 12, 569.55, 14579693
1668330119, 4, 291, 305, 139, 0, 2.40%, 0, 0, 12, 570.89, 14582572
1668330124, 4, 291, 307, 141, 0, 2.40%, 0, 0, 12, 567.58, 14585360
1668330129, 4, 291, 308, 142, 0, 2.40%, 0, 0, 12, 568.86, 14588250
1668330134, 4, 291, 309, 143, 0, 2.40%, 0, 0, 12, 576.22, 14591162
1668330144, 4, 291, 310, 144, 0, 2.40%, 0, 0, 12, 556.23, 14596934
1668330149, 4, 295, 310, 143, 0, 2.40%, 0, 0, 12, 273.31, 14597972
1668331158, 4, 295, 312, 145, 0, 2.40%, 0, 0, 12, 261.26, 14783632
1668331163, 4, 295, 313, 146, 0, 2.40%, 0, 0, 12, 323.37, 14785414
1668331168, 4, 295, 314, 147, 0, 2.40%, 0, 0, 12, 351.64, 14787198
1668331178, 4, 295, 315, 148, 0, 2.40%, 0, 0, 12, 345.75, 14790722
1668331183, 4, 295, 316, 149, 0, 2.40%, 0, 0, 12, 341.58, 14792476
1668331204, 4, 295, 317, 150, 0, 2.40%, 0, 0, 12, 346.41, 14799552
1668331229, 4, 307, 317, 149, 0, 2.40%, 0, 0, 12, 450.16, 14808867
1668331270, 4, 307, 318, 150, 0, 2.41%, 0, 0, 13, 532.12, 14831153
1668331399, 4, 307, 319, 151, 0, 2.41%, 0, 0, 13, 724.60, 14903647
1668331415, 4, 307, 320, 152, 0, 2.41%, 0, 0, 13, 1039.19, 14919679
1668331420, 4, 317, 320, 151, 1, 2.41%, 0, 0, 13, 689.61, 14922956
1668331425, 4, 317, 321, 152, 1, 2.41%, 0, 0, 14, 572.15, 14925720
1668331600, 4, 320, 321, 151, 1, 2.41%, 0, 0, 14, 699.25, 15026554
1668331781, 5, 10, 321, 150, 0, 2.41%, 0, 0, 14, 1764.67, 15137400
1668331791, 5, 13, 321, 149, 0, 2.41%, 0, 0, 14, 2214.77, 15160206
1668331806, 5, 22, 321, 148, 0, 2.41%, 0, 0, 14, 2200.08, 15194238
1668331822, 5, 34, 321, 147, 0, 2.41%, 0, 0, 14, 2253.12, 15228267
1668331827, 5, 45, 321, 146, 0, 2.41%, 0, 0, 14, 2291.51, 15239964
1668331842, 5, 50, 321, 145, 0, 2.41%, 0, 0, 14, 2230.29, 15273801
1668331852, 5, 53, 321, 144, 0, 2.41%, 0, 0, 14, 2226.28, 15296516
1668331868, 5, 71, 321, 143, 0, 2.41%, 0, 0, 14, 2242.58, 15330741
1668331873, 5, 76, 321, 143, 0, 2.41%, 0, 0, 14, 2241.57, 15342067
1668331878, 5, 78, 321, 142, 0, 2.41%, 0, 0, 14, 2204.04, 15353314
1668331883, 5, 97, 321, 142, 0, 2.41%, 0, 0, 14, 2292.72, 15364894
1668331888, 5, 107, 321, 141, 0, 2.41%, 0, 0, 14, 2310.10, 15376733
1668331893, 5, 110, 321, 140, 0, 2.41%, 0, 0, 14, 2300.46, 15388628
1668331909, 5, 114, 322, 140, 0, 2.41%, 0, 0, 14, 2280.73, 15423109
1668331919, 5, 116, 322, 139, 0, 2.41%, 0, 0, 14, 2244.91, 15446258
1668331929, 5, 124, 322, 138, 0, 2.41%, 0, 0, 14, 2216.76, 15469252
1668331940, 5, 128, 322, 137, 0, 2.41%, 0, 0, 14, 2231.72, 15492218
1668331945, 5, 138, 322, 137, 0, 2.41%, 0, 0, 14, 2226.65, 15503364
1668331955, 5, 147, 322, 136, 0, 2.41%, 0, 0, 14, 2196.23, 15526149
1668331970, 5, 153, 322, 135, 0, 2.41%, 0, 0, 14, 2294.92, 15560370
1668331975, 5, 161, 322, 134, 0, 2.41%, 0, 0, 14, 2215.93, 15571827
1668331991, 5, 167, 322, 133, 0, 2.41%, 0, 0, 14, 2177.20, 15605579
1668332001, 5, 169, 322, 132, 0, 2.41%, 0, 0, 14, 2227.70, 15628225
1668332011, 5, 180, 322, 131, 0, 2.41%, 0, 0, 14, 2320.15, 15651944
1668332016, 5, 183, 323, 132, 1, 2.41%, 0, 0, 14, 2221.73, 15663035
1668332032, 5, 294, 323, 131, 1, 2.41%, 0, 0, 14, 225.02, 15689550
1668333037, 5, 322, 323, 130, 1, 2.41%, 0, 0, 14, 2147.04, 15905610
1668333053, 6, 15, 323, 129, 0, 2.41%, 0, 0, 14, 2236.09, 15939805
1668333068, 6, 17, 323, 128, 0, 2.41%, 0, 0, 14, 2214.47, 15974255
1668333079, 6, 36, 323, 127, 0, 2.41%, 0, 0, 14, 2269.14, 15997477
1668333084, 6, 51, 323, 127, 0, 2.41%, 0, 0, 14, 2175.97, 16008413
1668333099, 6, 66, 323, 126, 0, 2.41%, 0, 0, 14, 2223.00, 16042029
1668333104, 6, 93, 324, 127, 0, 2.41%, 0, 0, 14, 2266.07, 16053662
1668333109, 6, 104, 324, 126, 0, 2.41%, 0, 0, 14, 2262.67, 16065200
1668333124, 6, 106, 324, 125, 0, 2.41%, 0, 0, 14, 2225.97, 16098805
1668333130, 6, 142, 324, 125, 0, 2.41%, 0, 0, 14, 2165.61, 16110060
1668333145, 6, 142, 325, 126, 0, 2.41%, 0, 0, 14, 2217.79, 16143679
1668333150, 6, 324, 325, 125, 1, 2.41%, 0, 0, 14, 2173.10, 16154619
1668333165, 6, 324, 326, 126, 1, 2.41%, 0, 0, 14, 2265.20, 16188306
1668333176, 6, 325, 326, 125, 1, 2.41%, 0, 0, 14, 2286.29, 16212004
1668333181, 6, 325, 327, 126, 1, 2.41%, 0, 0, 14, 2236.73, 16223466
1668333196, 6, 326, 327, 125, 1, 2.41%, 0, 0, 14, 2238.01, 16257662
1668333211, 7, 11, 327, 124, 0, 2.41%, 0, 0, 14, 2260.19, 16292052
1668333227, 7, 12, 327, 123, 0, 2.41%, 0, 0, 14, 2211.62, 16325868
1668333242, 7, 29, 327, 122, 0, 2.41%, 0, 0, 14, 2251.34, 16360036
1668333247, 7, 35, 327, 122, 0, 2.41%, 0, 0, 14, 2244.84, 16371288
1668333257, 7, 71, 327, 121, 0, 2.41%, 0, 0, 14, 2264.98, 16394541
1668333262, 7, 86, 327, 121, 0, 2.41%, 0, 0, 14, 2291.56, 16405908
1668333267, 7, 91, 327, 120, 0, 2.41%, 0, 0, 14, 2315.15, 16417841
1668333272, 7, 131, 328, 120, 0, 2.41%, 0, 0, 14, 2300.49, 16429431
1668333277, 7, 137, 328, 120, 0, 2.41%, 0, 0, 14, 2245.80, 16440559
1668333282, 7, 146, 328, 119, 0, 2.41%, 0, 0, 14, 2212.31, 16451749
1668333298, 7, 146, 329, 120, 0, 2.42%, 0, 0, 14, 2191.04, 16484785
1668333303, 7, 312, 329, 119, 1, 2.42%, 0, 0, 14, 76.75, 16489103
1668339138, 7, 328, 330, 119, 1, 2.42%, 0, 0, 14, 1152.92, 16934786
1668339164, 7, 328, 331, 120, 1, 2.42%, 0, 0, 14, 2284.42, 16991911
1668339169, 7, 329, 331, 119, 1, 2.42%, 0, 0, 14, 2195.84, 17002856
1668339189, 7, 330, 331, 118, 0, 2.42%, 0, 0, 14, 2214.24, 17047609
1668339199, 7, 330, 332, 119, 0, 2.42%, 0, 0, 14, 2197.54, 17069719
1668339210, 7, 330, 333, 120, 0, 2.42%, 0, 0, 14, 2240.79, 17092093
1668339220, 7, 331, 333, 119, 0, 2.42%, 0, 0, 14, 2211.85, 17114971
1668339240, 7, 331, 334, 120, 0, 2.42%, 0, 0, 14, 2240.47, 17159703
1668339245, 7, 331, 335, 121, 0, 2.42%, 0, 0, 14, 2266.65, 17171389
1668339250, 7, 332, 336, 121, 0, 2.42%, 0, 0, 14, 2198.14, 17182446
1668339281, 8, 61, 336, 120, 0, 2.42%, 0, 0, 14, 2235.09, 17250099
1668339286, 8, 109, 337, 121, 0, 2.42%, 0, 0, 14, 2177.95, 17261077
1668339291, 8, 155, 337, 121, 0, 2.42%, 0, 0, 14, 2156.02, 17272170
1668339301, 8, 155, 338, 122, 0, 2.42%, 0, 0, 14, 2170.96, 17294042
1668339311, 8, 195, 338, 121, 0, 2.42%, 0, 0, 14, 2261.71, 17316605
1668339327, 8, 297, 339, 121, 1, 2.42%, 0, 0, 14, 2177.15, 17350730
1668340285, 8, 338, 339, 120, 1, 2.42%, 0, 0, 14, 529.63, 17514797
1668340290, 8, 338, 340, 121, 1, 2.42%, 0, 0, 14, 1061.29, 17520548
1668340310, 8, 338, 343, 124, 1, 2.42%, 0, 0, 14, 1521.50, 17544856
1668340326, 8, 339, 343, 123, 1, 2.42%, 0, 0, 14, 1677.44, 17572721
1668340366, 8, 339, 344, 124, 1, 2.42%, 0, 0, 14, 680.20, 17598691
1668340371, 8, 339, 345, 125, 1, 2.42%, 0, 0, 14, 1288.57, 17606091
1668340376, 8, 339, 346, 126, 1, 2.42%, 0, 0, 14, 1382.06, 17613176
1668340387, 8, 341, 346, 125, 0, 2.42%, 0, 0, 14, 817.51, 17624311
1668340540, 8, 341, 347, 126, 0, 2.42%, 0, 0, 14, 788.18, 17692758
1668340550, 8, 342, 347, 125, 0, 2.42%, 0, 0, 14, 790.36, 17701416
1668340638, 8, 343, 347, 124, 0, 2.42%, 0, 0, 14, 538.47, 17750508
1668340755, 8, 343, 348, 125, 0, 2.42%, 0, 0, 14, 534.14, 17791792
1668340771, 9, 36, 348, 124, 0, 2.42%, 0, 0, 14, 1730.25, 17809561
1668340776, 9, 67, 348, 124, 0, 2.42%, 0, 0, 14, 2104.11, 17820652
1668340791, 9, 68, 348, 123, 0, 2.42%, 0, 0, 14, 2202.82, 17854150
1668340806, 9, 76, 348, 122, 0, 2.42%, 0, 0, 14, 2242.87, 17887963
1668340811, 9, 89, 348, 122, 0, 2.42%, 0, 0, 14, 2278.99, 17899310
1668340816, 9, 112, 348, 121, 0, 2.42%, 0, 0, 14, 2299.22, 17910945
1668340832, 9, 125, 348, 120, 0, 2.42%, 0, 0, 14, 2214.16, 17945953
1668340847, 9, 134, 348, 119, 0, 2.42%, 0, 0, 14, 2185.24, 17979880
1668340857, 9, 150, 348, 118, 0, 2.42%, 0, 0, 14, 2205.12, 18002481
1668340862, 9, 162, 348, 118, 0, 2.42%, 0, 0, 14, 2189.37, 18013836
1668340878, 9, 184, 348, 117, 0, 2.42%, 0, 0, 14, 2254.93, 18047722
1668340883, 9, 187, 348, 117, 0, 2.42%, 0, 0, 14, 2236.12, 18059350
1668340893, 9, 191, 348, 116, 0, 2.42%, 0, 0, 14, 2245.46, 18081924
1668340908, 9, 193, 348, 115, 0, 2.42%, 0, 0, 14, 2239.94, 18115872
1668340913, 9, 205, 348, 115, 0, 2.42%, 0, 0, 14, 2231.33, 18127203
1668340919, 9, 205, 349, 116, 0, 2.42%, 0, 0, 14, 2219.61, 18138662
1668340929, 9, 210, 349, 115, 0, 2.42%, 0, 0, 14, 2294.05, 18161639
1668340939, 9, 223, 349, 114, 0, 2.42%, 0, 0, 14, 2260.68, 18185396
1668340954, 9, 233, 349, 113, 0, 2.42%, 0, 0, 14, 2242.67, 18219393
1668340965, 9, 237, 349, 112, 0, 2.42%, 0, 0, 14, 2272.80, 18242513
1668340970, 9, 240, 349, 112, 0, 2.42%, 0, 0, 14, 2308.01, 18254378
1668340975, 9, 240, 350, 113, 0, 2.42%, 0, 0, 14, 2315.07, 18266375
1668340980, 9, 246, 350, 112, 0, 2.42%, 0, 0, 14, 2306.76, 18278026
1668341006, 9, 246, 351, 113, 0, 2.42%, 0, 0, 14, 2271.01, 18336720
1668341011, 9, 253, 351, 112, 0, 2.42%, 0, 0, 14, 2256.12, 18348185
1668341041, 9, 260, 351, 111, 0, 2.42%, 0, 0, 14, 2041.75, 18416612
1668341837, 9, 266, 351, 110, 0, 2.42%, 0, 0, 14, 381.22, 20066153
1668346174, 9, 267, 351, 109, 0, 2.42%, 0, 0, 14, 578.32, 21730397
1668350499, 9, 272, 351, 108, 0, 2.42%, 0, 0, 14, 791.74, 23393987
1668350616, 9, 275, 351, 107, 0, 2.42%, 0, 0, 14, 671.33, 23439841
1668351552, 9, 275, 352, 108, 0, 2.42%, 0, 0, 14, 209.92, 23608195
1668351557, 9, 275, 353, 109, 0, 2.42%, 0, 0, 14, 286.96, 23609708
1668351572, 9, 276, 353, 108, 0, 2.42%, 0, 0, 14, 283.77, 23614227
1668352514, 9, 276, 354, 109, 0, 2.42%, 0, 0, 14, 292.79, 23814869
1668352530, 9, 277, 354, 108, 0, 2.42%, 0, 0, 14, 323.42, 23820792
1668352708, 9, 277, 356, 110, 0, 2.42%, 0, 0, 14, 485.03, 23867001
1668352724, 9, 277, 357, 111, 0, 2.42%, 0, 0, 14, 714.68, 23878034
1668352744, 9, 283, 357, 110, 0, 2.42%, 0, 0, 14, 1678.87, 23897549
1668352764, 9, 288, 359, 111, 0, 2.42%, 0, 0, 14, 2213.95, 23942736
1668352775, 9, 288, 360, 112, 0, 2.42%, 0, 0, 14, 2204.49, 23965626
1668352785, 9, 288, 361, 113, 0, 2.42%, 0, 0, 14, 2297.94, 23989038
1668352795, 9, 289, 361, 112, 0, 2.42%, 0, 0, 14, 2229.19, 24011999
1668352805, 9, 289, 362, 113, 0, 2.42%, 0, 0, 14, 2251.32, 24034586
1668352816, 9, 289, 363, 114, 0, 2.42%, 0, 0, 14, 2297.10, 24058286
1668352821, 9, 301, 363, 113, 0, 2.42%, 0, 0, 14, 95.61, 24063737
1668355743, 9, 303, 363, 112, 0, 2.42%, 0, 0, 14, 232.50, 24341404
1668356094, 9, 303, 364, 113, 0, 2.42%, 0, 0, 14, 679.54, 24491885
1668356115, 9, 304, 364, 112, 0, 2.42%, 0, 0, 14, 121.86, 24506636
1668358321, 9, 321, 364, 111, 0, 2.42%, 0, 0, 14, 1241.33, 24769914
1668358326, 9, 321, 365, 112, 0, 2.42%, 0, 0, 14, 2083.00, 24781723
1668358331, 9, 321, 366, 113, 0, 2.42%, 0, 0, 14, 2237.85, 24793125
1668358336, 9, 364, 367, 113, 1, 2.42%, 0, 0, 14, 2216.99, 24804601
1668358346, 9, 364, 368, 114, 1, 2.42%, 0, 0, 14, 2251.85, 24827344
1668358362, 9, 366, 369, 114, 1, 2.42%, 0, 0, 14, 2216.45, 24862410
1668358367, 9, 366, 370, 115, 1, 2.42%, 0, 0, 14, 2224.42, 24873925
1668358372, 9, 366, 372, 117, 1, 2.42%, 0, 0, 14, 2247.85, 24885220
1668358377, 9, 366, 373, 118, 1, 2.42%, 0, 0, 14, 2271.56, 24896986
1668358387, 9, 371, 373, 117, 1, 2.42%, 0, 0, 14, 2222.27, 24920348
1668358393, 9, 371, 374, 118, 1, 2.42%, 0, 0, 14, 2225.51, 24931820
1668358403, 10, 6, 374, 117, 0, 2.42%, 0, 0, 14, 2272.93, 24954952
1668358408, 10, 30, 374, 117, 0, 2.42%, 0, 0, 14, 2215.53, 24966230
1668358429, 10, 59, 374, 116, 0, 2.42%, 0, 0, 14, 2211.86, 25011270
1668358434, 10, 80, 374, 116, 0, 2.42%, 0, 0, 14, 2177.81, 25022445
1668358439, 10, 111, 374, 116, 0, 2.42%, 0, 0, 14, 2278.44, 25034017
1668358449, 10, 170, 374, 115, 0, 2.42%, 0, 0, 14, 2229.91, 25056907
1668358454, 10, 177, 374, 115, 0, 2.42%, 0, 0, 14, 2212.59, 25068353
1668358464, 10, 189, 374, 114, 0, 2.42%, 0, 0, 14, 2219.26, 25091394
1668358485, 10, 194, 374, 113, 0, 2.42%, 0, 0, 14, 2221.30, 25136206
1668358505, 10, 203, 374, 112, 0, 2.42%, 0, 0, 14, 2214.66, 25181204
1668358520, 10, 216, 374, 111, 0, 2.42%, 0, 0, 14, 2270.33, 25215186
1668358525, 10, 221, 374, 111, 0, 2.42%, 0, 0, 14, 2296.33, 25226914
1668358536, 10, 222, 374, 110, 0, 2.42%, 0, 0, 14, 2248.32, 25249845
1668358546, 10, 230, 374, 109, 0, 2.42%, 0, 0, 14, 2257.62, 25272565
1668358551, 10, 242, 374, 109, 0, 2.42%, 0, 0, 14, 2282.32, 25284294
1668358566, 10, 245, 374, 108, 0, 2.42%, 0, 0, 14, 2288.60, 25319768
1668358582, 10, 249, 374, 107, 0, 2.42%, 0, 0, 14, 2288.45, 25354915
1668358597, 10, 263, 374, 106, 0, 2.42%, 0, 0, 14, 2122.12, 25389863
1668362930, 10, 268, 374, 105, 0, 2.42%, 0, 0, 14, 594.06, 27055115
1668367267, 10, 268, 375, 106, 0, 2.42%, 0, 0, 14, 608.79, 28717006
1668367272, 10, 270, 375, 105, 0, 2.42%, 0, 0, 14, 561.03, 28719928
1668367277, 10, 281, 375, 105, 0, 2.42%, 0, 0, 14, 510.79, 28723149
1668367543, 10, 285, 375, 104, 0, 2.42%, 0, 0, 14, 1514.87, 28824443
1668367568, 10, 287, 375, 103, 0, 2.42%, 0, 0, 14, 2247.89, 28880093
1668367579, 10, 287, 378, 106, 0, 2.42%, 0, 0, 14, 2260.27, 28903162
1668367594, 10, 296, 378, 105, 0, 2.42%, 0, 0, 14, 142.05, 28928741
1668371455, 10, 296, 379, 106, 0, 2.42%, 0, 0, 14, 213.46, 29474437
1668371470, 10, 310, 379, 105, 0, 2.42%, 0, 0, 14, 208.97, 29477705
1668375806, 10, 310, 380, 106, 0, 2.43%, 0, 0, 14, 103.54, 29927099
1668376201, 10, 379, 380, 105, 1, 2.43%, 0, 0, 14, 123.14, 29968993
1668376272, 10, 379, 381, 106, 1, 2.43%, 0, 0, 14, 103.47, 29976384
1668380282, 10, 379, 382, 107, 1, 2.43%, 0, 0, 14, 103.09, 30392434
1668380880, 10, 379, 384, 109, 1, 2.43%, 0, 0, 14, 117.65, 30454680
1668380901, 10, 379, 385, 110, 1, 2.43%, 0, 0, 14, 158.81, 30457922
1668380946, 10, 379, 386, 111, 1, 2.43%, 0, 0, 14, 154.22, 30465235
1668380966, 10, 379, 387, 112, 1, 2.43%, 0, 0, 14, 177.25, 30468456
1668380971, 10, 379, 388, 113, 1, 2.44%, 0, 0, 14, 158.91, 30469244
1668380997, 10, 379, 389, 114, 1, 2.44%, 0, 0, 14, 163.27, 30473242
1668381032, 10, 379, 390, 115, 1, 2.44%, 0, 0, 14, 163.18, 30478899
1668381037, 10, 380, 390, 114, 3, 2.44%, 0, 0, 14, 123.06, 30479504
1668385724, 10, 380, 391, 115, 3, 2.44%, 0, 0, 15, 121.39, 30965155
1668385734, 10, 380, 392, 116, 3, 2.45%, 0, 0, 15, 154.25, 30966788
1668385831, 10, 387, 392, 115, 3, 2.45%, 0, 0, 15, 370.45, 30983447
1668386284, 10, 387, 395, 118, 3, 2.45%, 0, 0, 15, 507.19, 31174802
1668386294, 10, 387, 397, 120, 3, 2.45%, 0, 0, 15, 678.09, 31181597
1668386334, 10, 388, 397, 119, 3, 2.45%, 0, 0, 15, 320.47, 31207292
1668386749, 10, 388, 398, 120, 3, 2.45%, 0, 0, 15, 171.85, 31276037
1668388245, 10, 391, 398, 119, 2, 2.45%, 0, 0, 15, 191.14, 31528115
1668390083, 10, 391, 399, 120, 2, 2.45%, 0, 0, 16, 267.27, 31833583
1668390093, 10, 391, 400, 121, 2, 2.45%, 0, 0, 16, 290.57, 31836546
1668390195, 10, 392, 400, 120, 2, 2.45%, 0, 0, 16, 488.39, 31867579
1668390560, 10, 399, 400, 119, 1, 2.45%, 0, 0, 16, 886.55, 32072930
1668390565, 10, 399, 401, 120, 1, 2.45%, 0, 0, 17, 917.58, 32077584
1668390621, 10, 400, 401, 119, 1, 2.45%, 0, 0, 17, 1208.68, 32136880
1668390676, 11, 0, 401, 118, 0, 2.45%, 0, 0, 17, 1716.10, 32196917
1668390682, 11, 36, 401, 118, 0, 2.45%, 0, 0, 17, 2189.31, 32208929
1668390687, 11, 72, 401, 118, 0, 2.45%, 0, 0, 17, 2261.13, 32220507
1668390692, 11, 85, 401, 118, 0, 2.45%, 0, 0, 17, 2271.94, 32231786
1668390697, 11, 87, 401, 117, 0, 2.45%, 0, 0, 17, 2325.64, 32243708
1668390702, 11, 99, 401, 116, 0, 2.45%, 0, 0, 17, 2332.86, 32255617
1668390712, 11, 118, 401, 115, 0, 2.45%, 0, 0, 17, 2327.94, 32279699
1668390723, 11, 139, 401, 114, 0, 2.45%, 0, 0, 17, 2262.47, 32303181
1668390728, 11, 160, 401, 114, 0, 2.45%, 0, 0, 17, 2217.08, 32314256
1668390743, 11, 168, 401, 113, 0, 2.45%, 0, 0, 17, 2201.34, 32347858
1668390763, 11, 175, 401, 112, 0, 2.45%, 0, 0, 17, 2285.66, 32392512
1668390773, 11, 181, 401, 111, 0, 2.45%, 0, 0, 17, 2313.31, 32416163
1668390778, 11, 192, 401, 111, 0, 2.45%, 0, 0, 17, 2284.09, 32427738
1668390799, 11, 196, 401, 110, 0, 2.45%, 0, 0, 17, 2236.93, 32473548
1668390814, 11, 206, 401, 109, 0, 2.45%, 0, 0, 17, 2304.08, 32508253
1668390819, 11, 211, 401, 109, 0, 2.45%, 0, 0, 17, 2317.25, 32520111
1668390829, 11, 214, 401, 108, 0, 2.45%, 0, 0, 17, 2315.93, 32544057
1668390845, 11, 224, 401, 107, 0, 2.45%, 0, 0, 17, 2309.72, 32579542
1668390860, 11, 232, 401, 106, 0, 2.45%, 0, 0, 17, 2266.58, 32614895
1668390870, 11, 232, 402, 107, 0, 2.45%, 0, 0, 17, 2267.27, 32637864
1668390875, 11, 350, 402, 106, 1, 2.45%, 0, 0, 17, 2283.57, 32649622
1668390957, 11, 350, 403, 107, 1, 2.45%, 0, 0, 17, 2238.88, 32833989
1668390973, 11, 401, 403, 106, 1, 2.45%, 0, 0, 17, 2231.03, 32868608
1668390983, 11, 401, 404, 107, 1, 2.45%, 0, 0, 17, 2279.77, 32891416
1668390998, 12, 32, 404, 106, 0, 2.45%, 0, 0, 17, 2308.89, 32926967
1668391003, 12, 54, 404, 106, 0, 2.45%, 0, 0, 17, 2246.66, 32938339
1668391019, 12, 63, 404, 105, 0, 2.45%, 0, 0, 17, 2237.45, 32972562
1668391024, 12, 95, 404, 105, 0, 2.45%, 0, 0, 17, 2245.74, 32984006
1668391029, 12, 147, 404, 105, 0, 2.45%, 0, 0, 17, 2186.97, 32995402
1668391034, 12, 154, 404, 105, 0, 2.45%, 0, 0, 17, 2183.90, 33006867
1668391049, 12, 166, 404, 104, 0, 2.45%, 0, 0, 17, 2230.82, 33040229
1668391054, 12, 186, 404, 104, 0, 2.45%, 0, 0, 17, 2291.33, 33052126
1668391059, 12, 200, 404, 104, 0, 2.45%, 0, 0, 17, 2300.61, 33063871
1668391065, 12, 209, 404, 104, 0, 2.45%, 0, 0, 17, 2299.34, 33075664
1668391070, 12, 220, 404, 104, 0, 2.45%, 0, 0, 17, 2211.17, 33086862
1668391090, 12, 230, 404, 103, 0, 2.45%, 0, 0, 17, 2269.00, 33132309
1668391095, 12, 241, 404, 103, 0, 2.45%, 0, 0, 17, 2293.02, 33144070
1668391106, 12, 243, 404, 102, 0, 2.45%, 0, 0, 17, 2307.61, 33167935
1668391116, 12, 250, 404, 101, 0, 2.45%, 0, 0, 17, 2256.12, 33191499
1668391147, 12, 257, 404, 100, 0, 2.45%, 0, 0, 17, 2289.30, 33262401
1668391173, 12, 273, 404, 99, 0, 2.45%, 0, 0, 17, 334.33, 33314028
1668391509, 12, 274, 404, 98, 0, 2.45%, 0, 0, 17, 401.07, 33406251
1668391828, 12, 278, 404, 97, 0, 2.45%, 0, 0, 17, 704.50, 33479775
1668391833, 12, 279, 404, 97, 0, 2.45%, 0, 0, 17, 599.66, 33482921
1668392382, 12, 306, 404, 96, 0, 2.45%, 0, 0, 17, 124.91, 33783770
1668395847, 12, 308, 404, 95, 0, 2.45%, 0, 0, 17, 192.86, 34215170
1668398139, 12, 308, 405, 96, 0, 2.45%, 0, 0, 17, 102.39, 34439871
1668399036, 12, 313, 405, 95, 0, 2.45%, 0, 0, 17, 164.23, 34529398
1668403813, 12, 319, 405, 94, 0, 2.45%, 0, 0, 17, 490.76, 34941510
