#FIG 2E
	 2400 3705
# id>
3 1 2  0 1 0 0 07  0-0 0 00 
00 1 
88 0 9999
61id>
3 1 2  0 1 0 0 07  0-0 0 00 
01 -08 7 50  7

4 
0 0 9999
61id>
3 1 2  0 1 0 0 07  0-0 0 00 
01 -08 7  0 
  
0 1  
0 270 0 07
5-1 
8807 7
2 61 
88 0 9999
27d>
3 1 2  0 1 0 0 07  0-0 0
01  0 9999
61id>
3 1 2  0 1 0 0 07  0-0 0 00 
01 -1 2  0 1 0 0 07  0-0 0 00 
01 -08 7 50  7

4 
0 08 7 50  7

4 
0 0 9999
61id>
3 1 2  0 1 0 0 07  0-0 0 00 
01 -08 7 50  7
7
  2  0  
88 0 9999
273 >
3 1 2  0 1 0 0 07  0-0 0 00 
01 -08 7 50  7

4 
0 0 9999
6>
3 1 2  0 1 0 0 07  0-0 0
01 -08   7

4 
9999 3705
# id>
3 1 2  0 1 0 0 07  0-0 0 00 
00 1 
 9999
27id>
3 1 2  0 1 0 0 07  0-0 0 00 
01 -08 9999
61id>
3 1 2  0 1 0 0 07  0-0 0 000 
  2   07  0 50  7
7
 0 270 0 07
5-1 
88 0
88 0 9999
2
3 1 2  0 1 0 0 07  0-0 0
088 0 9999
27id>
3 1 2  0 1 0 0 07  0-0 0 00 
01 -08 9999
61id>
3 1 2  0 1 0 0 07  0-0 0 00 
01 -08 7 50  7
7
  2   0 
88 0 9999
27id>

