#FIG 3.2  Produced by xfig version 3.2.5c
Landscape
Center
Inches
Letter
100.00
Single
-2
1200 2
0 32 #cacefe
0 33 #c68cc6
2 2 0 0 -1 32 51 -1 20 0.000 0 0 -1 0 0 5
	 0 0 7410 0 7410 1200 0 1200 0 0
2 5 0 1 -1 -1 50 -1 -1 0.000 0 0 -1 0 0 5
	0 @srcdir@/xfig-logo.png
	 150 120 1110 120 1110 1080 150 1080 150 120
2 2 0 0 -1 33 52 -1 20 0.000 0 0 -1 0 0 5
	 75 75 7485 75 7485 1275 75 1275 75 75
4 0 -1 50 -1 27 24 0.0000 4 285 2850 1350 1000 Version @PACKAGE_VERSION@\001
4 2 -1 50 -1 19 22 0.0000 4 345 2130 7050 1000 @RELEASE_DATE@\001
4 0 -1 50 -1 27 28 0.0000 4 435 4215 1350 450 Xfig User Manual\001
