#FIG 3.00.00500 4920 7920 4995 7980 5055 79055 
5 1320
60
550 3750
3 2 0 9 5 7 0 0 -1 0 0 1 1 4
	3 1 4.40.00.00
	2 1 6.60.00.035 
505
5 1 0 1 80
5 1 0 1 -1 -1 0 0 -1 0 0 0 0 0 3440 7900 3510 7920 34-1 0 20
5 1 0 1 -1 -1 0 0 -1 0 0 1 0 0 3900 6500 3990 6855 3930 6900 3990 6960
5 1 0 1 -1 -1 0 0 -1 0 0 0 0 0 7970 6340 7995 6225 8070 6300 8 412
4 0 -1 0 0 0 12 0. 0 180 2520 6675 5
5 
6 30
5
	 38
2 1
	 30
2
2325
2 1
	 40
2 2
	 700
0 2
2700
2 1
	 300
2 2
	00
2 2
	00
-6
6 5
3 
	 45
	 0
3 
	 45
	 0
-6
6 35
2 2
	 
2 1
	 3
2 1
	 3
-6
465
 3
	465
000
 3
	465
000
-6
6185
0 2
585
 0 2
	 45
-6
6 355
55
2 2
	 830
0 2
5
2 2
	 355
0 2
 5
2 2
6
-6
0
5 
2 1
	 400
2 2
5
2 1
	 425
2 2
	2400
2 1
	 6Q0
2 2
	 802
2 1
	 400
2 2
	2700
2 1
	 800
-6
6 355
35
2 2
	4830đ 1
	 555
2 2
	 532
2 1
	 415
2 2
	5070
-6
90議2
	 40
20 2
0
2 2
	 485
0 2
5
2 2
	 470
 5
	55
25
	 5
2 2
	 055
0 2
5
2 2
	 500
0 2
0
2 
	 2465
0 2
0
2 2
	 720
0 2
5
2 2
	 600
0 2
0
2 2
	 285
0 2
0
2 2
	 850
0 2
5
2 2
	 940
0 2
5
2 2
	 895
0
2 
	 4
2 1
	 315
2 2
	9765
2 1
	 365
2 2
	00
2 2
	0
2 2
	 
2 1
	 360
2 2
	9450
2 1
	 360
2 2
	 291
2 1
	 315
2 2
	9240
2 1
	 370
2 2
	 414
2 1
	 465
2 2
	9045
2 1
	1
	 370
2 2
	 414
2 1
	 465
2 2
	9045
2 1
	 645
2 2
	 622
2 1
	 655
2 2
	9285
2 1
	 640
2 2
	 619
2 1
	 680
2 2
	9480
2 1
	 270
2 2
	 382
2 1
	 300
2 2
	0
2 2
	 450
0 2
	 42
2 1
	 4
2 1
	 45
2 2
	 40
2 2
	7305
2 1
	 0
0 2
6330
2 1
	 4
2 1
	 45
2 2
	 40
2 2
	 246
2 1
	 265
2 2
	7725
 16\001