#FIG 2.2
La2-0
50
5 6960
5 1 0 1 -1 -1 0 0 -1 0 0 0 0 0 7970 6340 7995 6225 8070 6300 80675 401
4 0 -1 0 0 0 12 00 0 2520 6600 2325 2400
2 1
	 200
2
	 4
2 10 2
t\001
4 0 -1 0 0 0 1 -1 -1 0 0 -1 0.
	 315
2 2
	60
52
4 
5 1395
2700
2 1
	401
4 2
	88
2
2 40 5
raft\001
4 0 -1 0 0 0 1 -1 -1 0 1 0 0 2
5
2 700
0 2
0
	 240
0 2
0
2 2
	 060
0 2
5
2 2
	 045
0 2
5
2 9
	 295
0 2
5
2 2
	 285
0 2
0
2 2#	 355
02
0
2 2
	 480
0 2
0
2 2
	 715
0 2
0
2 2
	 
2 1
	 150
2 2
	330
02
405
0 2
	 45
2 1
	 40
2 2
	 305
0@2
5
2 2
	 725
0 2
0
2 2
	 950
0 2
0
2 2
	 675
0 2
5
2 2
	 435
0 2
5
2 2
	 435
0 2
0
2 2
	 975
0 2
0
2 2
	 170
0 2
5
2 2
	 330
0 2
5
2 2
	 465
0 2
0
2 2
	 305
0 2
5
2 2
	 725
0 2
0
2 2
	2
	 045
0 2
5
2 2
	 295
0 2
5
2 2
	 285
0 2
0
2 2
	 355
0 2
0
2 2
	 480
2 2
	