#FIG 2.0
80 2
5 1 0 1 0 0 0 0 0.000 0 0 0 150 197 119 199 154 159 199 199
1 3 0 1 0 0 0 0 0.000 1 0.000 159 159 5 5 159 159 159 164
2 1 1 1 0 0 0 1 0 0 0
	 159 164 159 199 9999 9999
2 1 0 1 0 0 0 0 0.000 0 0
	 159 159 159 159 9999 9999
2 1 0 1 0 0 0 0 0 0 0
	 79 79 479 79 9999 9999
2 1 0 1 0 0 0 0 0 0 0
	 199 199 479 199 9999 9999
2 1 0 1 0 0 0 0 0.000 0 0
	 74 199 119 199 9999 9999
2 1 0 1 0 0 0 0 0.000 1 0
	0 0 1.000 4 8.000
	 79 179 109 179 9999 9999
2 1 0 1 0 0 0 0 0.000 1 0
	0 0 1.000 4 8.000
	 79 164 119 164 9999 9999
2 1 0 1 0 0 0 0 0.000 1 0
	0 0 1.000 4 8.000
	 79 144 124 144 9999 9999
2 1 0 1 0 0 0 0 0.000 1 0
	0 0 1.000 4 8.000
	 79 124 114 124 9999 9999
2 1 0 1 0 0 0 0 0.000 1 0
	0 0 1.000 4 8.000
	 79 104 104 104 9999 9999
4 2 32 30 0 00 1 -1 -1 0 0 3015 6615
145
25
	 5
2 
	 550
22
	 400
 7
	 670
	 6
2 30 7
5
	 0
2 
	 670
	40
27
	 120
090
 7
	5700
	 5
2 3ĸĸ7
5
	 0
2 
	 505
	75
27
	 700
655
 7
	 517
	 57
	 655
 625
2 30 7
0
	 5
2 
	 4220
175
 7
	 628
	 6
2 10 2
0
2 
	 400
22
 075
 2
	 360
2 35
	 0
2 
	 6
2 10 2
0
2 
	 675
2
2 3 5
	00
2
	 4
2 3 5
	1500
2 3 5
	0
2 
	 5
2 3875
74
2
	 4
2 2 5
	75
2
	 4
2 2 5
	75
2
	 5
2 2 5
	75
2
	 4
2 2 5
	5
2 0 5
 75
 5
	675
5
	 0
2 0 5
100
5
	 500
5
	 
2 3 5
	9600
2 3 5
	00
2
	 545 
2 3 5
	