#FIG 3.2
Lanpe
Center
In
Letter 
100.00
le
-2
#1905
5 17520
4 1 0 1 -1 -1 0 0 -1 5895 9  420 6405
5 0
5 7
	 235
190
 7
	5205
	 5
2 30 7
0
	 5
2 
	 520
	75
27
	 
	 6
2 10 2
0
A 
	 300
22

L
Center
In
Lr 
10
le
-2
5
5 0
4 405
5 0
5 7
5
190
 7
	5205
	 5
27
0
	 5
2 
	 520
	75
27
	 
	 6
22
0
2 
	 300
22
5
4375
5
	 5
2
75
2
	 4
5
	675
5
	 &
2
100
+
	 500
5
	 
5
2
5
	00
2
	 5
5
	00
2
	 5
5
	5
2
25
2
\00q
M 1525
4375
5
	 5
2
75
2
	 4
2 2 5
	675
5
	 &
2
100
+
	 500
5
	 
2 3 5
2
2 3 5
	00
2
	 5
2 3ÿ5
	00
2
	 5
2 2 5
	5
2
25
2
	 4R\00q
M 1 - 0 0 0 0 5
	 
2 2 5
	25
2
	 4
2 2 5
	25
2
	 5
2 2 5
	25
2
	 4
2 2 5
(25
2
	 4
2 2 5
	25
2
	 4
2 2 5
	25
2
	 4
2 2 5
	5FIG 3.2
Lanpe
Center
In
Letter 
100.00
le
-2
#1905
5 175205
	 5
2 30 7
0
	 5
2 
	 520
	75
27
	 
	 6
2 10 2
0
A 
	 300
22

Lanpe
Center
In
Letter 
100.00
le
-2
#1905
5 17520
4 1 0 1 -1 -1
	 235
190
 7
	5205
	 5
2 30 7
0
	 5
2 
	 520
	75
27
	 
	 6
2 10 2
0
2 
	 300
22
( 525
4375
5
	 5
2
75
2
	 4
2 25
	675
5
	 &
2
100
+
	 500
5
	 
2 3 5
2
2 3 5
	00
2
	 5
2 3ÿ5
	00
2
	 5
2 2 5
	5
2
25
2
	 4R\00q
M 1 -1 0 0 18	 525
4375
5
	 5
2
75
2
	 4
2 2 5
	675
5
	 &
2
100
+
	 500
5
	 
2 3 5
2
2 3 5
	00
2
	 5
2 3ÿ5
	00
2
	 5
2 2 5
	5
2
25
2
	 4R\00q
M 1 -1 0 0 18 14 00 0 0 0 0 0 5
	
2 0 5
3255
	 5
2 6 5
0
2 0 5
000
5
	 0
2 0 
360
000
 3
	 445
	 0
3 00 4
0
	 000
ft\001
4 1
