#FIG 3.0500  790553333333333333333333333333!!!!!!!!!!!!!!!!!!!!!!!!!!!!!!!!!!!!!!!!!!!5!!!!!!!!!!!!!!!!!!!!!!!!!!!!!!!!!!!!!!!!!!!!!!!!!!!!!!!!!!!!!!!!!!!!!!!!!!!!!!!!!!!!!!!!!!!!!!!!!!!!!!!!!!!!!!!!!!!!!!!!!!!!!!!!!!!!!!!!!!!!!!!!!!!!!!!!!!!!!!!!!!!!!!!!!!!!!!!!!!!!!!!!!!!!!!!!!!!!!!!!!!!!!!!!!!!!!!!!!!!!!!!!!!!!!!!!!!!!!!!!!!!!!!!!!!!!!!!!!!!!!!!!!!!!!!!!!!!!!!!!!!!!!!!!!!!!!!!!!!!!!!!!!!440 325C
	000
 6
	150 8970
	 000
3 0 0 8 -1 -1 0 0 -1 0 0 0 0 3
	 2940 88670 8925 3180 8940
	 0.00p 1.000 0.000
3 0 0 1 -1 -1 0 0 -1 0 0 0 0 3
	 3270 8940 3630 8940 4140 8940
	 00 3
