#FIG 2.0
80 2
5 1 0 1 0 0 0 0 0.000 0 0 0 150 197 119 199 154 159 199 199
1 3 0 1 0 0 0 0 0.000 1 0. 00 159 159 5 5 159 159 164
2 1 1 1 0 0 0 1 4.000 0 0
	 159 164 159 199 9999 9999
2 1 0 1 0 0 0 0 0.000 0 0
	 159 159 159 159 9999 9999
2 1 0 1 0 0 0 0 0 0 0
	 79 79 479 79 9999 9999
2 1 0 1 0 0 0 0 0 0 0
	 199 199 479 199 9999 9999
2 1 0 1 0 0 0 0 0.000 0 0
	 74 199 119 199 9999 9999
2 1 0 1 0 0 0 0 0.000 1 0
	0 0 1.000 4 8.000
	 79 179 109 179 9999 9999
2 1 0 1 0 0 0 0 0.000 1 0
	0 0 1.000 4 8.000
	 79 164 119 164 9999 9999
2 1 0 1 0 0 0 0 0.000 1 0
	0 0 1.000 4 8.000
	 79 144 124 144 9999 9999
2 1 0 1 0 0 0 0 0.000 1 0
	0 0 1.000 4 8.000
	 79 104 104 104 9999  9999
2 1 0 1 0 0 0 0 0 0 0
	 199 199 479 199 9999 9999
2 1 0 1 0 0 0 0 0.000 0 0
	 74 899 119 199 9999 9999
2 1 0 1 0 0 0 0 0.000 1 0
	0 0 1.000 4 8.000
	 79 179 109 179 9999 9999
2 1 0 1 0 0 0 0 0.000 1 0
	0 0 1.000 4 8.000
	 79 164 119 164 9999 9999
2 1 0 1 0 0 0 0 0.000 1 0
	0 0 1.000 4 8.000
	 79 144 124 144 9999 9999
2 1 0 1 0 0 0 0 0.000 1 0
	0 0 1.000 4 8.000
	 7979 164 119 164 9999 9999
2 1 0 1 0 0 0 0 0.000 1 0
	0 0 1.000 4 8.000
	 79 144 124 144 9999 9999
2 1 0 1 0 0 0 0 0.000 1 0
	0 0 1.000 4 8.000
	 79 124 114 124 9999 9999
2 1 0 1 0 0 0 0 0.000 1 0
	0 0 1.000 4 8.000
	 79 104 104 104 9999  9999
2 1 0 1 0 0 0 0 0 0 0
	 199 199 479 199 9999 9999
2 1 0 1 0 0 0 0 0.000 0 0
	 74 899 119 199 9999 9999
2 1 0 1 0 0 0 0 0.000 1 0
	0 0 1.000 4 8.000
	 79 179 109 179 9999 9999
2 1 0 1 0 0 0 0 0.000 1 0
	0 0 1.000 4 8.000
	 79 164 119 164 9999 9999
2 1 0 1 0 0 0 0 0.000 1 0
	0 0 1.000 4 8.000
	 79 144 124 144 9999 9999
2 1 0 1 0 0 0 0 0.000 1 0
	0 0 1.000 4 8.000
	 79 124 114 124 9999 9999
2 1 0 1 0 0 0 0 0.000 1 0
	0 0 1.000 4 8.000
	 79 104 104 104 9999 9999
4 2 32 30 0 00 1 -1 -1 0 00 1 0.000015 30 30 2985 4095 4575 3210 4830
2 1 0 1 -1 -1 0 0 -1 0.000 0 0 -1 0 0 2
	 3165 4935 3165 5355
2 1 0 1 -1 -1 0 0 -1 0.000 0 0 -1 0 0 2
	 3150 5355 4050 5355
2 1 0 1 -1 -1 0 0 -1 0.0009 9999
2 1 0 1 0 0 0 0 0.000 1 0
	0 0 1.000 4 8.000
	 79 104 104 104 9999 9999
4 2 32 30 0 00 1 -1 -1 0 00 1 0.0000 2985 !615 30 30 2985 4095 4575 3210 4830
2 1 0 1 -1 -1 0 0 -1 0.000 0 0 -1 0 0 2
	 3165 4935 3165 5355
2 1 0 1 -1 -1 0 0 -1 0.000 0 0 -1 0 0 2
	 3150 5355 4050 5355
2 1 0 1 -1 -1 0 0 -1 0.000 0 0 -1 0 0 2
	 4050 5355 4170 5115
2 1 0 1 -1 -1 0 0 -1 0.000 0 0 -1 0 0 2
	 3165 5070 4155 5070
-6
6 4650 1470 8130 2700
5 1 0 1 -1 -1 0 0 -1 0.000 0 0 0 0 7997.505 1602.495 7995 1500 8070 1530 8100 1605
2 1 0 1 -1 -1 0 0 -1 0.000 0 0 -1 0 0 2
	 4650 1500 8025 1500
2 1 0 1 -1 -1 0 0 -1 0.000 0 0 -1 0 0 2
	 4650 1800 8025 1800
2 1 0 1 -1 -1 0 0 -1 0.000 0 0 -1 0 0 2
	 4650 2325 8025 2325
2 1 0 1 -1 -1 0 0 -1 0.000 0 0 -1 0 0 2
	 8025 2400 6150 2400
2 1 0 1 -1 -1 0 0 -1 0.000 0 0 -1 0 0 2
	 6150 2400 6150 2700
2 1 0 1 -1 -1 0 0 -1 0.000 0 0 -1 0 0 2
	 8025 2700 4650 2700
2 1 0 1 -1 -1 0 0 -10
2 2
	00
2 2
	00
-6
6 5
3 
	 45
	 0
3 
	 45
	 0
-6
6 35
2 2
	 00
5120
090
 7
	 555
	 5
 7
5
	 0
2 
5
	75
27
	 700
655
 7
	20
	75
27
	 655
625
 7
	 472
	 4
 7
0
	 5
2 
5
	90
22
	 100
 2
	 435
 2
5
2 
0
25
	 0
2 
5
22
	 305
 2
	3960
 2
0
2 
5
22
	 620
 2
	 633
 2
0
2 
5
22
	 300
 5
	00
25
	 0
2 
	 6
 2
0
2 
0
22
	 525
 2
	3450
 2
5
2 
0
27
	 775
5
	 0
2 0 5
700
5
	 0
2 0 5
0
2 0 5
00
2
	 4
5
	75
2
	 5
5
	75
2
	 4
5
	75
2
	 45
2 0 5
275
5
	 5
2 0 5
575
5
	 5
2 0 5
275
5
	 75
2
	 45
2 0 5
 675
5
	5
2 0 5
 75
5
	 
5
	75
2
	 55
2 0 5
700
5
	 0
2 0 5
0
2 0 5
00
2
0
2
	 5
5
	00
2
	 6
5
	25
2
25
5
	 
5
	5
2 0 5
25
2
	 4
5
	25
2
	 4
5
	25
2
	 5
5
	25
2
	 4
5
	25
2
	 4
5
	25
2
	 4
5
	25
2
25
5
 5
2 0 5
625
5
	 600
5
	 05
22
	 960
400
5
	 0
2 
5
	8025
	 5
 2
5
2 
5取4
	 450
 4
	6450
 2
0
2 
0
25
	 0
2 
L\001
4 1 -1 0 0 18 14 00 4 1657.505 1602.495 7995 1500 8070 1530 8100 1605
2 1 0 1 -1 -1 0 0 -1 0.000 0 0 -1  124 114 124 9999 9999
2 1 0 1 0 0 0 0 0.000 1 0
	0 0 1.000 4 8.000
	 79 104 104 104 9999 9999
4 2 32 30 0 00 1 -1 -1 0 00 1 0.0000 2985 !615 30 30 2985 4095 4575 3210 4830
2 1 0 1 -1 -1 0 0 -1 0.000 0 0 -1 0 0 2
	 3165 4935 3165 5355
2 1 0 1 -1 -1 0 0 -1 0.000 0 0 -1 0 0 2
	 3150 5355 4050 5355
2 1 0 1 -1 -1 0 0 -1 0.000 0 0 -1 0 0 2
	 4050 5355 4170 5115
2 1 0 1 -1 -1 0 0 -1 0.000 0 0 -1 0 0 2
	 3165 5070 4155 5070
-6
6 4650 1470 8130 2700
5 1 0 1 -1 -1 0 0 -1 0.000 0 0 0 0 7997.505 1602.495 7995 1500 8070 1530 8100 1605
2 1 0 1 -1 -1 0 0 -1 0.000 0 0 -1 0 0 2
	 4650 1500 8025 1500
2 1 0 1 -1 -1 0 0 -1 0.000 0 0 -1 0 0 2
	 4650 1800 8025 1800
2 1 0 1 -1 -1 0 0 -1 0.000 0 0 -1 0 0 2
	 4650 2325 8025 2325
2 1 0 1 -1 -1 0 0 -1 0.000 0 0 -1 0 0 2
	 8025 2400 6150 2400
2 1 0 1 -1 -1 0 0 -1 0.000 0 0 -1 0 0 2
	 6150  465 4530 66LM\001
