#FIG 3.2
Port
Center
Inches
er 
1100.00
le
-2
# 
1200 2
5 1 0 7 26 7 0 0 -1 0 0 1 1 1 9111 6757 7050 6300 81380 5 3390 1380
5 1 0 1 50
5 1	 294070 8925 318 0
5 1 0 1 -1 -1 0 0 -1 0 0 0 0 0 .17096.500 5880 9135 6285 9090 6690 9120
5 1 0 1 -1 -1 0 0 -1 0 0 1 0 0 .1703.500 5895 9105 6300 9150 6705 9120
5 1 0 1 -1 -1 0 0 -1 0.000 0 1 0 0 440 6040 435 6225 360 6300 420 6405
5 1 0 1 -1 -1 0 0 -1 0 0 1 0 0 3400 7500 3510 6225 8070 6300 80675 411
4 0 0 1 -1 -1 0 0 -1 0 0 0 345
5 
5 1320
60
51
4 
5 1 2
	85
2 2
	185
-6
6
5 1
	 430
2 2
	5355
2 1
	 355
2 2
	5
2 2
	 070
-6
6
5 15
2 2
	 400
0 2
0
2 2
	 700
0 2
0
2 2
	 800
0 2
5
2 2
	 400
0 2
0
2 2
	 700
0 2
0
2 2
	 700
0 2
0
-6
6 455
565
2 2
	9450
2 1
	 220
2 2
	 249
2 1
	 100
2 2
	9540
2 1
	 185
2 2
	 220
2 1
	 250
2 2
	9255
2 1
	 440
2 2
	 375
2 1
	 395
2
	 40
2  2
	1500
2 1
	 385
2 2
	 490
2 1
	 570
25
	 5
2 
	 4
2 1
	 355
2 2
	 462
2 1
	 400
2 2
	4500
2 1465
0 2
0
2 2
	 720
0 2
5
2 2
	 600
0 2
0
2 2
	 285
0 2
0
2 2
	 850
0 2
5
2 2
	 940
2
	 895
0 2
0
2 
	 4
2 1
	 315
2 2
	9765
2 1 2
	4500
2 1
	 2465
0 2
0
2 2
	 720
0 2
5
2 2
	 600
0 2
0
2 2
	 285
0 2
0
2 2
	 850
0 2
5
2 2
	 940
0 2
5
2 2
	 895
0 2
0
2 
	 4
2 1
	 315
2 2
	 325
2 1
	 365
2 2
	00
2 2
	0
2 2
	 
2755
	 0
2 
	 670
	40
27
	 120
090
 7
	5700
	 5
2 3˙˙7
5
	 0
2 
	 505
	75
27
	 700
655
 7
	4S20
2 10 2
5
2 
	 620
22
	 20
22
	 275
 2
	6300
2 20 5
300
 5
	 0 5
	 6
2 10 2
0
2 
	 300
B2
	 525
 2
	 382
2 1
2 10 
27
	 7
	 670
640
 7
	6120
	 50 7
0
	 5
2 
	 635
	90
27
	 205
175
 7
	 517
	 5
2 30 7
0
	  7
	 597
	 5
2 30 7
0
	 5
2 
	 4220
175
 7
	 628
	 6
2 10 2
0
2 
	 400
22
 075
 2
	 360
2 35
	 0
2 
	 635
22
	 305
 2
	 636
2 10 2
0
2 
	 675
22
	 620
 2
	4275
2 10 2
0
2 ( 0 
	 675
22
	 300
 5
	300
 5
	00
22
	˙0
2 
	 300
B2
	 525
 2
	3450
2 10 2
5
2  0 
17
	 
	 475
000
5
	 0
2 0 5
10
5
	 500
5
	 
2 2 55
625
75
2 5
	75
2
	 5
2 2 5
	75
2
	 4
2 2 5
	75
2
	 44
2 0 5
275
5
	 5
2 0 5
575
5
	 5
2 0 5
275
5
	 75
2
	 45
2 0 5
 675
2 2 5
	5
2 0 5
 75
5
	 
2 2 5
	75
 5
	 75
2
	 6
2 3 5
	00
2
	 500
2
	 6900
5
	 600
5
	 0
2 0 5
400
5
	 0
2 0 5
825
5
	 
2 2 5
	5
2 0 5
25
2
	 4125
5
	 5
2 0 5
825
5
	 0
2 9
	 900
000
AM\001
4 1 -1 0 0 20 0.00.0000 4 210 900 3285 35ASIO\001
4 1 -1 0 0 18 14 -1 0 0 18 4800 4350 AM\001
4 1 -1 0 0 18 18 0. 4 210 900 3285 3555IO\001
4 1 -1 0 0 18 14 00 4 165 480 6555 66HR\001
4 1 -1 0 0 18 14 00 4 165 480 5910 66MR\001
4 1 -1 0 0 18 14 00 4 165 600 5220 66UAL\001
4 1 -1 0 0 18 14 0.0000 4 165 465 4530 6ALM\001
