#FIG 3.2
Po枓
Center
Inches
 5355
5 
5 1
5 1120
 6300 6405
5 1 0 1 -1 -1 0 0 -1 0 0 1 0 0 3400 7500 3510 76 4125 2100 1650 3750
3 2 0 9 5 7 0 0 -1 0 0 1 1 4
	3 1 4.40.00.00
	2 1 6.60.00.00
	 1575 8325 4200  0 1 0 0 452.040 -1 -1 0 0 -1  ﾞ05 105 4635 4545 4710 4620
1 3 0 1 -1 -1 0 0 -1 0.000 1 0. 5025 45405 6300 9150 675 3435 7 7680
5 1 0 1 -1 -1 0 0 -1 0 0 0 0 0 3440 7900 3510 7920 3435 7980 3375 7905
5 1 0 1 -1 -1 0 0 -1 0.000 0 1 0 0 .5007.500 3165 6675 3135 6690 3165 6720
5 1 0 1 -1 -1 0 0 -1 0.000 0 1 0 0 3917..495 3840 7230 3870 7305 3930 7320
5 1 0 1 -1 -1 0 0 -1 0 0 1 0 0 3900 6500 3990 6855 3930 6900 3990 6960
5 1 0 1 -1 -1 0 0 -1 0 0 0 0 0 7970 6340 7995 6225 8070 6300 80675 412
4 0 -1 0 0 0 12 0.0000 0 180 2520 6675 4935: ph960
700
0 2
2700
2 1
	 300
2 2
	00
2 2
	00
-6
6 5
3 0
2 2
	 0
2 2
	 0
-6
6 4
3 00 3
	 42
	 0
3 00 3
 465
	 0
-6
6 39
2 1
	 3
2 1
	 45
-6
6 3