#FIG 3.2
Port
Center
Inches
 5355
5 
5 1
5 1325
21 0750
3 2 0 9 5 7 0 0 -1 0 0 1 1 4
	3 1 4.40.00.00
	6 1 6440 -1 -1
1 3 0 1 -1 -1 0 0 -1 0.00059 159 15
2 1 0 8 4 7 0 0 -1 0 0 0 -1 0 1 2
	1 0 4.00.00 00
	0 5325 3225 5325
2 1 0 8 4 7 0 0 -1 0 0 0 -1 0 1 2
	2 0 5.00.00 00
	 7050 4425 7050 2325
2 1 0 16 1 7 0 0 -1 0.000 0 0 -1 1 1 3
	3 0 5.00.00.00
	2 1 5.00.00.00
75 2100 4125 2100 1650 3750
3 2 0 9 5 7 0 0 -1 0 0 1 1 4
	3 1 4.40.00.00
	2 1 6.60.00.00
	 1575 8325 4200 8025 1725 7125 4050 6450
	00 -1.000 -1 0.000
3 0 0 11 31 7 0 0 -1 0 0 1 1 4
	0 0 1.00 30 320
5 1 0 1 -0
5 1 0 1 -1 -1 0 0 -1 0 0 0 0 0995 6225 8070 6300 80675 412
4 0 -1 0 0 0 12 0.0000 0 180 2520 6675 4935: ph960
7395
5 1 2
	 375
2 1
	 395
2
2 40 5
raft\001
4 0 -1 0 0 0 1 0 -1 0.0 0 -0 2
5
2 2
	 765
ﹽ 2
5
2 2
	 0
2 2
	 
2 1
	 3780
6
6 355
t\001
4 0 -1 0 0 0 1 -1 -1 00 0  0 2
	 315
2 2
	 325
2 1
	 365
2 2
	00
2 2
	0
2 2
	 
2 1