#FIG 3.2
Lanpe
Center
In
Let
100.00
le
-2
#1905
5 17520
4 1 0 1 -1 -1 0 0 -1 5895 9  420 6405
5 0
5 7
	 235
190
 7
	5205
	 5
2 30 7
0
	 5
2 
	 520
	75
27
	 
	 6
2 10 2
0
2 
	 300
22
	 525
 2
	3450
2 10 2
5
2 
	 300
27
	 775
5
	 0
2 0 5
700
5
	 0
2 0 5
0
2 0 5
00
2
	 4
2 2 5
	75
0
	 5
2 2 5
	0
5 ))))5
1 5
2 175
5
	 5
2 0 5
875
5
	 5
2 75
2
	 45
2 0 5
75
2
	 4
2 2 5
	5
2 0 5
 75
5
	 75
2
	 6
2 3 5
	00
2
	 500
2
	 6900
5
	 600
5
	 0
2 0 5
400
5
	 0
2 0 5
825
5
	 35
	90
27
	 670
640
 7
	 598
	 5
2 30 7
0
	 5
2 
	 65
	 0
2 
	 505
	75
2
	 500
	55
27
	 220
175
 7
	 597
	 5
2 37
	 220
175
 7
	5235
	 6
2 10 2
0
2 
	 400
22
	 075
 2
	4200
2 30 5
250
 2
	4635
2 10 2
5
2 
	 660
22
	 620
 2
	 660
2 10 2
0
2 
	 675
22
	 620
 2
	4275
2 10 2
0
2 
	 4
2 20 5
300
 5
	00
22
	 300
 2
	3600
2 10 2
5
2 
	 350
22
	 375
 2
	 382
2 3 17
5
	 475
000
5
	 0
2 0 5
100
5
	 500
5
	 
2 2 5
	75
2
	 4
2 2 5
	75
2
	 4
2 2 5
	75
2
	 4
2 2 5
	975
5
	 5
2 0 5
175
5
	 5
2 0 5
875
5
	 5
2 0 5
 975
2 2 5
	675
5
	 75
2
	 4375
5
	 5
2 0 5
75
2
	 4
2 2 5
	675
5
	 5
	 0
2 0 5
800
5
	 5
2 0 5
25
2
	 4125
5
	 
2 2 5
	5
2 0 5
825
5
	 5
2 0 5
525
5
	 5
2 0 5
625
5
	 5
2 0 5
325
5
	 5
2 0 5
525
5
	 5
2 0 5
925
5
	 5
2 0 5
25
2
	 4
2 2 5
	25
2
	 300
2
	 4
2 3 5
	00
2
	 25
	 5
2 0 5
175
5
	 5
2 0 5
875
5
	 5
2 0 5
275
5
	 75
2
	 4TMR\001
4 1 -1 0 0 18 14 0.0000 4 165 600 5220 6DUAL\001
4 1 -1 0 0 18 14 0. 4 165 465 4530 6645 ALM\001
