#FIG 3.2
Lanpe
Center
In
Letter 
100.00
le
-2
#1905
5 17520
4 1 0 11-1 -1 0 0 -1 5895 9  420 640190
\4\001
4 1 -1 0 0 18 14 00 0 0 0 0 0
5\4R0 0 0 0 5
	(
0

00
2
	
# 
\4\001
4 1 -1 0 0 1 00 0 0 0 0 0 5
12R\001
4 1 -1 0 0 1 00 0 0 0 0 0 5
	(
2R\001
4 1 -1 0 0 0 0 0 00.0075.000 9525 5
	(
0

 18 14 00 0 
4 1 -1 0 0 18 1 0 0 0 0 0 5
	(
 2
0\001
4 1 -1 0 0 18 1 0 0 0 0 0 5
	(
4R\000 0460..000 3225 5550 3000 4950 2400 4725
1 3 0 1 -1 -1 0 
er 
10000
Se
-2
# 3s
1200 7520
4 1 0 11-1 -1 0 0 -1 5895 9  420 640190
\4\001
4 1 -1 0 0 18 14 00 0 0 0 0 0
5\4R\001
4 1 -1 0 0 0 0 0 00.0075.000 95 225
2
5\4R\001
4 1 -1 0 0 18 1 0 0 0 0 0 5
	(
0

00
2
	
# 
\4\001
4 1 -1 0 0 18 14 00 0 0 0 0 0 5
	(
212R\001
4 1 -1 0 0 18 14 00 0 0 0 0 0 5
	(
2R\001
4 1 -1 0 0 0 0 0 00.0075.000 9 4545
1 1 ,1