#FIG 3.2
Lanpe
Center
In
Letter 
100.00
le
-2
#1905
5 17520
4 1 0 11-1 -1 0 0 -1 5895 9  420 6407
	 235
190
\001
4 1 -1 0 0 18 1 0 0 0 0 0 5
	 
2 2 5
	25
2
	 4
2 2 5
(25
2
	 4
2 2 5
	25
2
	 4
0 5
700
5
	 0
2 0 5
0
2 0 5
00
2
	 4
2 2 5
	75
2
	 5
2 2 5
	75
2
	 4
2 2 5
	75
2
	 45
2 0 5
275
5
	 5
2 0 5
575
5
	 5
2 0 5
275
5
	 75
2
	 4275
5
	 75
2
	 4375
5
	 5
2 0 5
75
2
	 4
2 2 5
	675
5
	 0
2 0 5
100
5
	 500
5
	 
2 3 5
	 622
2 3 5
	00
2
	 5
2 3 5
	00
2
	 5
2 2 5
	5
2 0 5
25
2
	 4R\001
4 1 -1 0 0 18 14 00 0 0 0 0 0 5
	 
2 2 5
	25
2
	 4
2 2 5
	25
2
	 5
2 2 5
	25
2
	 4
2 2 5
(25
2
	 4
2 2 5
	25
2
	 4
2&2 5
	25
2
	 4
2 2 5
	5
2 0 5
325
5
	 5
2 0 5
0
2 0 5
000
5
	 0
2 0 5
800
17
	7725
	 425
	00
22
	 495
 2
	 301
2 10 4
0
2 
	 350
22
	 600
 2
	6420
2 40 5
750
 5
	25
25
	 5
2 
	 2
2 20 5
885
 5
	00
25
	 0
2 7
	 225
225
0 9
 2
	6840
2 1
	 475
2 2
	00
2
	 470
2 2
	7185
2 1
	 365
2 2
	 09
2 1
	 475
2 2
	7395
2 1
	 305
2
2 1
	 535
22
	 970
0 2
0
2 2
	 450
0 2
5
2 1 0 3 -1 -1 0 0 -1 0.000 0 0 0 0 0 0 7
	 5175 5175 5145 522050 1875 4950 1875 4950 1275 4650 1275
2 2 0 1 -1 -1 0 0 3 0.000 0 0 0 0 0 5
	 4950 2175 4950 2775 5250 2775 5250 2175 4950 2175
2 2 0 1 -1 -1 0 0 3 0.000 0 0 0 0 0 5
	 4950 1575 4950 2175 5250 2175 5250 1575 4950 1575
2 2 0 1 -1 -1 0 0 3 0.000 0 0 0 0 0 5
	 5250 1875 5250 2475 5550 2475 5550 1875 5250 1875
2 2 0 1 -1 -1 0 0 3 0.000 0 0 0 0 0 5
	 5250 1275 5250 1875 5550 1875 5550 1275 5250 1275
2 2 0 1 -1 -1 0 0 3 0.000 0 0 0 0 0 5
	 4950 975 4950 1575 5250 1575 5250 975 4950 975
2 2 0 1 -1 -1 0 0 3 0.000 0 0 0 0 0 5
	 4650 675 4650 1275 4950 1275 4950 675 4650 675
2 2 0 1 -1 -1 0 0 3 0.000 0 0 0 0 0 5
	 4050 675 4050 1275 4350 1275 4350 675 4050 675
2 2 0 1 -1 -1 0 0 3 0.000 0 0 0 0 0 5
	 4350 375 4350 975 4650 975 4650 375 4350 375
2 2 0 1 -1 -1 0 0 3 0.000 0 0 0 0 0 5
	 4050 75 4050 675 4350 675 4350 75 4050 75
2 2 0 1 -1 -1 0 0 3 0.000 0 0 0 0 0 5
	 4950 375 4950 975 5250 975 5250 375 4950 375
2 2 0 1 -1 -1 0 0 3 0.000 0 0 0 0 0 5
	 4650 75 4650 675 4950 675 4950 75 4650 75
2 2 0 1 -1 -1 0 0 3 0.000 0 0 0 0 0 5
	 5250 675 5250 1275 5550 1275 5550 675 5250 675
2 3 0 1 -1 -1 0 0 3 0.000 0 0 0 0 0 5
	 6675 2700 5550 2700 5550 2175 6525 2175 6675 2700
2 3 0 1 -1 -1 0 0 3 0.000 0 0 0 0 0 5
	 5550 2100 5550 1575 6345 1575 6495 2100 5550 2100
2 3 0 1 -1 -1 0 0 3 0.000 0 0 0 0 0 5
	 5550 1500 5550 975 6240 975 6330 1500 5550 1500
2 3 0 1 -1 -1 0 0 3 0.000 0 0 0 0 0 5
	 6225 900 5550 900 5550 375 6180 375 6225 900
2 3 0 1 -1 -1 0 0 3 0.000 0 0 0 0 0 5
	 6225 9600 5550 9600 5550 10125 6180 10125 6225 9600
2 3 0 1 -1 -1 0 0 3 0.000 0 0 0 0 0 5
	 5550 9000 5550 9525 6240 9525 6330 9000 5550 9000
2 3 0 1 -1 -1 0 0 3 0.000 0 0 0 0 0 5
	 5550 8400 5550 8925 6345 8925 6495 8400 5550 8400
2 3 0 1 -1 -1 0 0 3 0.000 0 0 0 0 0 5
	 6675 7800 5550 7800 5550 8325 6525 8325 6675 7800
2 2 0 1 -1 -1 0 0 3 0.000 0 0 0 0 0 5
	 5250 9825 5250 9225 5550 9225 5550 9825 5250 9825
2 2 0 1 -1 -1 0 0 3 0.000 0 0 0 0 0 5
	 4650 10425 4650 9825 4950 9825 4950 10425 4650 10425
2 2 0 1 -1 -1 0 0 3 0.000 0 0 0 0 0 5
	 4950 10125 4950 9525 5250 9525 5250 10125 4950 10125
2 2 0 1 -1 -1 0 0 3 0.000 0 0 0 0 0 5
	 4050 10425 4050 9825 4350 9825 4350 10425 4050 10425
2 2 0 1 -1 -1 0 0 3 0.000 0 0 0 0 0 5
	 4350 10125 4350 9525 4650 9525 4650 10125 4350 10125
2 2 0 1 -1 -1 0 0 3 0.000 0 0 0 0 0 5
	 4050 9825 4050 9225 4350 9225 4350 9825 4050 9825
2 2 0 1 -1 -1 0 0 3 0.000 0 0 0 0 0 5
	 4650 9825 4650 9225 4950 9225 4950 9825 4650 9825
2 2 0 1 -1 -1 0 0 3 0.000 0 0 0 0 0 5
	 4950 9525 4950 8925 5250 8925 5250 9525 4950 9525
2 2 0 1 -1 -1 0 0 3 0.000 0 0 0 0 0 5
	 5250 9225 5250 8625 5550 8625 5550 9225 5250 9225
2 2 0 1 -1 -1 0 0 3 0.000 0 0 0 0 0 5
	 5250 8625 5250 8025 5550 8025 5550 8625 5250 8625
2 2 0 1 -1 -1 0 0 3 0.000 0 0 0 0 0 5
	 4950 8925 4950 8325 5250 8325 5250 8925 4950 8925
2 2 0 1 -1 -1 0 0 3 0.000 0 0 0 0 0 5
	 4950 8325 4950 7725 5250 7725 5250 8325 4950 8325
2 2 0 1 -1 -1 0 0 3 0.000 0 0 0 0 0 5
	 4650 9225 4650 8625 4950 8625 4950 9225 4650 9225
2 2 0 1 -1 -1 0 0 3 0.000 0 0 0 0 0 5
	 4350 9525 4350 8925 4650 8925 4650 9525 4350 9525
2 2 0 1 -1 -1 0 0 3 0.000 0 0 0 0 0 5
	 4050 9225 4050 8625 4350 8625 4350 9225 4050 9225
2 2 0 1 -1 -1 0 0 3 0.000 0 0 0 0 0 5
	 4350 8925 4350 8325 4650 8325 4650 8925 4350 8925
2 2 0 1 -1 -1 0 0 3 0.000 0 0 0 0 0 5
	 4650 8625 4650 8025 4950 8025 4950 8625 4650 8625
2 2 0 1 -1 -1 0 0 3 0.000 0 0 0 0 0 5
	 5250 10425 5250 9825 5550 9825 5550 10425 5250 10425
2 2 0 1 -1 -1 0 0 3 0.000 0 0 0 0 0 5
	 4350 8325 4350 7725 4650 7725 4650 8325 4350 8125
2 2 0 1 -1 -1 0 0 3 0.000 0 0 0 0 0 5
	 4050 8625 4050 8025 4350 8025 4350 8625 4050 8625
2 3 0 1 -1 -1 0 0 3 0.000 0 0 0 0 0 5
	 3375 9600 4050 9600 4050 10125 3420 10125 3375 9600
2 3 0 1 -1 -1 0 0 3 0.000 0 0 0 0 0 5
	 4050 9000 4050 9525 3360 9525 3270 9000 4050 9000
2 3 0 1 -1 -1 0 0 3 0.000 0 0 0 0 0 5
	 4050 8400 4050 8925 3255 8925 3105 8400 4050 8400
2 3 0 1 -1 -1 0 0 3 0.000 0 0 0 0 0 5
	 2925 7800 4050 7800 4050 8325 3075 8325 2925 7800
2 3 0 1 -1 -1 0 0 3 0.000 0 0 0 0 0 17
	 2850 7500 2850 7725 4050 7725 4050 8025 4350 8025 4350 7725
	 4650 7725 4650 8025 4950 8025 4950 7725 5250 7775 4350 75 4050 75
2 2 0 1 -1 -1 0 0 3 0.000 0 0 0 0 0 5
	 4950 375 4950 975 5250 975 5250 375 4950 375
2 2 0 1 -1 -1 0 0 3 0.000 0 0 0 0 0 5
	 4650 75 4650 675 4950 675 4950 75 4650 75
22 1 0 1 -1 -1 0 0 -1 0.000 0 0 0 0 0 4
	 3675 6600 3705 6570 3735 6465 3780 6450
2 1 0 1 -1 -1 0 0 -1 0.000 0 0 0 0 0 4
	 3900 6600 3870 6570 3840 6465 3795 6450
2 1 0 1 -1 -1 0 0 -1 0.000 0 0 0 0 0 2
	 3675 6600 3885 6600
2 1 0 2 -1 -1 0 0 -1 0.000 0 0 0 0 0 2
	 3795 6450 3795 6420
2 4 0 2 -1 7 18 0 20 0.000 0 0 8 0 0 5
	 2700 3750 2700 6825 6900 6825 6900 3750 2700 3750
2 4 0 1 -1 7 17 0 20 0.000 0 0 7 0 0 5
	 2775 3825 2775 6225 4500 6225 4500 3825 2775 3825
2 4 0 1 -1 7 17 0 20 0.00                                                                                                                                                                                                                                                                                                                                                                                                                                                                                                                                                                                                                                                                                                                                                                                                                                                                                                                                                                                                14 0.0000 4 165 480 5910 6645 TMR\001
4 1 -1 0 0 18 14 0.0000 4 165 600 5220 6645 DUAL\001
4 1 -1 0 0 18 14 0.0000 4 165 465 4530 6645 ALM\001
