#FIG 2.0
80 2
5 1 0 1 0 0 0 0 0.000 0 0 0 150 197 119 199 154 159 199 199
1 3 0 1 0 0 0 0 0.000 1 0.000 159 159 5 5 159 159 159 164
2 1 1 1 0 0 0 1 4.000 0 0
	 159 164 159 199 9999 9999
2 1 0 1 0 0 0 0 0.000 0 0
	 159 159 159 159 9999 9999
2 1 0 1 0 0 0 0 0 0 0
	 79 79 479 79 9999 9999
2 1 0 1 0 0 0 0 0 0 0
	 199 199 479 199 9999 9999
2 1 0 1 0 0 0 0 0.000 0 0
	 74 199 119 199 9999 9999
2 1 0 1 0 0 0 0 0.000 1 0
 0 0 0.000 0 0
	 159 159 159 159 9999 9999
2 1 0 1 0 0 0 0 0 0 0
	 79 79 479 79 9999 9999
2 1 0 1 0 0 0 0 0 0 0
9 199 479 199 9999 9999
2 1 0 1 0 0 0 0 0 0 0
	 74 199 119 199 9999 9999
2 1 0 1 0 0 0 0 0.000 1 0
	0 0 1.000 4 0
	 79 179 109 179 9999 9999
2 1 0 1 0 0 0 0 0.000 1 0
	0 0 1.000 4 0
	 79 164 119 164 9999 9999
2 1 0 1 0 0 0 0 0.000 1 0
	0 0 1.000 4 0
	 79 144 124 144 9999 9999
2 1 0 1 0 0 0 0 0.000 1 0
	0 0 1.000 4 0
	 79 126 114 124 9999 9999
2 1 0 1 0 0 0 0 0.000 1 0
	0 0 1.000 4 0
	 79 104 104 104 9999 9999
4 2 32 30 0 00 1 -1 -1 0 0 20 0 1 0.0000 2985 6615 30 30 2985 6615 3015 6615
1 0 3795 6645 30 30 3795 6645 3825 6645
2 3 0 1 -1 -1 0 0 20 0.000 0 0 0 0 0A5
	 3540 4935 3345 4590 3360 4560 3390 4%60 3540 4935
2 1 0 3 -1 -1 0 0 -1 0.000 0 05610 6120 5940 6120
	 5985 6090
2 3 0 1 -1 -1 0 0 20 0.000 0 0 0 0 0 7
	 5550 5655 5520 5700 5520 6030 5550 6075 5580 6030 5580 5700
	 5550 5655
2 3 0 1 -1 -1 0 0 20 0.000 0 0 0 яяяя7
	 6000 5190 5970 5235 5970 5565 6000 5610 6030 5565 6030 5235
	 6000 5190
2 3 0 1 -1 -1 0 0 20 0.000 Җ 0 0 0 0 7
	 5970 5175 5925 5145 5595 5145 5550 5175 5595 5205 5925 5205
	 5970 5175
2 3 0 1 -1 -1 0 0 20 0.000 0 0 0 0 0 7
	 5175 5655 5145 5700 5145 6030 5175 6075 5205 6030 5205 5700
	 5175 5655
2 3 0 1 -7 -1 0 0 20 0.000 0 0 0 0 0 7
	 5175 5175 5145 5220 5145 5550 5175 5595 5205 5550 5205/5220
	 5175 0.000 0 0 0 0 0 7
	 5970 5625 5925 5U95 5595 5595 5550 5625 5595 5655 5925 5655
	 5970 5625
2 3 0 1 -1 -і 0 0 20 0.000 0 0 0 0 0 7
	 47кк 5655 4695 5700 4695 6030 4725 60C5 4751 0 0 20 0.000 0 0 0 0 0 2
	 2925 5100 3150 5100
2 1 0 1 -1 -1 0 0 20 0.000 * 0 0 0 0 2
	 4350 5100 4125 5100
2 1 0 1 -1 -1 0 0 1 0.000 0 0 0 0 0 2
 3600 5850 3600 6075
2 1 0 1 -1 -1 0 0 -1 0.000 0 0 0 0 0 2
	 3600 3975 3600 4200
00 3600 2400 6900 2700 7500 6900 7500 7200 6900
	 7200 3600 6900 3000 27 18 14 0.0000 4 165 600 5220 6645 DUAL\001
4 