#FIG 3.2
Lanpe
Center
In
Letter 
100.00
le
-2
# 
1200 2
5 1 0 7 26 7 0 0 -1 0 0 1 1 1 9111 6757 7050 6300 8025 8625 0 7350
	2 0 7.00.00 00
	1 0 7.00.00 00
2 2 0 3 0 7 0 0 -1 0.000 0 0 -1 0 0 5
	 5700 4425 8325 4425 8 25 6300 5700 6300 5700 4425
2 1 0 8 4 7 0 0 -1 0 0 0 -1 0 1 2
	1 0 4.00.00 00
	0 5325 3225 5325
2 1 0 8 4 7 0 0 -1 0 0 0 -1 0 1 2
	2 0 5.00.00 00
	 7050 4425 7050 2325
2 1 0 16 1 7 0 0 -1 0.000 0 0 -1 1 1 3
	3 0 5.00.00.00
	2 1 5.00.00.00
75 2100 4125 2100 1650 3750
3 2 0 9 5 7 0 0 -1 0 0 1 1 4
	3 1 4.40.00.00
	2 1 6.60.00.00
	 1575 8325 4200 8025 1725 7125 4050 6450
	00 -1.000 -1 0.000
3 0 0 11 31 7 0 0 -1 0 0 1 1 4
	0 0 1 660.00 .00
	0 0 8.00.00.00
	 1050 5550 3525 3300 3000 4950 6225 1575
	 0 1.000 1.000 0.000
4 1 18 0 0 0 14 00 4 195 2265 6975 5nger\001
4 1 18 0 0 0 14 3840 7230 3870 7305 3930 7320
5
6 30
5 
2 1
	 30
2 2
	 00
2 2
	325
0 2
	 45
2 1
	 2
2 1
	 40
2 2
	 700
0 2
700
0 2
700
-6
665
33
	 65
	00
33
	 65
	00
-6
6 85
2 2
	85
2 2
ﺳ85
-6
6 355
55
235
2 2
	4830
2 1
	 355
2 2
	 315
2 1
	 415
2 2
	5070
-6
0
5 
2 1
	 400
2 2
	1800
2 1
	 425
2 2
	 802
2 1
	 600
2 2
	2700
2 1
	 400
2 2
	 810
2 1
	 800
-6
6 355
35
2 2
	 438
2 1
	 555
2 2
	5355
2 1
	 415
2 2
	 531
-6
5
1 0
1 
1 30
2 2
	 0
2 2
	 40
20 2
0
2 2
	 485
0 2
5
2 2
	 470
 5
	55
25
	 5
2 2
	 055
0 2
5
2 2
	 500
0 2
0
2 2
	 
2 15 7905
50
5 1 0 7320
5 1
6 345 1 2700
5 1605
2 1 0 2
	 30
2 1 0 2
	 38250 1800
2 0 0 2
	325
2 1 0 2
	 45
2 1 0 1
	 2325 5 2700
2 0 0 2
	700
2 1 0 2
	 380
2 1 0 2
	 375  2700
2 0 0 2
	 0
-6
6 4
3 0 0 10 3
	 42
	 0.000.000
3 00 0 0 3
 465
	 0
-6
6 39
2 1 0 1
	 3975  585
2 1 0 2
	 45
-6
6 355
5 1 0 4935
2 0 0 2
	 830
2 1 0 2
	 315
2 1 0 2
	 315050 5355
1 0 0 2
 5115
2 0 0 2
	 070
-6
62700
5 100 1605
1 0 0 2
 1500
2 0 0 2
	 800
2 1 0 2
	 465
2 1 0 2
	 802550 2400
1 0 0 2
 2700
2 0 0 2
	 700
2 1 0 2
	 460
2 1 0 2
	 810000 2700
1 0 0 2
 2700
-6
6 4305 5 5355
55
2 1 0 2
	 438065 4830
1 0 0 2
 5355
2 0 0 2
	 355
2 1 0 2
	 445
2 1 0 2
	 531020 5070
-6
1 3 010290
1 60
1 3 07065
1 36960
1 375 7065
1 3 0 1 
2 1 0 1
	 4020  480
2 1 0 2
	 40
2 1 0  0 0 2
	1500
2 1 0 2
	 385
2 1 0 2
	 490
2 1 0 1
	 5055 5 1470
20 0 5
	 5
2 4 0 
	 4575 1755
2 1 0 2
	 355
2 1 0 2
	 462
2 1 0 1
	 4020 5 4500
2 0 0 2
	4500
2 1 0 2
	 2465
2 1 0 2
	 190
2 1 0 2
	 259560 9720
1 0 0 2
 9765
2 0 0 2
	 600
2 1 0 2
	 190
2 1 0 2
	 199555 9285
1 0 0 2
 9270
2 0 0 2
	 850
2 1 0 2
	 295
2 1 0 2
	 408080 8940
1 0 0 2
 8895
2 0 0 2
	 895
2 1 0 2
	 290
2 4 0 
	 4035 9300
2 1 0 2
	 315
2 1 0 2
	 325
2 1 0 1
	 3195 5 9765
2 0 0 2
	 10200
2 0 0 2
	10440
2 0 0 2
	 9780
2 1 0 2
	 360
2 1 0 2
	 339
2 1 0 1
	 3600 0 9360
2 0 0 2
	9780
2 1 0 2
	 315
2 1 0 2
	 343
2 1 0 1
	 3765 5 9270
2 0 0 2
	9060
2 1 0 2
	 465
2 1 0 2
	 411
2 1 0 1
	 6225 5 9045
2 0 0 2
	8295
2 1 0 2
	 655
2 1 0 2
	 639
2 1 0 1
	 6705 5 9240
2 0 0 2
	8355
2 1 0 2
	 680
2 1 0 2
	 636
2 1 0 1
	 2595 0 9270
2 0 0 2
	2715
2 1 0 2
	 300
2 1 0 2
	 2890
2 1 0 2
	 190505 9450
1 0 0 2
6330
2 1 0 2
	 4
2 1 0 1
	 450 6 64ﻌ5
2 0 0 2
	 40
2 1 0 2
	 246
2 1 0 1
	 2355 5 7365
2 0 0 2
	7725
2 1 0 2
	 300
2 1 0 2
	 337
2 1 0 1
	 3525 5 7920
2 0 0 2
	6675
2 1 0 2
	 335
2 1 0 2
	 385
2 1 0 1
	 3855 0 6435
2 0 0 2
	6435
2 1 0 2
	 340
2 1 0 2
	 397
2 1 0 1
	 3795 5 7290
2 0 0 2
	7170
2 1 0 2
	 485
2 1 0 2
	 801
2 1 0 1
	 7980 0 6405
2 0 0 2
	6465
2 1 0 2
	 740
2 1 0 2
	 597
2 1 0 1
	 6075 5 7365
2 0 0 2
	7725
2 1 0 2
	 400
2 1 0 2
	 490
2 1 0 1
	 5280 5 6675
2 0 0 2
	6735
2 1 0 2
	 435
2 1 0 2
	 457
2 1 0 1
	 4290 0 6435
2 0 0 2
	6840
2 1 0 2
	 475
2 1 0 2
	 463
2 1 0 1
	 4305 0 7170
2 0 0 2
	7185
2 1 0 2
	 365
2 1 0 2
	 409
2 1 0 1
	 4335 5 7275
2 0 0 2
	7395
2 1 0 2
	 305
2 1 0 2
	 466
2 1 0 1
	 5070 0 7935
2 0 0 2
	8970
2 1 0 2
	 370
2 1 0 2
	 373
2 1 0 1
	 3735 5 9315
2 0 0 2
	85
2 1 0 2
	 42660 1185
1 0 0 2
700
2 1 0 2
	 800
2 1 0 2
	 417070 6315
1 0 0 2
 6330
2 0 0 2
	 300
2 1 0 2
	 425
3 0 0  0 3
	 40
	 0.000.000
3 
	 4020 0 1515
	00
3 0 00 0 4
	 30 1155
0
3 0 0  0 4
	 45 1155
	 0.000 1
3 0 0 10 3
	 38255
	 0.0 0.000
 3
	 45755
	 0.0 0.000
33
	 18900
	 0.000.000
3 
	 1905 65
	 0.0.000
3 00 0 0 4
0
	 0.00000
3 0  0 0 4
	 1905 96
	 0.00000
3 0 00 0 6
	 835
	 0.0
3 0 0  0 4
	 20 9255
	00 0.000
3 0 0 10 4
	 30 9615
	 0 0.000
 8
	 421
	 3930 5 7320
	00 0.000
3 0 0 10 8
	 425
	 450015 7320
0
3 0 0  0 6
	 370
	 0.0
3 0 0 10 3
	 29940
	 0.0 0.000
 3
	 32740
	 0.0 0.000
33
	 18900
	 0.000.000
3 
	 4455 5 1515
	00
3 0 00 0 4
	 45 5700
0
4 0 -1\001
4 0