#FIG 3.2
Lanpe
Center
In
Letter 
100.00
le
-2
# 
1200 2
5 1 0 7 26 7 0 0 -1 0 0 1 1 1 9111 6757 7050 6300 81380 5 3390 1380
5 1 0 1 -1 -5 1350
5 1 0 1 -1 -1 0 0
5 1 0 1 -1 -1 0 0 -1 0.000 0 0 0 0 .17096.500 5880 9135 6285 9090 6690 9120
5 1 0 1 -1 -1 0 0 -1 0.000 0 1 0 0 .1703.500 5895 9105 6300 9150 6705 9120
5 1 0 1 -1 -1 0 0 -1 0.000 0 1 0 0 440 6040 435 6225 360 6300 420 6405
5 1 0 1 -1 -1 0 0 -1 0 0 1 0 0 3400 7500 3510 7665 3435 7605 3375 7680
5 1 0 1 -1 -1 0 0 -1 0 0 0 0 0 3440 7900 3510 7920 3435 7980 3375 7905
5 1 0 1 -1 -1 0 0 -1 0.000 0 1 0 0 .5007.500 3165 6675 3135 6690 3165 6720
5 1 0 1 -1 -1 0 0 -1 0.000 0 1 0 0 3917..495 3840 7230 3870 7305 3930 7320
5 1 0 1 -1 -1 0 0 -1 0 0 1 0 0 3900 6500 3990 6855 3930 6900 3990 6960
5 1 0 1 -1 -1 0 0 -1 0 0 0 0 0 7970 6340 7995 6225 8070 6300 80675 412
4 0 -1 0 0 0 12 0.0000 0 180 2520 6675 4935 contactﹽﹽﹽ5 7290 3 -1 0 0 -1 0 0 0 0 0 4570 725 2700
2 1 0 1 -1 -1 0 0 -1 0.000 0 0 -1 0 0 2
	 450 2700 3825 2700
2 1 0 1  0 0 2
	 6330 3975 6300 4275
2 1 0 2 -1 -1 0 0 -1 0.000 0 0 0 0 0 2
	 6075 4320 6045 4620
2 1 0 2 -1 -1 0 0 -1 0.000 0 0 0 0 0 2
	 6105 3975 6075 4275
2  0 1 -1 -1 0 0 -1 0.000 0 0 0 0 0 2
	 4200 6300 2700 6300
2 2 0 1 -1 -1 0 0 -1 0.000 0 0 0 0 0 5
	 4875 6300 4200 6300 4200 6825 4875 6825 4875 6300
2 2 0 1 -1 -1 0 0 -1 0.000 0 0 0 0 0 5
	 4875 6300 5550 6300 5550 6825 4875 6825 4875 6300
2 2 0 1 -1 -1 0 0 -1 0.000 0 0 0 0 0 5
	 6225 6300 5550 6300 5550 6825 6225 6825 6225 6300
2 1 0 1 -1 -1 0 0 -1 0.000 0 0 0 0 0 2
	 6900 6300 6225 6300
2 1 0 1 -1 -1 0 0 -1 0.000 0 0 0 0 0 2
	 3825 3600 6600 3600
2 1 0 1 -1 -1 0 0 -1 0.000 0 0 0 0 0 2
	 3825 3525 6600 3525
2 1 0 1 -1 -1 0 0 -1 0.000 0 0 0 0 0 2
	 3825 3450 6600 3450
2 1 0 1 -1 -1 0 0 -1 0.000 0 0 0 0 0 2
	 3825 3375 6600 3375
2 1 0 1 -1 -1 0 0 -1 0.000 0 0 0 0 0 2
	 3825 3300 6600 3300
2 3 0 1 -1 -1 0 0 3 0.000 0 0 0 0 0 17
	 2850 3000 2850 2775 4050 2775 4050 2475 4350 2475 4350 2775
	 4650 2775 4650 2475 4950 2475 4950 2775 5250 2775 5250 2475
	 5550 2475 5550 2775 6750 2775 6750 3000 2850 3000
2 3 0 1 -1 -1 0 0 3 0.000 0 0 0 0 0 5
	 2925 2700 4050 2700 4050 2175 3075 2175 2925 2700
2 3 0 1 -1 -1 0 0 3 0.000 0 0 0 0 0 5
	 4050 2100 4050 1575 325ﹽ1575 3105 2100 4050 2100
2 3 0 1 -1 -1 0 0 3 0.000 0 0 0 0 0 5
	 4050 1500 4050 975 3360 975 3270 1500 4050 1500
2 3 0 1 -1 -1 / 0 3 0.000 0 0 0 0 0 5
	 3375 900 4050 900 4050 375 3420 375 3375 900
2 2 0 1 -1 -1 0 0 3 0.000 0 0 0 0 0 5
	 4050 1875 4050 2475 4350 2475 4350 1875 4050 1875
2 2 0 1 -1 -1 0 0 3 0.000 0 0 0 0 0 5
	 4350 2175 4350 2775 4650 2775 4650 2175 4350 2175
2 2 0 1 -1 -1 0 0 3 0.000 0 0 0 0 0 5
	 5250 75 5250 675 5550 675 5550 75 5250 75
2 2 0 1 -1 -1 0 0 3 0.000 0 0 0 0 0 5
	 4650 1875 4650 2475 4950 2475 4950 1875 4650 1875
2 2 0 1 -1 -1 0 0 3 0.000 0 0 0 0 0 5
	 4350 1575 4350 2175 4650 2175 4650 1575 4350 1575
2 2 0 1 -1 -1 0 0 3 0.000 0 0 0 0 0 5
	 4050 1275 4050 1875 4350 1875 4350 1275 4050 1275
2 2 0 1 -1 -1 0 0 3 0.000 0 0 0 0 0 5
	 4350 975 4350 1575 4650 1575 4650 975 4350 975
2 2 0 1 -1 -1 0 0 3 0.000 0 0 0 0 0 5
	 4650 1275 4650 1875 4950 1875 4950 1275 4650 1275
2 2 0 1 -1 -1 0 0 3 0.000 0 0 0 0 0 5
	 4950 2175 4950 2775 5250 2775 5250 2175 4950 2175
2 2 0 1 -1 -1 0 0 3 0.000 0 0 0 0 0 5
	 4950 1575 4950 2175 5250 2175 5250 1575 4950 1575
2 2 0 1 -1 -1 0 0 3 0.000 0 0 0 0 0 5
	 5250 1875 5250 2475 5550 2475 5550 1875 5250 1875
2 2 0 1 -1 -1 0 0 3 0.000 0 0 0 0 0 5
	 5250 1275 5250 1875 5550 1875 5550 1275 5250 1275
2 2 0 1 -1 -1 0 0 3 0.000 0 0 0 0 0 5
	 4950 975 4950 1575 5250 1575 5250 975 4950 975
2 2 0 1 -1 -1 0 0 3 0.000 0 0 0 0 0 5
	 4650 675 4650 1275 4950 1275 4950 675 4650 675
2 2 0 1 -1 -1 0 0 3 0.000 0 0 0 0 0 5
	 4050 675 4050 1275 4350 1275 4350 675 4050 675
2 2 0 1 -1 -1 0 0 3 0.000 0 0 0 0 0 5
	 4350 375 4350 975 4650 975 4650 375 4350 375
2 2 0 1 -1 -1 0 0 3 0.000 0 0 0 0 0 5
	 4050 75 4050 675 4350 675 4350 75 4050 75
2 2 0 1 -1 -1 0 0 3 0.000 0 0 0 0 0 5
	 4950 375 4950 975 5250 975 5250 375 4950 375
2 2 0 1 -1 -1 0 0 3 0.000 0 0 0 0 0 5
	 4650 75 4650 675 4950 675 4950 75 4650 75
2 2 0 1 -1 -1 0 0 3 0.000 0 0 0 0 0 5
	 5250 675 5250 1275 5550 1275 5550 675 5250 675
2 3 0 1 -1 -1 0 0 3 0.000 0 0 0 0 0 5
	 6675 2700 5550 2700 5550 2175 6525 2175 6675 2700
2 3 0 1 -1 -1 0 0 3 0.000 0 0 0 0 0 5
	 5550 2100 5550 1575 6345 1575 6495 2100 5550 2100
2 3 0 1 -1 -1 0 0 3 0.000 0 0 0 0 0 5
	 5550 1500 5550 975 6240 975 6330 1500 5550 1500
2 3 0 1 -1 -1 0 0 3 0.000 0 0 0 0 0 5
	 6225 900 5550 900 5550 375 6180 375 6225 900
2 3 0 1 -1 -1 0 0 3 0.000 0 0 0 0 0 5
	 6225 9600 5550 9600 5550 10125 6180 10125 6225 9600
2 3 0 1 -1 -1 0 0 3 0.000 0 0 0 0 0 5
	 5550 9000 5550 9525 6240 9525 6330 9000 5550 9000
2 3 0 1 -1 -1 0 0 3 0.000 0 0 0 0 0 5
	 5550 8400 5550 8925 6345 8925 6495 8400 5550 8400
2 3 0 1 -1 -1 0 0 3 0.000 0 0 0 0 0 5
	 6675 7800 5550 7800 5550 8325 6525 8325 6675 7800
2 2 0 1 -1 -1 0 0 3 0.000 0 0 0 0 0 5
	 5250 9825 5250 9225 5550 9225 5550 9825 5250 9825
2 2 0 1 -1 -1 0 0 3 0.000 0 0 0 0 0 5
	 4650 10425 4650 9825 4950 9825 4950 10425 4650 10425
2 2 0 1 -1 -1 0 0 3 0.000 0 0 0 0 0 5
	 4950 10125 4950 9525 5250 9525 5250 10125 4950 10125
2 2 0 1 -1 -1 0 0 3 0.000 0 0 0 0 0 5
	 4050 10425 4050 9825 4350 9825 4350 10425 4050 10425
2 2 0 1 -1 -1 0 0 3 0.000 0 0 0 0 0 5
	 4350 10125 4350 9525 4650 9525 4650 10125 4350 10125
2 2 0 1 -1 -1 0 0 3 0.000 0 0 0 0 0 5
	 4050 9825 4050 9225 4350 9225 4350 9825 4050 9825
2 2 0 1 -1 -1 0 0 3 0.000 0 0 0 0 0 5
	 4650 9825 4650 9225 4950 9225 4950 9825 4650 9825
2 2 0 1 -1 -1 0 0 3 0.000 0 0 0 0 0 5
	 4950 9525 4950 8925 5250 8925 5250 9525 4950 9525
2 2 0 1 -1 -1 0 0 3 0.000 0 0 0 0 0 5
	 5250 9225 5250 8625 5550 8625 5550 9225 5250 9225
2 2 0 1 -1 -1 0 0 3 0.000 0 0 0 0 0 5
	 5250 8625 5250 8025 5550 8025 5550 8625 5250 8625
2 2 0 1 -1 -1 0 0 3 0.000 0 0 0 0 0 5
	 4950 8925 4950 8325 5250 8325 5250 8925 4950 8925
2 2 0 1 -1 -1 0 0 3 0.000 0 0 0 0 0 5
	 4950 8325 4950 7725 5250 7725 5250 8325 4950 8325
2 2 0 1 -1 -1 0 0 3 0.000 0 0 0 0 0 5
	 4650 9225 4650 8625 4950 8625 4950 9225 4650 9225
2 2 0 1 -1 -1 0 0 3 0.000 0 0 0 0 0 5
	 4350 9525 4350 8925 4650 8925 4650 9525 4350 9525
2 2 0 1 -1 -1 0 0 3 0.000 0 0 0 0 0 5
	 4050 9225 4050 8625 4350 8625 4350 9225 4050 9225
2 2 0 1 -1 -1 0 0 3 0.000 0 0 0 0 0 5
	 4350 8925 4350 8325 4650 8325 4650 8925 4350 8925
2 2 0 1 -1 -1 0 0 3 0.000 0 0 0 0 0 5
	 4650 8625 4650 8025 4950 8025 4950 8625 4650 8625
2 2 0 1 -1 -1 0 0 3 0.000 0 0 0 0 0 5
	 5250 10425 5250 9825 5550 9825 5550 1025 5250 10425
2 2 0 1 -1 -1 0 0 3 0.000 0 0 0 0 0 5
	 4350 8325 4350 7725 4650 7725 4650 8325 4350 8325
2 2 0 1 -1 -1 0 0 3 0.000 0 0 0 0 0 5
	 4050 8625 4050 8025 4350 8025 4350 8625 4050 8625
2 3 0 1 -1 -1 0 0 3 0.000 0 0 0 0 0 5
	 3375 9600 4050 9600 4050 10125 3420 10125 3375 9600
2 3 0 1 -1 -1 0 0 3 0.000 0 0 0 0 0 5
	 4050 9000 4050 9525 3360 9525 3270 9000 4050 9000
2 3 0 1 -1 -1 0 0 3 0.000 0 0 0 0 0 5
	 4050 8400 4050 8925 3255 8925 3105 8400 4050 8400
2 3 0 1 -1 -1 0 0 3 0.000 0 0 0 0 0 5
	 2925 7800 4050 7800 4050 8325 3075 8325 2925 7800
2 3 0 1 -1 -1 0 0 3 0.000 0 0 0 0 0 17
	 2850 7500 2850 7725 4050 7725 4050 8025 4350 8025 4350 7725
	 4650 7725 4650 1 -1 -1 0 0 -1 0 0 1 0 0 3450 7725 5250 8025
	 5550 8025 5550 7725 6750 7725 6750 7500 2850 7500
2 1 0 3 -1 -1 0 0 -1 0.000 0 0 0 0 0 2
	 3015 6495 3075 0 6645 ALM\001
