#FIG 3.2
Lanpe
Center
In
Letter 
100.00
le
-2
# 
1200 2
5 1 0 7 26 7 0 0 -1 0 0 1 1 1 9111 6757 7050 6300 8025 8625 0 7350
	2 0 7.00.00 00
	1 0 7.00.00 00
2 2 0 3 0 7 0 0 -1 0.000 0 0 -1 0 0 5
	 5700 4425 8325 4425 8325 6300 5700 6300 5700 4425
2 1 0 8 4 7 0 0 -1 0 0 0 -1 0 1 2
	1 0 4.00.00 00
	0 5325 3225 5325
2 1 0 8 4 7 0 0 -1 0 0 0 -1 0 1 2
	2 0 5.00.00 00
	0 4425 7050 2325
2 1 0 16 1 7 0 0 -1 0.000 0 0 -1 1 1 3
	3 0 5.00.00.00
	2 1 5.00.00.00
75 2100 4125 2100 1650 3750
3 2 0 9 5 7 0 0 -1 0 0 1 1 4
	3 1 4.40.00.00
	2 1 8055 2820 6660
1 4 0 1 -1 -1 0 0 0 2
	 3675 6600 3885 6600
2 1 0 2 -1 -1 0 0 -1 0.000 0 0 0 0 0 2
	 3795 6450 3795 6420
2 4 0 2 -1 7 18 0 20 0 0 0 8 0 0 5
	 2700 3750 2700 6825 6900 6825 6900 3750 2700 3750
2 4 0 1 -1 7 17 0 20 0.000 0 0 7 0 0 5
	 2775 3825 2775 6225 4500 6225 4500 3825 2775 3825
2 4 0 1 -1 7 17 0 20 0.000 0 0 7 0 0 5
	 4500 3825 4500 6225 6825 6225 6825 3825 4500 3825
2 4 0 1 -1 7 20 0 20 0 0 0 5 0 0 5
	 2220 6300 2220 6600 2400 6600 2400 6300 2220 6300
2 2 0 1 -1 7 20 0 20 0 0 0 0 0 0 5
	 2280 3885 2280 4200 2400 4200 2400 3885 2280 3885
2 4 0 1 -1 7 20 0 20 0.000 0 0 5 0 0 5
	 7200 3900 7200 4200 7380 4200 7380 3900 7200 3900
2 4 0 1 -1 7 20 0 20 0.000 0 0 5 0 0 5
	 7200 6300 7200 6600 7380 6600 7380 6300 7200 6300
2 3 0 2 -1 32 18 0 20 0.000 0 0 0 0 0 7
	 2850 3225 2700 3525 2775 3675 6825 3675 6900 3525 6750 3225
	 2850 3225
2 3 0 2 -1 33 19 0 20 0 0 0 0 0 0 9
	 2775 3150 2550 3600 2550 6900 2775 7350 6825 7350 7050 6900
	0 3600 6825 3150 2775 3150
2 3 0 3 -1 34 20 0 20 0.000 0 0 0 0 0 9
	 2700 3000 2400 3600 2400 6900 2700 7500 6900 7500 7200 6900
	 7200 3600 6900 3000 2700 3000
4 0 -1 0 0 18 14 0. 4 165 345 4800 4350 AM\001
4 1 -1 0 0 18 18 0.0000 4 210 900 3285 3O\001
4 1 -1 0 0 18 14 00 4 165 480 6555 6645 CHR\001
4 1 -1 0 0 18 14 00 4 165 480 5910 6645 TMR\001
4 1 -1 0 0 18 14 00 4 165 600 5220 6645 DUAL\001
4 1 -1 0 0 18 14 00 4 165 465 4530 6645 ALM\001
