#FIG 3.2
Lanpe
Center
In
Letter 
100.00
le
-2
# 
1200 2
5 1 0 7 26 7 0 0 -1 0 0 1 1 1 9111 6757 7050 6300 8025 8625 0 7350
	2 0 7.00.00 00
	1 0 7.00.00 00
2 2 0 3 0 7 0 0 -1 0.000 0 0 -1 0 0 5
	 5700 4425 8325 4425 8325 6300 5700 6300 5700 4425
2 1 0 8 4 7 0 0 -1 0 0 0 -1 0 1 2
	1 0 4.00.00 00
	0 5325 3225 5325
2 1 0 8 4 7 0 0 -1 0 0 0 -1 0 1 2
	2 0 5.00.00 00
	 7050 4425 7050 2325
2 1 0 16 1 7 0 0 -1 0.000 0 0 -1 1 1 3
	3 0 5.00.00.00
	2 1 5.00.00.00
75 2100 4125 2100 1650 3750
3 2 0 9 5 7 0 0 -1 0 0 1 1 4
	3 1 4.40.00.00
	2 1 6.60.00.00
	 1575 8325 4200 8025 1725 7125 4050 6450
	00 -1.000 -1 0.000
3 0 0 11 31 7 0 0 -1 0 0 1 1 4
	0 0 1 660.00 .00
	0 0 8.00.00.00
	 1050 5550 3525 3300 3000 4950 6225 1575
	 0 1.000 1.000 0.000
4 1 18 0 0 0 14 00 4 195 2265 6975 5nger\001
4 1 18 0 0 0 14 0.0000 4 195 1770 6975 5475h20
20
5
6 30
5 
2 1
	 30
2 2
	 00
2 2
	325
0 2
	 45
2 1
	 2
2 1
	 40
2 2
	 700
0 2
700
0 2
700
-6
665
33
	 65
	00
33
	 65
	00
-6
6 85
2 2
	85
2 2
	185
-6
6
5 1355
935
0 2
0
2 2
	 355
0 2
5
2 2
	 115
0 2
0
-6
6 400
55
2 2
	 500
0 2
0
2 2
	 325
0 2
0
2 2
	 700
0 2
0
2 2
	 700
0 2
0
2 2
	 700
-6
6
5 1935
0 2
0
2 2
	 355
0 2
5
2 2
	 115
0 2
0
-6
1 3290
1 3 
1 3
1 365
160
15
1 60
2 2
	80
2 2
	140
 0 2
	 300
2 2
	 354
2 1
	 485
2 2
	1470
2 40 5
755
 5
	55
2 2
	 382
2 1
	 455
2 2
	4500
2 1
	 400
2 2
	5
2 2
	 450
0 2
0
2 2
	 765
0 2
0
2 2
	 540
0 2
5
2 2
	 270
0 2
0
2 2
	‡255
0 2
0
2 
2 1
	 395
2 U
	 295
2 40 5
300
0 2
5
2 2
	 765
0 2
5
2 2
	 0
2 2
	 
2 1
	 3780
0 2
0
@ 2
	 450
0 2
0
2 2
	 780
0 2
5
2 2
	 240
0 2
0
2 2
	 060
0 2
5
2 2
	 045
0 2
2
	 295
0 2
5
2 2
	 285
0 2
0
2 2
	 355
0 2
0
2 2
	 480
0 2
0
2 2
	 715
0 2
0
2 2
	 
2 1
	 150
2 2
	330
0 2
405
0 2
6465
2 1
	 40
2 2
	 305
0 2
 5
2 2
	 378
2 1
	 300
2 2
	7950
2 1
	 320
2 2
	 315
2 1
	 335
2 2
	6435
2 1
	 335
2 2
	 414
2 1
	 340
2 2
	6975
2 1
	 390
2 2
	 412
2 1
	 485
2 2
	6330
2 1
	 705
2 2
	 798
2 1
	 740
2 2
	7305
2 1
	 665
2 2
	 465
2 1
	 400
2 2
	7920
2 1
	 575
2 2
	 526
2 1
	 435
2 2
	6435
2 1
	 435
2 2
	 445
2 1cks\001
4 0 0.
2