#FIG 3.2
Lanpe
Center
In
Letter 
100.00
le
-2
#1905
5 17520
4 1 0 1 -1 -1 0 0 -1 5895 9  420 640
	 300
27
	 775
5
	 0
2 0 5
700
5
	 0
2 0 5
0
2 0 
	 4
2 2 5
	75
2
	 5
2 2 5
	75
)
	 4
2 2 5
	75
2
	 
	 5
2 0 5
275
5
	 75
2
	 4275
5
	 75
2
	 4375
5
	 5
2 0 5
75
2
	 4
2 2 5
	675
5
	 0
2 0 5
100
5
	 500
5
	 
2 3 5
	 622
2 3 5
	00
2
	 5
2 3 5
	00
2
	 5
2 2 5
	5
2 0 5
25
2
	 4R\001
4 1 -1 0 0 18 14 00 0 0 0 0 0 5
	 
2 2 5
	25
2
	 4
2 2 5
	25
2
	 5
2 2 5
	25
2
	 4
2 2 5
(25
2
	 4
2 2 5
	25
2
	 4
2 2 5
	25
2
	 4
2  1 -1 -1 0 0 -1 0.000 0 1 0 0 3917..495 3840 7230 3870 7305 3930 7320
5 1 0 1 )1 -1 0 0 -1 0 0 1 0 0 3900 6500 3990 6855 3930 6900 3990 6960
5 1 0 1 -1 -1 ﻟ0 -1 0 0 0 0 0 7970 6340 7995 6225 80K0 6300 80675 412raft\001
4 0 -1 0 0 0 12 00 0 180 2520 6675 4935 contact: ph 6900 4440 6960
5 1 0 1 -1 -1 0 0 -1 0.000 0 1 0 0 3855..195 3795 7290 3810 7380 3870 7395
5 
	 4375
5
	 5
2 0 5
75
2
	 4
2 2 5
	675
5
	 0
2 0 5
<00
5
	 500
5
	 
2 3 5
	 622
2 3 5
	00
2
	 5
2 3 5
	00
2
	 5
2 2 5
	5
2 0 5
25
2
	 4R\001
4 1 -1 0 0 18 14 00 0 0 0 0 0 5
	 
2 2 5
	25
2
	 4
2 2 5
	25
2
	 5
2 2 5
	25
2
	 4
2 2 5
(25
2
	 4
2 2 5
	25
2
	 4
2 2 5
	25
2
	 4
30 7320
5 1 0 1 )1 -1 0 0 -1 0 0 1 0 0 3900 6500 3990 6855 3930 6900 3990 6960
5 1 0 1 -1 -1 0 0 -1 0 0 0 0 0 7970 6340 7995 6225 8070 6300 80675 412raft\001
4 0 -1 0 0 0 12 0. 0 180 2520 6675 4935 contact: ph 6900 4440 6960
5 1 0 1 -1 -1 0 0 -1 0.000 0 1 0 0 3855..195 3795 7290 3810 7380 3870 7395
5 1 ) 1 -1 -1 0 0 -1 0 0 0 0 0 4570 7195 4635 7290 4620 7380 4560 7395
5 1 0 1 7290 3810 7380 3870 7395
5C1 0 1 -1 -1 0 0 -1 0 0 0 0 0 4570 7195 4635 7290 4620 7380 4560 7395
5 1 0 1 -1 -1 0 0 -1 0 0 0 0 0 3645 9239 3705 9225 3690 9300 3630 9315
6 345 1470 3825 2700
5 39 3705 9225 3690 9300 3630 9315
6 345 1470 3825 2700
5 1 0 1 -1 -1 0 0 -1 0.000 0 1 0 0 477.495 1602.495 480 1500 405 1530 0 -1 0.000 0 0 -1 0 0 2
	 3825 1500 450 1500
2 1 0 1 -1 -1 0 0 -1 0.000 0 0 -1 0 0 2
	 3825 1800 450 1800
2 1 0 1 -1 -1 0 2
	 3825 2325 450 2325
2 1 0 1 -1 -1 0 0 -1 0.000 0 0 -1 0 0 2
	 450 2400 2325 2400
2 1 0 1 -1 -1 0 0 -1 0.000 0 0 -1 0 0 2
	 2325 2400 2325 1 0 1 -1 -1 0 0 -1 0 0 0 0 0 4570 7195 4635 7290 4620 7380 4560 7395
5 1 0 1 7290 3810 7380 3870 7395
5C1 0 1 -1 -1 0 0 -1 0 0 0 0 0 4570 7195 4635 7290 4620 7380 460 7395
5 1 0 1 -1 -1 0 0 -1 0 0 0 0 0 3645 9239 3705 9225 3690 9300 3630 9315
6 345 1470 3825 2700
5 39 3705 9225 3690 9300 3630 9315
6 345 1470 3825 2700
5 1 0 1 -1 -1 0 0 -1 0.000 0 1 0 0 477.495 1602.495 480 1500 405 1530 0 -1 0.000 0 0 -1 0 0 2
	 3825 1500 450 1500
2 1 0 1 -1 -1 0 0 -1 0.000 0 0 -1 0 0 2
	 3825 1800 450 1800
2 1 0 1 -1 -1 0 2
	 3825 2325 450 2325
2 1 0 1 -1 -1 0 0 -1 0.000 0 0 -1 0 0 2
	 450 2400 2325 2400
2 1 0 1 -1 -1 0 0 -1 0.000 0 0 -1 0 0 2
	 2325 2400 2325 2700
2 1 0 1 -1 -1 0 0 -1 0.000 0 0 -1 0 0 2
	 450ﹽﹽﹽ0 3825 2700
2 1 0 1 -1 -1 0 0 -1 0.000 0 0 -1 0 0 2
	 3825 1500 3825 27000 0 0 0 5
	 
2 2 5
	25
2
	 4
2 2 5
	25
2
	 5
2 2 5
	25
2
	 4
2 2 5
(25
2
	 4
2 2 5
	25
2
	 4
2 2 5
	25
2
	 4
   1 -1 -1 0 0 -1 0.000 0 1 0 005 3930 95 3840 7230 3870 7305 3930 7320
5 1 0 1 )1 -1 0 0 -1 0 0 1 0 0 3900 6500 3990 6855 3930 6900 3990 6960
5 1 0 1 -1 -1 0 0 -1 0 0 0 0 0 7970 6340 7995 6225 8070ﹼ5300 80675 412raft\001
4 0 -1 0 0 0 12 00 0 180 2520 6675 4contact: ph 6900 4440 6960
5 1 0 1 -1 -1 0 0 -1 0.000 0 1 0 0 385 -1 0 0 2
	 375 2700 525 2700
-6
6 4125 270 4335 465
3 0 0 1 -1 -1 0 0 -1 0.000 0 0 0 3
	 4230 270 4140 330 4125 465
	 0 1.0.000
3 0 0 1 -1 -1 0 0 -1 0.000 0 0 0 3
	 4230 S70 4320 330 4335 465
	 0 1.0.000
-6
6 3975 585 4200 1185
2 1 0 1 -1 -1 0 0 -1 0.000 0 0 -1 0 0 2
	 3975 585 4200 585
2 1 0 1 -1 -1 0 0 -1 0.000 0 0 -1 0 0 2
	 4200 585 4200 1185
-6
6 3150 4575 4170 5355
5 1 0 1 -1 -11 -1 0  0 0 1 0 0 3266.2955.625 3225 4845 3180 4875 3150 4935
2