#FIG 3.2
Lanpe
Center
In
Letter 
100.00
le
-2
#1905
5 17520
4 1 0 1 -1 -1 0 0 -1 5895 9  420 6405
5 0
5 7
	 235
190
 7
	5205
	 5
2 30 7
0
	 5
2 
	 520
	75
27
	 
	 6
2 10 2
0
2 
	 300
22
	 525
4375
5
	 5
2
75
2
	 4
2 2 5
	675
5
	 0
2
100
5
	 500
5
	 
2 3 5
2
2 3 5
	00
2
	 5
2 3 5
	00
2
	 5
2 2 5
	5
2
25
2
	 4R\00q
4 1 -1 0 0 18 14 00 0 0 0 0 0 5
	 
2 2 5
	25
2
	 4
2 2 5
	25
2
	 5
2 2 5
	25
2
	 4
2 2 5
(25
2
	 4
2 2 5
	25
2
	 4
2 2 5
	25
2
	 4
2 2 5
	5
2 0 5
325
5
	 5
2 0 5
0
2 0 5
000
5
	 0
2 0 5
800
17
	7725
	 425
	00
22
	 495
 2
	 301
2 10 4
0
2 
	 350
22
	 600
 2
	6420
2 40 5
750
 5
	25
25
	 5
2 
	 2
2 20 5
885
 5
	00
25
	 0
2 7
	 225
225
0 95
2 0 5
0
2 0 5
000
5
	 0
2 0 5
800
17
	7725
	 425
	00
22
	 495
 2
	 301
2 10 4
0
2 
	 350
22
	 600
 2
	6420
2 40 5
750
 5
	25
25
	 5
2 
	 2
2 20 5
885
 5
	00
25
	 0
2 7
	 225
225
0 9
 2
	6840
2 1
	 475
2 2
	00
2
	 470
2 2
	7185
2 1
	 365
2 2
	 409
2 1
	 475
2 2
	7395
2 1
	 305
2
2 1
	 535
22
	 970
0 2
0
2 2
	 450
0 2
5
2 2
	 5
2 2
	 85
2 2
	00
2 2
	 802
2 1
	 415
2 2
	6330
2 1 2
	 421
2 1
	 415
33
	 80
	00
33
	 515
000
 4
	1155
	 000
34
	 155
0
3 
	 3
	 0
3 00 3
255
000
 3
	60
	00
34
	 165
0
3 
	 180
	00 1
3 00 4
0
	 000
 6
	 406
	 000
34
	 255
0
3 
	 315
	.000
3 00 8
35
	 393
	 000
38
	 305
0
	 000
 6
	8970
	 000
33
	 0
	 0
3 
	 3
	 0
3 00 3
360
000
 3
	 445
	 0
3 00 4
0
	 000
ft\001
4 0 -1 0 0 0 12 00 0 180 2520 6675 49ca\001
4 0 -1 0 0 0 12 00 0 135 1560 6675 43ks\001
4 7 -1 0 0 0 12 00 0 165 2265 6675 45da\001
