#FIG 2.0
800 0 0
1 3 0 1 0 0 0 050.000 1 0.000 159 159 5 5 15  159 1800 0 0
1 3 0 1 0 0 0 050.000 1 0.000 159 159 5 5 15  159 159 159 164
2 1 1 1 0 0 01 0 0 0
	 159 164 159 199 9999 99199 479 199 9999 9999
2 1 0159 199 199
1 3 0 1 0 0 0 0 0.000 1 0.000 159 159 5 5 159 159 159 164
2 1 1 1 0 0 01 0 0 0
	 159 164 159 199 9999 99199 479 199 9999 9999
2 1 0 1 0 0 0 060.000 0 0ﮦ	 74 198 119 199 9999 9999
2 1 0 1 0 0 0 0 0.000 1 0
	0 0 1.000 4 8.000
	 79 179 109 179 9999 9999
2 1 0 1 0 0 0 0 0.000 1 0
	0 0 1.001 0ﹽﹽﹽ
