#FIG 2.0
80 2
5 1 0 1 0 0 0 0 0.000 0 0 0 1959 159 5 5 159 159 159 164
2 1 1 1 0 0 0 1 0 0 999
2 1 0 0 0
	 159 159 159 159 9999 9 199
1 3 0 1 0 0 0 0 0.000 1 0.000 159 159 5 5 159 159 159 164
2 1 1 1 0 0 0 1 0 0 999
2 1 0 0 0
	 159 159 159 159 9999 9 199 199
1 3 0 1 0 0 0 0 0 1 0 159 159 5 5 159 159 159 164
2 1 1 1 0 0 0 1 0 0 999
2 1 0 0 0
	 159 159 159 159 9999 974 199 119 199 9999 9999
2 1 0 1 0 0 0 0 0 1 0
	0 0 1 4 8
	 79 179 109 17 360 6300 420 6405
5 1 0 1 -1 -1 0 0 -1 0 0 1 0 0 3400 7500 3510 7665 3435 7