#FIG 3.2
Lanpe
Center
In
Letter 
100.00
le
-2
# lan
1200 2
5 1 0 1 -1 -1 0 0 -1 0 0 1 0 0 1500 6500 825 6150 1050 6750 1650 6975
5 1 0 1 -1 -1 0 0 -1 0.000 0 0 0 0 0 6300 1 6375 11250 5775 11925 5475
5 1 0 1 -1 -1 0 0 -1 0.000 0 0 0 0 5210 .210 6060 4635 6000 4800 5835 4860
5 1 0 1 -1 -1 0 0 -1 0 0 1 0 0 7000 1000 6525 1800 6675 2250 7125 2400
5 1 0 1 -1 -1 0 0 -1 0 0 0 0 00.0075.000 9525 1800 9375 2250 8925 2400
5 1 0 1 -1 -1 0 0 -1 0.000 0 0 0 0 .5007.500 7050 4725 6825 5325 6225 5550
5 1 0 1 -1 -1 0 0 -1 0.000 0 1 0 0 2460..000 3225 5550 3000 4950 2400 4725
1 3 0 1 -1 -1 0 0 -1 0 1 00 4635 4545 105 105 4635 4545 4710 462
1 3 0 1 -1 -1 0 0 -1 0.000 1 0. 5025 4545 75 75 5025 45 6855 3930 6900 3990 6960
5 1 0 1 -1 -1 0 0 -1 0 0 0 0 0 7970 6340 7995 6225 8070 6300 80675 412raft\001
4 0 -1 0 0 0 12 0.0000 0 180 2520 6675 4935 contact: ph 6900 4440 6960
5 1 0 1 -1 -1 0  0 3855..195 3795 7290 3810 7380 3870 7395
5 1 0 1 -1 -1 0 0 -1 0 0 0 0 0 4570 7 0.000 0 0 0 0 7997.505 1602.495 7995 1500 8070 1530 8100 1605
2 1 0 1 -1 -1 0 0 -1 0.000 0 0 -1 0 0 2
	 4650 1500 8025 1500
2 1 0 1 -1 -1 0 0 -1 0.000 0 0 -1 0 0 2
	 4650 1800 8025 1800
2 1 0 1 -1 -1 0 0 -1 0.000 0 0 -1 0 0 2
	 4650 2325 8025 2325
2 1 0 1 -1 -1 0 0 -1 0.000 0 0 -1 0 0 2
	 8025 2400 6150 2400
2 1 0 1 -1 -1 0 0 -1 0.000 0 0 -1 0 0 2
	 6150 2400 6150 2700
2 1 0 1 -1 -1 0 0 -1 0.000 0 0 -1 0 0 2
	 8025 2700 4650 2700
2 1 0 1 -1 -1 0 0 -1 0.000 0 0 -1 0 0 2
	 4650 1500 4650 2700
2 1 0 1 -1 -1 0 0 -1 0.000 0 0 -1 0 0 2
	 8100 1575 8100 2700
2 1 0 1 -1 -1 0 0 -1 0.000 0 0 -1 0 0 2
	 8100 2700 7950 2700
-6
6 4305 4575 5325 5355
5 1 0 1 -1 -1 0 0 -1 0.000 0 0 0 0 5208.750 4955.625 5250 4845 5295 4875 5325 4935
2 1 0 1 -1 -1 0 0 -1 0.000 0 0 -1 0 0 2
	 4380 4575 5265 4830
2 1 0 1 -1 -1 0 0 -1 0.000 0 0 -1 0 0 2
	 5310 4935 5310 5355
2 1 0 1 -1 -1 0 0 -1 0.000 0 0 -1 0 0 2
	 5325 5355 4425 5355
2 1 0 1 -1 -1 0 0 -1 0.000 0 0 -1 0 0 2
	 4425 5355 4305 5115
2 1 0 1 -1 -1 0 0 -1 0.000 0 0 -1 0 0 2
	 5310 10530 6945 9465
2 1 0 1 -1 -1 0 0 -1 0.000 0 0 -1 0 0 2
	 1980 9345 2520 9450
2 1 0 1 -1 -1 0 0 -1 0.000 0 0 -1 0 0 2
	 2595 9180 2460 9720
2 1 0 1 -1 -1 0 0 -1 0.000 0 0 -1 0 0 2
	 2490 9630 2835 9765
2 1 0 1 -1 -1 0 0 -1 0.000 0 0 -1 0 0 2
	 1920 9495 1920 9600
2 1 0 1 -1 -1 0 0 -1 0.000 0 0 -1 0 0 2
	 1980 9195 1980 9540
2 1 0 1 -1 -1 0 0 -1 0.000 0 0 -1 0 0 2
	 1995 9285 2355 9285
2 1 0 1 -1 -1 0 0 -1 0.000 0 0 -1 0 0 2
	 2205 9270 2550 9270
2 1 0 1 -1 -1 0 0 -1 0.000 0 0 -1 0 0 2
	 2580 9165 2925 8850
2 . 0 1 -1 -1 0 0 -1 0.000 0 0 -1 0 0 2
	 2940 8865 2925 9255
2 1 0 1 -1 -1 0 0 -1 0.000 0 0 -1 0 0 2
	 4080 8820 4080 8940
2 1 0 1 -1 -1 0 0 -1 0.000 0 0 -1 0 0 2
	 3750 8850 3750 8895
2 1 0 1 -1 -1 0 0 -1 0.000 0 0 -1 0 0 2
	 3750 8895 4080 8895
2 1 0 1 -1 -1 0 1 0 1 -1 -1 0 0 -1 0.000 0 0 -1 0 0 2
	 4050 615 3990 1140
2 1 0 1 -1 -1 0 0 -1 00 0 0 -1 0 0 2
	 3405 395 3405 1500
2 1 0 1 -1 -1 0 0 -1 0.000 0 0 -1 0 0 2
	 3540 1380 3540 1485
2 1 0 1 -1 -1 0 0 -1 0.000 0 0 -1 0 0 2
	 4905 1380 4905 1485
2 1 0 -1 0.000 0 0 -1 0 0 2
	 3825 2715 4185 5055
2 1 0 1 -1 -1 0 0 -1 0.000 0 0 -1 0 0 2
	 4620 2715 4260 5055
2 1 0 1 -1 -1 0 0 -1 0.000 0 0 -1 0 0 2
	 4020 3285 4215 4500
2 1 0 1 -1 -1 0 0 -1 0.000 0 0 -1 0 0 2
	 4440 3285 4245 4500
2 1 0 1 -1 -1 0 0 -1 0.000   0 -1 0 0 2
	 2265 10530 6945 9465
2 1 0 1 -1 -1 0 0 -1 0.000 0 0 -1 0 0 2
	 1980 9345 2520 9450
2 1 0 1 -1 -1 0 0 -1 0.000 0 0 -1 0 0 2
	 2595 9180 2460 9720
2 1 0 1 -1 -1 0 0 -1 0.000 0 0 -1 0 0 2
	 2490 9630 2835 9765
2 1 0 1 -1 -1 0 0 -1 0.000 0 0 -1 0 0 2
	 1920 9495 1920 9600
2 1 0 1 -1 -1 0 0 -1 0.000 0 0 -1 0 0 2
	 1980 9195 1980 9540
2 1 0 1 -1 -1 0 0 -1 0.000 0 0 -1 0 0 2
	 1995 9285 2355 9285
2 1 0 1 -1 -1 0 0 -1 0.000 0 0 -1 0 0 2
	 2205 9270 2550 9270
2 1 0 1 -1 -1 0 0 -1 0.000 0 0 -1 0 0 2
	 2580 9165 2925 8850
2 1 0 1 -1 -1 0 0 -1 0.000 0 0 -1 0 0 2
	 2940 8865 2925 9255
2 1 0 1 -1 -1 0 0 -1 0.000 0 0 -1 0 0 2
	 4080 8820 4080 8940
2 1 0 1 -1 -1 0 2
	 3750 8895 4080 8895
2 1 0 1 -1 -1 0 0 -1 0.000 0 0 -1 0 0 2
	 2955 8850 4080 8850
2 4 0 1 -1 -1 0 0 -1 0.000 0 0 7 0 0 5
	 4035 9300 4035 8985 3795 8985 3795 9300 4035 9300
2 1 0 1 -1 -1 0 0 -1 0.000 0 0 -1 0 0 2
	 3660 9315 3120 9315
2 1 0 1 -1 -1 0 0 -1 0.000 0 0 -1 0 0 2
	 3255 8895 2970 9765
2 1 0 1 -1 -1 0 0 -1 0.000 /ﹼ0 -1 0 0 2
	 3195 8895 2925 9765
2 1 0 1 -1 -1 0 0 -1 0.000 0 0 -1 0 0 2
	 2595 10200 3270 10200
2 1 0 1 -1 -1 0 0 -1 0.000 0 0 -1 0 0 2
	 2910 9960 2895 10440
2 1 0 1 -1 -1 0 0 -1 0.000 0 0 -1 0 0 2
	 3075 10080 3390 9780
2 1 0 1 -1 -1 0 0 -1 0.000 0 0 -1 0 0 2
	 3015 9660 3390 9660
2 1 0 1 -1 -1 0 0 -1 0.000 0 0 -1 0 0 2
	 3390 9660 3735 9450
2 1 0 1 -1 -1 0 0 -1 0.000 0 0 D1 0 0 2
	 3600 9360 3690 9360
2 1 0 1 -1 -1 0 0 -1 0.000 0 0 -1 0 0 2
	 2910 9780 3435 9780
2 1 0 1 -1 -1 0 0 -1 0.000 0 0 -1 0 0 2
	 3420 9780 3750 9615
2 1 0 1 -1 -1 0 0 -1 0.000 0 0 -1 0 0 2
	 3435 9780 6690 9240
2 1 0 1 -1 -1 0 0 -1 0.000 0 0 -1 0 0 2
	 3765 9600 5985 9270
2 1 0 1 -1 -1 0 0 -1 0.000 0 0 -1 0 0 2
	 4140 8955 4395 9060
2 1 0 1 -1 -1 0 0 -1 0.000 0 0 -1 0 0 2
	 4395 9060 6000 9165
2 1 0 1 -1 -1 0 0 -1 0.000 0 0 -1 0 0 2
	 4110 8940 5880 9045
2 1 0 1 -1 -1 0 0 -1 0.000 0 0 -1 0 0 2
	 6225 8295 5895 9045
2 1 0 1 -1 -1 0 0 -1 0.00
2 1 0 1 -1 -1 0 0 -1 0.000 0 0 -1 0 0 2
	 5325 5355 4425 5355
2 1 0 1 -1 -1 0 0 -1 0.000 0 0 0 -1 0 0 2
	 6225 8295 6690 8295
2 1 0 1 -1 -1 0 0 -1 0.000 0 0 -1 0 0 2
	 6195 8355 6705 8355
2 1 0 1 -1 -1 0 0 -1 0.000 0 0 -1 0 0 2
	 6390 8295 6390 9285
2 1 0 1 -1 -1 0 0 -1 0.000 0 0 -1 0 0 2
	 6705 8295 6705 9240
2 1 0 1 -1 -1 0 0 -1 0.000 0 0 -1 0 0 2
	 6195 8355 6705 8355
2 1 0 1 -1 -1 0 0 -1 0.000 0 0 -1 0 0 2
	 6420 9300 66 0 0 -1 0.000 0 0 -1 0 0 2
	 6225 8295 6690 8295
2 1 0 1 -1 -1 0 0 -1 0.000 0 0 -1 0 0 2
	 6195 8355 6705 8355
2 1 0 1 -1 -1 0 0 -1 0.000 0 0 -1 0 0 2
	 6390 8295 6390 9285
2 1 0 1 -1 -1 0 0 -1 0.000 0 0 -1 0 0 2
	 6(05 8295 6705 9240
2 1 0 1 -1 -1 0 0 -1 0.000 0 0 -1 0 0 2
	 6195 8355 6705 8355
2 1 0 1 -1 -1 0 0 -1 0.000 0 0 -1 0 0 2
	 6420 9300 6645 9480
2 1 0 1 -1 -1 0 0 -1 0.000 0 0 -1 0 0 2
	 6360 9315 6630 9480
2 1 0 1 -1 -1 0 0 -1 0.000 0 0 -1 0 0 2
	 2595 9270 2670 9270
2 1 0 1 -1 -1 0 0 -1 0.000 0 0 -1 0 0 2
	 3825 2715 4650 2715
2 1 0 1 -1 -1 0 0 -1 0.000 0 0 -1 0 0 2
	 3825 1500 4665 1500
2 1 0 1 -1 -1 0 0 -1 0.000 0 0 -1 0 0 2
	 2895 9795 2910 10020
2 1 0 1 -1 -1 0 0 -1 0.000 0 0 -1 0 0 2
	 1905 9270 1905 9450
2 1 0 1 -1 -1 0 0 -1 0.000 0 0 -1 0 0 2
	 420 6225 3825 6330
2 1 0 1 -1 -1 0 0 -1 0.000 0 0 -1 0 0 2
	 450 6225 450 6405
2 1 0 1 -1 -1 0 0 -1 0.000 0 0 -1 0 0 2
	 450 6345 3795 6465
2 1 0 1 -1 -1 0 0 -1 0.000 0 0 -1 0 0 2
	 450 6405 3765 6540
2 0 0 -1 0 0 2
	 2460 6495 3765 7305
2 1 0 1 -1 -1 0 0 -1 0.000 0 0 -1 0 0 2
	 2355 6495 3765 7365
2 1 0 1 -1 -1 0 0 -1 0.000 0 0 -1 0 0 2
	 3780 7380 3540 7725
2 1 0 1 -1 -1 0 0 -1 0.000 0 0 -1 0 0 2
	 3870 7395 3525 7800
2 1 0 1 -1 -11 0.5
2 1 0 1 -1 -1 0 0 -1 0.000 0 0 -1 0 0 2
	 7980 6345 4635 6465
2 1 0 1 -1 -1 0 0 -1 0.000 0 0 -1 0 0 2
	 7980 6405 4665 6540
2 1 0 1 -1 -1 0 0 -1 0.000 0 0 -1 0 0 2
	 5970 6495 4665 7305
2 1 0 1 -1 -1 0 0 -1 0.000 0 0 -1 0 0 2
	 6075 6495 4665 7365
2 1 0 1 -1 -1 0 0 -1 0.000 0 0 -1 0 0 2
	 4650 7380 4890 7725
2 1 0 1 -1 -1 0 0 -1 0.000 0 0 -1 0 0 2
	 4560 7395 4905 7800
2 1 0 1 -1 -1 0 0 -1 0.000 0 0 -1 0 0 2
	 4905 7650 4905 7920
2 1 0 1 -1 -1 0 0 -1 0.000 0 0 -1 0 0 2
	 5280 6675 4665 6675
2 1 0 1 -1 -1 0 0 -1 88888888888888888888888888888888888888888888888888888888888888888888888888888888888888888888888888888888888888888888888888888888888888888888888888888888888888888888888888888888888888888888888888888888888885
2 1 0 1 -1 -1 0 0 -1 0.000 0 0 -1 0 0 2
	 4575 6435 4290 6435
2 1 0 1 -1 -1 0 0 -1 0.000 0 0 -1 0 0 2
	 4290 6360 4290 6435
2 1 0 1 -1 -1 0 0 -1 0.000 0 0 -1 0 0 2
	 4455 6840 4290 6840
2 1 0 1 -1 -1 0 0 -1 0.000 0 0 -1 0 0 2
	 4455 6975 4305 6975
2 1 0 1 -1 -1 0 0 -1 0.000 0 0 -1 0 0 2
	 4635 6465 4635 7290
2 1 0 1 -1 -1 0 0 -1 0.000 0 0 -1 0 0 2
	 4305 7050 4290 7170
2 1 0 1 -1 -1 0 0 -1 0.000 0 0 -1 0 0 2
	 4290 7170 4215 7185
2 1 0 1 -1 -1 0 0 -1 0.000 0 0 -1 0 0 2
	 3795 6465 4635 6465
2 1 0 1 -1 -1 0 0 -1 0.000 0 0 -1 0 0 2
	 4095 7035 4095 7275
2 1 0 1 -1 -1 0 0 -1 0.000 0 0 -1 0 0 2
	 4335 7035 4335 7275
2 1 0 1 -1 -1 0 0 -1 0.000 0 0 -1 0 0 2
	 3870 7395 4560 7395
2 1 0 1 -1 -z 0 0 -1 0.000 0 0 -1 0 0 2
	 3165 6705 3765 6705
2 1 0 1 -1 -1 0 0 -1 0.000 0 0 -1 0 0 2
	 4665 6705 5280 6705
2 1 0 1 -1 -1 0 0 -1 0.000 0 0 -1 0 0 2
	 5070 7650 5070 7935
2 1 0 1 -1 -1 0 0 -1 0.000 0 0 -1 0 0 2
	 3255 8970 3720 8970
2 1 0 1 -1 -1 0 0 -1 0.000 0 0 -1 0 0 2
	 3705 8985 3705 9270
2 1 795 2910 10020
2 1 0 1 -1 -1 0 0 -1 0.000 0 0 -1 0 0 2
	 1905ﻟ270 1905 9450
2 1 0 1 -1 -1 0 0 -1 0.000 0 0 -1 0 0 2
	 420 6225 3825 6330
2 1 0 1 -1 -1 0 0 -1 0.000 0 0 -1 0 0 2
	 450 6225 450 6405
2 1 0 1 -1 -1 0 0 -1 0.000 0 0 -1 0 0 2
	 450 6345 3795 6465
2 1 0 1 -1 -1 0 0 -1 0.000 0 0 -1 0 0 2
	 450 6405 3765 6540
2  0 1 -1 -1 0 0 -1 0.000 0 0 -1 0 0 2
	 2460 6495 376500 2085 9660 2460 9735 2895 9780
	 0.000 1.000 1.000 0.000
3 0 0 1 -1 -1 0 0 -1 0.000 0 0 0 6
	 4065 8820 3630 8715 3255 8670 2970 8730 2925 8775 2940 8835
	 0.000 1.000 1.000 1.000 1.000 0.000
3 0 0 1 -1 -1 0 0 -1 0.000 0 0 0 4
	 2595 9180 2655 9225 2775 9255 2910 9255
	 0.000 1.000 1.000 0.000
3 0 0 1 -1 -1 0 0 -1 0.000 0 0 0 4
	 3015 8955 2955 8970 2955 9030 2955 9615
	 0.000 1.000 1.000 0.000
3 0 0 1 -1 -1 0 0 -1 0.000 0`0 0 8
	 4215 6765 3930 6765 3855 6795 3840 6855 3840 7245 3870 7305
	 3930 7320 4215 7320
	 0.000 1.000 1.000 1.000 1.000 1.000 1.000 0.000
3 0 0 1 -1 -1 0 0 -1 0.000 0 0 0 8
	 4215 6765 4500 6765 4575:6795 4590 6855 4590 7245 4560 7305
	 4500 7320 4215 7320
	 0.000 1.000 1.000 1.000 1.000 1.000 1.000 0.000
3 0 0 1 -1 -1 0 0 -1 0.000 0 0 0 6
	 3060 9315 2985 9315 2985 9315 2985 9000 3045 8970 3150 8970
	 0.000 1.000 1.000 1.000 1.000 0.000
3 0 0 1 -1 -1 0 0 -1 0.000 0 0 0 3
	 2940 8865 2970 8925 3180 8940
	 0.000 1.000 0.000
3 0 0 1 -1 -1 0 0 -1 0A000 0 0 0 3
	 3270 8940 3630 8940 4140 8940
	 0.000 1.000 0.000
3 0 0 1 -1 -1 0 0 -1 0.000 0 0 0 3
	 1890 9285 1785 9315 1740 9360
	 0.000 1.000 0.000
3 0 0 1 -1 -1 0 0 -1 0.000 0 0 0 3
	 4455 480 4515 570 4665 1515
	 0.000 1.000 0.000
3 0 0 1 -1 -1 0 0 -1 0.000 0 0 0 4
	 4170 5685 4215 5655 4260 5700 4245 5700
	 0.000 1.000 1.000 0.000
4 0 -1 0 0 0 12 0.0000 0 180 2580 6675 4125 from: The Design of Light Aircraft\001
4 0 -1 0 0 0 12 0.0000 0 180 2520 6675 4935 con@act: phiscock@ee.ryerson.ca\001
4 0 -1 0 0 0 12 0.0000 0 135 1560 6675 4D. Hiscocks\001
4 0 -1 0 0 0 12 0.0000 0 165 2265 6675 4500uver, BC, Canada\001
