#FIG 3.2
Lanpe
Center
In
Letter 
100.00
le
-2
# 
1200 2
5 1 0 7 26 7 0 0 -1 0 0 1 1 1 9111 6757 7050 6300 8025 8625 0 7350
	2 0 7.00.00 00
	1 0 7.00.00 00
2 2 0 3 0 7 0 0 -1 0.000 0 0 -1 0 0 5
	 5700 4425 8325 4420 6690 9120
5 1 0 1 -1 -1 0 0 -1 0.000 0 1 0 6705 9120
5 1 0 1 -1 -1 0 0 -1 0.0070 0 0 1 0 0 440 6040 435 6225 360 6300 420 6405
5 1 0 1 -1
5 1 0 1 -1 -1 0 0 -1 0 0 0 0 0 3440 7900 3510 700000000000000000000 000 8985 3795 80675
4 0 -1 0 0 0 1 -1 -1 0 0 -1 0.000 0 0 -1 0 0 2
	 3660!9315 3120 9315
2 1 0 1 -1 -1 0 0 -1 0.000 0 0 -1 0 0 2
	 3255 8895 2970 9765
2 1 0 1 -1 -1 0 0 -1 0.000 0 0 -1 0   2
	 3195 8895 2925 9765
2 1 0 1 -1 -1 0 0 -1 0.000 0 0 -1 0 0 2
	 2595 10200 3270 10200
2 1 0 1 -1 -1 0 0 -1 0.000 0 0 -1 0 0 2
	 2910 9960 2895 10440
2 1┴0 1 -1 -1 0 0 -1 0.000 0 0 -1 0 0 2
	 3075 10080 3390 9780
2 1 0 1 -1 -1 0 0 -1 0.000 0 0 -1 0 0ĘĘĘĘ│ĘĘĘĘĘĘĘĘĘĘĘĘĘĘĘĘĘĘĘĘĘĘĘĘĘĘĘĘĘĘĘĘĘĘĘĘĘĘĘĘĘĘĘĘĘĘĘĘĘĘĘĘĘĘĘĘĘĘĘĘĘĘĘĘĘĘĘĘĘĘĘĘĘĘĘĘĘĘĘĘĘĘĘĘĘĘĘĘĘĘĘĘĘĘĘĘĘĘĘĘĘĘĘĘĘĘĘĘĘĘĘĘĘĘĘĘĘĘĘĘĘĘĘĘĘĘĘĘĘĘĘĘĘĘĘĘĘĘĘĘĘĘĘĘĘĘĘĘĘĘĘĘĘĘĘĘĘĘĘĘĘĘĘĘĘĘĘĘĘĘĘĘĘĘĘĘĘĘĘĘĘĘĘĘĘĘĘĘĘĘĘĘĘĘĘĘĘĘĘĘĘĘĘĘĘĘĘĘĘĘĘĘĘĘĘĘĘĘĘĘĘĘĘĘĘĘĘĘĘĘĘĘĘĘĘĘĘĘĘĘĘĘĘĘĘĘĘĘĘĘĘĘĘĘĘĘĘĘĘĘĘĘĘĘĘĘĘĘĘĘĘĘĘĘĘĘĘĘĘĘĘĘĘĘĘĘĘĘĘĘĘĘĘĘĘĘĘĘĘĘĘĘĘĘĘ
2 . 0 1 -1 -1 0 0 -1 0.000 0 0 -1 0 0 2
	 2940 8865 0
2 4 0 1 -1 -1 0 0 -1 0.000 0 0 7 0 0 5
	 4035 9300 4035 8985 3795 80675 492raft\001
4 0 -1 0 0 0 1 -1 -1 0 0 -1 0.000 0 0 -1 0 0 2
	 3660 9315 3120 931-2 1 0 1 -1 -1 0 0 -1 0.000 0 0 -1 0 0 2
	 3255 8895 2970 9765
2 1 0 1 -1 -1 0 0 -1 0.000 0 0 -1 0   2
	 3195 8895 2925 9765
2 1 0 1 -1 -1 0 0 -1 0.000 0 0 -1 0 0 2
	 2595 10200 3270 10200
2 1 0 1 -1 -1 0 0 -1 0.000!0 0 -1 0 0 2
	 2910 9960 2895 10440
2 1┴0 1 -1 -1 0 0 -1 0.000 0 0 -1 0 0 2
	 3075 10080 3390 9780
2 1 0 1 -1 -1 0 0 -1 0.000 0 0 -1 0 0ĘĘĘĘ│ĘĘĘĘĘĘĘĘĘĘĘĘĘĘĘĘĘĘĘĘĘĘĘĘĘĘĘĘĘĘĘĘĘĘĘĘĘĘĘĘĘĘĘĘĘĘĘĘĘĘĘĘĘĘĘĘĘĘĘĘĘĘĘĘĘĘĘĘĘĘĘĘĘĘĘĘĘĘĘĘĘĘĘĘĘĘĘĘĘĘĘĘĘĘĘĘĘĘĘĘĘĘĘĘĘĘĘĘĘĘĘĘĘĘĘĘĘĘĘĘĘĘĘĘĘĘĘĘĘĘĘĘĘĘĘĘĘĘĘĘĘĘĘĘĘĘĘĘĘĘĘĘĘĘĘĘĘĘĘĘĘĘĘĘĘĘĘĘĘĘĘĘĘĘĘĘĘĘĘĘĘĘĘĘĘĘĘĘĘĘĘĘĘĘĘĘĘĘĘĘĘĘĘĘĘĘĘĘĘĘĘĘ7ĘĘĘĘĘĘĘĘĘĘĘĘĘĘĘĘĘĘĘĘĘĘĘĘĘĘĘĘĘĘĘĘĘĘĘĘĘĘĘĘĘĘĘĘĘĘĘĘĘĘĘĘĘĘĘĘĘĘĘĘĘĘĘĘĘĘĘĘĘĘĘĘĘĘĘĘĘĘĘĘĘĘĘĘĘĘĘĘĘĘĘĘĘĘĘĘĘĘĘĘĘĘĘĘĘĘĘĘĘĘĘĘĘĘĘĘĘĘĘĘĘĘĘĘĘĘĘĘĘĘĘĘĘĘĘĘĘĘĘĘĘĘĘĘĘĘĘĘĘĘĘĘĘĘĘĘĘĘĘĘĘĘĘĘĘĘĘĘĘĘĘĘĘĘĘĘĘĘĘĘĘĘĘĘĘĘĘĘĘĘĘĘĘĘĘĘĘĘĘĘĘĘĘĘĘĘĘĘĘĘĘĘĘĘĘĘĘĘĘĘĘĘĘĘĘĘĘĘĘĘĘĘĘĘĘĘĘĘĘĘĘĘĘĘĘĘĘĘĘĘĘĘĘĘĘĘ-6
6 3150 4575 4170 5355
5 1 0 1 -1 -1 -1 0  0 0 1 0 0 3266.2955.625 3225 4845 3180 4875 3150 4935
2