#FIG 3.2
Lanpe
Center
In
Letter 
100.00
le
-2
#5
5 1680
5 1 0 1 -1 -1 0 0 -1 0 0 0 0 0 3440 7900 3510 7920 3435 7980 3375 7905
5 1 0 1 -1 -1 0 0 -1 0 0 1 0 0 .5007.500 3165 6675 3137 6690 3165 6720
5 1 0 1 -1 -1 0 0 -1 0 0 1 0 0 3917..495 3840 7230 3870 7305 3930 7320
5 1 0 1 -1 -1 0 0 -1 0 0 1 0 0 3900 6500 3990 6855 3930 6900 3990 6960
5 1 0 1 -1 -1 0 0 -1 0 0 0 0 0 7970 6340 7995 6225 8070 6300 80675 412
4 0 -1 0 0 0 12 0 0 1-1 0 0 -700
0 2
0 2
0
2 00
2 2
	00
220
5395
95
55
6 00
55
2 2
	 00
2 2
	800
0 2
2325
2 1
0 20
2 2
	 700
0 2
2700
2 1
	 300
2 2
	00
2
-6
465
3 0 