#FIG 3.2
Lanpe
Center
In
Letter 
100
5 10
5 
5 1412
4 0 -1 0 0 0 12 00 0 180 2520 6675 5 38
2 1
6 35
2 2
	 
2 1
	 3
2 1
	 3
-6
465

5 0 2
	 38
2 1
	 30
2 0 2
2325
2 1
	 40
2 2
	 700
0 2
2700
2 1
	 300
2 2
	00
2 2
	00
-6
6 5
3 
	 45
	 0
3 
	 45
	 0
-6
6 35
2 2
	 
2 1
	 3
2 1
	 3
-6
465
 3
	465
000
 3
	465
000
-6
6185
0 2
585
 0 2
	 45
-6
6 355
55
2 2
	 j30
0 2
5
2 2
	 350
5 1 0  -1 0 0 0 12 0.0000ż0 180 2520 6675 5
5 
6 30
5
6 355
35
2 2
	4830
2 1
	 555
2 2
	 532
2 1
	 415
2 2
	5070
-6
90
12
 500
0 2
0
2 
	 24*5
0 2
0
2 2
	 N 2
	 414
2 1
	




 680
2 6
	9480
2 1
	 270
2 2
	 382
2 1
	 300
2 2
	0
2 2
	 450
0 2
	 42
2 1
	 4
2 1
	 45
2 2
	 40
2 2
	7305
2 1
	 0
0 2
6330
2 1
	 4
2 1
	 45
2 2
	 40
2 2
	 246
2 1
	 265
2 2
	772´
 16\001