#FIG 3.2
Lanpe
Center
In
Letter 
100.00
le
-2
# 
1200 2
5 1 0 7 26 7 0 0 -1 0 0 1 1 1 9111 6757 0 81380 3465 1335 3390 1380
5 1 1305 4905 1350
5 1 -1 -1 0 0
5 1 0 7 26 7 0 0 -1 0 0 1 1 1 9111 6757 0 81380 3465 1335 3390 1380
5 1 1305 4905 1350
5 1 -1 -1 0 0
5 1 0 1 -1 -1 0 0 -1 0.000 0 0 0 0 .17096.500 5880 9135 6285 9090 6690 9120
4 1 0 1 -1 -1 0 0 -1 0.000 0 1 0 0 .1700 0 1 0 0 3400 7500 3510 7665 3435 7605 3375 7680
5 1 0 1 -1 -1 0 0 -1 0 - 0 0 00 7900 3510 7920 9435 7900 3510 792 5
	25
25
	 5
2 
	 2
25
885
 5
	00
25
2 5
	75
2
	 5
25
(25
2
	 2 5
	25
2
	 4
0 5
700
5
	 0
2
0
2
00
2
	 4
5
a\001