#FIG 3.2
Lanpe
Center
In
Letter 
100.00
le
-2
# 
1200 2
5 1 0 7 26 7 0 0 -1 0 0 1 1 1 9111 6757 7050 6300 81380 5 3390 1380
5 1 0 1 50
5 1 -1 -1 0 0
5 1 0 1 -1 -1 0 0 -1 0.000 0 0 0 0 .17096.500 5880 9135 6285 9090 6690 9120
5 1 0 1 -1 -1 0 0 -1 0.000 0 1 0 0 .1703.500 5895 9105 6300 9150 6705 9120
5 1 0 1 -1 -1 0 0 -1 0.0070 0 0 1 0 0 6040 435 6225 360 6300 420 6405
5 1 0 1 -1
5 1 0 1 -1 -1 0 0 -1 0 0 0 0 0 3440 7900 3510 7920 3435 7980 3375 7905
5 1 0 1 -1 -1 0 0 -1 0.000 0 1 0 0 .5007.500 3165 6675 3135 6690 3165 6720
5 1 0 1 -1 -1 0 0 -1 0 0 1 0 0 3917..495 3840 7230 3870 7305 3930 7320
5 1 0 1 -1 -1 0 0 -1 0 0 1 0 0 3900 6500 3990 6855 3930 6900 3990 6960
5 1 0 1 -1 -1 0 0 -1 0 0 0 0 0 0-1 5880 9135 6285 9090 6690 9120
5 1 0 1 -1 -1 0 0 -1 0 0 1 0 0 .1703.500 5895 9105 6300 9150 6705 9120
5 1 0 1 -1 -1 0 0 -1 0. 0 0 1 0 0 4040 435 6225 360 6300 420 6405
5 1 0 1 -1
5 1 0 1 -1 -1 0 0 -1 0 0 0 0 0 3440 7900 3510 7920 3435 7980 3375 7905
5 1 0 1 -1 -1 0 0 -1 0.000 0 1 0 0 .5007.500 3165 6675 3135 6690 3165 6720
5 1 0 1 -1 -1 0 0 -1 0 0 1 0 0 3917..495 3840 7230 3870 7305 3930 7320
5 1 0 1 -1 -1 0 0 -1 0 0 1 0 0 3900 6500 3990 6855 3930 6900 3990 6960
5 1 0 1 -1 -1 0 0 -1 0 0 0 0 0 7970 6340 7995 6225 8070 6300 8 412
4 0 -1 0 0 0 12 00 0 25 6900 4440 6960
95
5700
0 2
1
4 
	 315
20K
2 2
	 2
	4500
2 10 2
5
2 2
	 895
0
2 
	 4t\001
4 412
