#FIG 3.2
Por
Inches
er  
100.00
le
-2
# 
1200 2
0 32 #f8f8f8
0 33 #eeeeee
0 34 #e6e6e6
5 1 0 1 -1 -1 0 0 -1 0 0 0 0 0 2900 6000 3105 6480 3120 6555 3105 6630
5 1 0 1 -1 -1 0 0 -1 0 0 0 0 0 2870 6500 3135 6465 3150 6555 3135 6645
5 1 0 1 -1 -1 0 0 -1 0.000 0 0 0 0 .0005.000 3195 6450 3210 6555 3195 6660
5 1 0 1 -1 -1 0 0 -1 0.000 0 1 0 0 3000 .000 2910 6480 2895 6555 2910 6630
5 1 0 1 -1 -1 0 0 -1 0 0 1 0 0 3100 6000 2865 6465 2850 6555 2865 6645
5 1 0 1 -1 -1 0 0 -1 0 0 1 0 00.0055.000 2820 6450 2805 6555 2820 6660
1 4 0 1 -1 -1 0 0 -1 0.000 1 0. 3615 5100 120 120 3510 5100 3735 5100
1 4 0 3 -1 -1 0 0 20 0 1 00 3615 5100 45 45 3585 5100 3660 5100
1 3 0 1 -1 -1 0 0 20 0 1 00 2985 6615 30 30 2985 6615 3015 6615
1 3 0 1 -1 -1 0 0 20 0 1 0.0030 3795 590 3360 4560 3390 4560 3540 4935
2 1 0 3 -1 -1 0 0 -1 0 0 0 0 0 0 2
	 5325 5775 5325 5850
2 1 0 3 -1 -1 0 0 -1 0 0 0 0 0 0 2
	 5325 5325 5325 5400
2 3 0 1 -1 -1 0 0 20 0.000 0 0 0 0 0 7
	 6705 5670 6675 5715 6675 6045 6705 6090 6735 6045 6735 5715
	 6705 5670
2 3 0 1 -1 -1 0 0 20 0.000 0 0 0 0 0 7
	 6705 5190 6675 5235 6675 5565 6705 5610 6735 5565 6735 5235
	 6705 5190
2 3 0 1 -1 -1 0 0 20 0 0 0 0 0 0 7
	 6705 5640 6660 5610 6330 5610 6285 5640 6330 5670 6660 56 6705 5640
2 3 0 1 -1 -1 0 0 20 0 0 0 0 0 0 7
	 5985 6090 5940 6060 5610 6060 5565 6090 5610 6120 5940 6	 5985 6090
2 3 0 1 -1 -1 0 0 20 0.000 0 0 0 0 0 7
	 5550 5655 5520 5700 5520 6030 5550 6075 5580 6030 5580 5700
	 5550 5655
2 3 0 1 -1 -1 0 0 20 0.000 0 0 0 0 0 7
	 6000 5190 5970 5235 5970 5565 6000 5610 6030 5565 6030 5235
	 6000 5190
2 3 0 1 -1 -1 0 0 20 0 0 0 0 0 0 7
	 5970 5175 5925 5145 5595 5145 5550 5175 5595 5205 5925 52 5970 5175
2 3 0 1 -1 -1 0 0 20 0 0 0 0 0 0 7
	 5175 5655 5145 5700 5145 6030 5175 6075 5205 6030 5205 5	 5175 5655
2 3 0 1 -1 -1 0 0 20 0.000 0 0 0 0 0 7
	 5175 5175 5145 5220 5145 5550 5175 5595 5205 5550 5205 5220
	 5175 5175
2 3 0 1 -1 -1 0 0 20 0.000 0 0 0 0 0 7
	 5970 5625 5925 5595 5595 5595 5550 5625 5595 5655 5925 5655
	 5970 5625
2 3 0 1 -1 -1 0 0 20 0 0 0 0 0 0 7
	 4725 5655 4695 5700 4695 6030 4725 6075 4755 6030 4755 57 4725 5655
2 3 0 1 -1 -1 0 0 20 0 0 0 0 0 0 7
	 4725 5175 4695 5220 4695 5550 4725 5595 4755 5550 4755 5220
	 4725 5175
2 3 0 1 -1 -1 0 0 20 0.000 0 0 0 0 0 7
	 6285 5190 6255 5235 6255 5565 6285 5610 6315 5565 6315 5235
	 6285 5190
2 1 0 1 -1 -1 0 0 20 0.000 0 0 0 0 0 2
25 5100 3150 5100
2 1 0 1 -1 -1 0 0 20 0 0 0 0 0 0 2
	 4350 5100 4125 5100
2 1 0 1 -1 -1 0 0 -1 0 0 0 0 0 0 2
	 3600 5850 3600 6075
2 1 0 1 -1 -1 0 0 -1 0.000 0 0 0 0 0 2
	0 39