#FIG 3.2
Lanpe
Center
In
Letter 
100.00
lO
0 3
55 45
	 0
3 0 0 1 -1 -1 0 0 -1 0 0 0 0 4
	 4170 5685 4215 5655 426085700 4242 0 7.00.00 00
	1 0 00
2 2 0 3 0 7 0 0 -1 0.000 0 0 -1 0 0 5
	 5700 4425 8325 4425 8325 6300 5700 6300 5700 4425
2 1 0 8 4 7 0 0 -1 0 0 0 -1 0 1 2
	1 0 4.00.00 00
	0 5325 3225 5325
2 1 0 8 4 7 0 0 -1 0 0 0 -1 0 1 2
	2 0 5.00.00 00
	0 4425 7050 2325
2 1 0 16 1 7 0 0 -1 0.01 0 1 -1-1 0 0 0
5 1.50072.00 00
	1 0 7.00.00 00
2 2 0 3 0 7 0 0 -1 0 0 0 -1 0 0 5
	 5700 4425 8325 4425 8325 6300 5700 6300 5700 4425
2 1 0 8 4 7 0 0 -1 0 0 0 -1 0 1 2
	1 0 4.00.00 00
	0 5325 3225 5325
2 1 0 8 4 7 0 0 -1 0 0 0 -1 0 1 2
	2 0 5.00.00 00
	 7050 4425 7050 2325
2 1 0 16 1 7 0 0 -1 0.01 0 1 -1-1 0 0 0
5 1.5007.5065 6720
5 1 0 7320
5 101
