#FIG 3.2
Port
Center
Inches
er  
100.00
le
-2
# 
1200 2
0 32 #f8f8f8
0 33 #eeeeee
0 34 #e6e6e6
5 1 0 1 -1 -1 0 0 -1 0 0 0 0 0 2900 6000 3105 6480 3120 6555 3105 6630
5 1 0 1 -1 -1 0 0 -1 0 0 0 0 0 2870 6500 3135 6465 3150 6555 3135 6645
5 1 0 1 -1 -1 0 0 -1 0.000 0 0 0 0 .0005.000 3195 6450 3210 6555 3195 6660
5 1 0 1 -1 -1 0 0 -1 0.000 0 1 0 0 3000 .000 2910 6480 2895 6555 2910 6630
5 1 0 1 -1 -1 0 0 -1 0 0 1 0 0 3100 6000 2865 6465 2850 6555 2865 6645
5 1 0 1 -1 -1 0 0 -1 0 0 1 0 00.0055.000 2820 6450 2805 6555 2820 6660
1 4 0 1 -1 -1 0 0 -1 0.000 1 0. 3615 5100 120 120 3510 5100 3735 5100
1 4 0 3 -1 -1 0 0 20 0 1 00 3615 5100 45 45 3585 5100 3660 5100
1 3 0 1 -1 -1 0 0 20 0 1 00 2985 6615 30 30 2985 6615 3015 6615
1 3 0 1 -1 -1 0 0 20 0 1 00 3795 6645 30 30 3795 6645 3825 6645
2 3 0 1 -1 -1 0 0 20 0 0 0 0 0 0 5
	 3540 4935 3345 4590 3360 4560 3390 4560 3540 4935
2 1 0 3 -1 -1 0 0 -1 0 0 0 0 0 0 2
	 5325 5775 5325 5850
2 1 0 3 -1 -1 0 0 -1 0 0 0 0 0 0 2
	 5325 5325 5325 5400
2 3 0 1 -1 -1 0 0 20 0.000 0 0 0 0 0 7
	 6705 5670 6675 5715 6675 6045 6705 6090 6735 6045 6735 5715
	 6705 5670
2 3 0 1 -1 -1 0 0 20 0.000 0 0 0 0 0 7
	 6705 5190 6675 5235 6675 5565 6705 5610 6735 5565 6735 5235
	 6705 5190
2 3 0 1 -1 -1 0 0 20 0 0 0 0 0 0 7
	 6705 5640 6660 5610 6330 5610 6285 5640 6330 5670 6660 56 6705 5640
2 3 0 1 -1 -1 0 0 20 0 0 0 0 0 0 7
	 5985 6090 5940 6060 5610 6060 5565 6090 5610 6120 5940 6	 5985 690
2 3 0 1 -1 -1 0 0 20 0.000 0 0 0 0 0 7
	 5550 5655 5520 5700 5520 6030 5550 6075 5580 6030 5580 5700
	 5550 5655
2 3 0 1 -1 -1 0 0 20 0.000 0 0 0 0 0 7
	 6000 5190 5970 5235 5970 5565 6000 5610 6030 5565 6030 5235
	 6000 5190
2 3 0 1 -1 -1 0 0 20 0 0 0 0 0 0-7
	 5595 5145 5550 5175 5595 5205 5925 5205
	75
2