#FIG 3.2
Lanpe
Center
In
Letter 
100.00
le
-000000000000000000000000000000000000000000000000000000000000000000000000000000000000000000000000000000"0000000000000000000000000000000000000000000000000000000000000000000000000000000000000000000000000000000000000000000000000000000000000930 6900 3J90 6960
5 1 0 1 B1 -1 0 0 -1 0 0 0 0 0 7970 6340 7995 6225 8070 6300 8 412
4 0 -1 0 0 0 12 0.0000 0 180 2520 6675 5
5 
6 30
5 0 2
	38\\\\\\\\\\\\\\\\\\\\\\\\\\\\\\\\\\\\\\\\\\\\\\\\\\\\\\\\\\\\\\\\\\\\\\\\\\\\\\\\\\\\\\\\\\\\\\\\\\\\\\\\\\\\\\\\\\\\\\\\\\\\\\\\\\\\\\\\\\\\\\\\\\\\\\\\\\\\\\\\\\5
000
-6
6185
0 2
585
 0 2 40
2 2
	 700
0 2
2700
2 1
	 300
2 2
	00
2 2
	00
-6
6 5
3 
	 45
	 0
3 
	 45
	 0
-6
6 35
2 2
	 
2 1
	6300 8 412
4 0 -1 0 0 0 12 0.0000ﺟ0 180 2520 6675 5
5 
6 30
5
6 355
35
2 2
	4830
2 1
	 555
2 2
	 532
2 1
	 415
2 2
	5070
-6
90
12
 500
0 2
0
2 
	 24*5
0 2
0
2 2
	 N 2
	 414
2 1
	





















 465
2 2
	9045
2 1
	 645
2 2
	 622
2 1
619
2 1 2
	0

	 680
2 2
	9480
2 1
	 270
2 2
ﮊ 382
2 1
	 300
2 2
	0
2 2
	 50
0 2
	 42
2 1
	 4
2 1
	 45
2 2
	 40
2 2
	7305
2 1
	 0
0 2
6330
2 1
	 4
2 1
	 45
2 2
	 40
2 2
	 246
2 1
	 265
2 2
	772ﺑ
 16\201