#FIG 3.2
Portrait
Center
Inches
Letter 
100.00
Single
-2
# A ligcocks
1200 2
5 1 0 1 -1 -1 0 0 -1 0.000 0 1 0 0 3465.000 1420.005 3540 1380 3465 1335 3390 1380
5 1 0 1 -1 -1 0 0 -1 0.000 0 1 0 0 4980..005 5055 1350 4980 1305 4905 1350
5 1 0 1 -1 -1 0 0 -1 0.000 0 1 0 0 5711.250 4927.501 4230 4500 4170 4965 4230 5355
5 1 0 1 -1 -1 0 0 -1 0.000 0 0 0 0 2748.750 4957.500 4230 4530 4290 4995 4230 5385
5 1 0 1 -1 -1 0 0 -1 0.000 0 0 0 0 6325.170 11296.500 5880 9135 6285 9090 6690 9120
5 1 0 1 -1 -1 0 0 -1 0.000 0 1 0 0 6340.170 6943.500 5895 9105 6300 9150 6705 9120
5 1 0 1 -1 -1 0 0 -1 0.000 0 1 0 0 452.040 6317.040 435 6225 360 6300 420 6405
5 1 0 1 -1 -1 0 0 -1 0.000 0 1 0 0 3442.500 7672.500 3510 7665 3435 7605 3375 7680
5 1 0 1 -1 -1 0 0 -1 0.000 0 0 0 0 3442.500 7912.500 3510 7920 3435 7980 3375 7905
5 1 0 1 -1 -1 0 0 -1 0.000 0 1 0 0 3157.500 6697.500 3165 6675 3135 6690 3165 6720
5 1 0 1 -1 -1 0 0 -1 0.000 0 1 0 0 3917..495 3840 7230 3870 7305 3930 7320
5 1 0 1 -1 -1 0 0 -1 0.000 0 1 0 0 3982.500 6907.500 3990 6855 3930 6900 3990 6960
5 1 0 1 -1 -1 0 0 -1 0.000 0 0 0 0 7977.960 6317.040 7995 6225 8070 6300 8010 6405
5 1 0 1 -1 -1 0 0 -1 0.000 0 0 0 0 4987.500 7672.500 4920 7665 4995 7605 5055 7680
5 1 0 1 -1 -1 0 0 -1 0.000 0 1 0 0 4987.500 7912.500 4920 7920 4995 7980 5055 7905
5 1 0 1 -1 -1 0 0 -1 0.000 0 0 0 0 5272.500 6697.500 5265 6675 5295 6690 5265 6720
4 1 0 0 0 -1 0.000 0 0 4560 7305 4500 7320
5 1
6 345 1 2700
5 1605
2 1 0 2
	 30
2 1 0 2
	 38250 1800
2 0 0 2
	325
2 1 0 2
	 45
2 1 0 1
	 2325 2700
2 1 0 2
	 40
2 1 0 2
	 382525 2700
1 0 0 2
700
2 1 0 2
	 3725 2700
-6
6 41235 465
33
	 423025 465
	00
3 0 00 0 3
	 65
	 0.0 0.000
-6
6 39750 1185
2 0 0 2
	85
2 1 0 2
	 42000 1185
-6
6 315
5 1 0 105 8355
935
2 1 0 2
	 400
2 1 0 2
	 316565 5355
1 0 0 2
 5355
2 0 0 2
	 115
2 1 0 2
	 310
-6
6 400
5 1 0 1605
2 0 0 2
	 500
2 1 0 2
	 460
2 1 0 2
	 465025 2325
1 0 0 2
 2400
2 0 0 2
	 700
2 1 0 2
	 800
2 1 0 2
	 465050 2700
1 0 0 2
 2700
2 0 0 2
	 700
-6
65355
5 125 4935
1 0 0 2
 4830
2 0 0 2
	 355
2 1 0 2
	 535
2 1 0 2
	 442505 5115
1 0 0 2
 5070
-6
1 3 0 1290
1 3 
1 3 0 1
1 3 0 165
1 3 0 7065
1 5 6960
2 0 0 2
	80
2 1 0 2
	 40590 1140
 0 2
	 300
2 1 0 2
	 354
2 1 0 1
	 4905 5 1485
2 0 0 2
	1470
2 40 5
	 4170 1755
 0 0 5
	55
2 1 0 2
	 382
2 1 0 1
	 4620 0 5055
2 0 0 2
	4500
2 1 0 2
	 400
2 1 0 2
	 2265
2 1 0 2
	 198020 9450
1 0 0 2
 9720
2 0 0 2
	 765
2 1 0 2
	 190
2 1 0 2
	 198080 9540
1 0 0 2
 9285
2 0 0 2
	 270
2 1 0 2
	 250
2 1 0 2
	‡294025 9255
1 0 0 2
 8940
2 8895
2 1 0 2
	 395
2 1 0 2
	 295
2 4 0 17 0 0 5
300
2 1 0 2
	 365
2 1 0 2
	 325570 9765
1 0 0 2
 9765
2 0 0 2
	 10200
2 0 0 2
	 0440
2 1 0 2
	 3780
2 1 0 2
	 300
2 1 0 2
	 339035 9450
1 0 0 2
 9360
2 0 0 2
	 780
2 1 0 2
	 345
2 1 0 2
	 343590 9240
1 0 0 2
 9270
2 0 0 2
	 060
2 1 0 2
	 435
2 1 0 2
	 411080 9045
1 0 0 2
0 0 2
	 295
2 1 0 2
	 615
2 1 0 2
	 639090 9285
1 0 0 2
 9240
2 0 0 2
	 355
2 1 0 2
	 640
2 1 0 2
	 636030 9480
1 0 0 2
 9270
2 0 0 2
	 715
2 1 0 2
	 380
2 1 0 2
	 2895
2 1 0 1
	 1905 5 9450
2 0 0 2
	330
2 1 0 2
	 4550 6405
1 0 0 2
0
2 1 0 2
	 246065 7305
1 0 0 2
 7365
2 0 0 2
	 725
2 1 0 2
	 380
2 1 0 2
	 337575 7950
1 0 0 2
 7920
2 0 0 2
	 675
2 1 0 2
	 315
2 1 0 2
	 385555 6435
1 0 0 2
 6435
2 0 0 2
	 435
2 1 0 2
	 390
2 1 0 2
	 397525 6975
1 0 0 2
 7290
2 0 0 2
	 170
2 1 0 2
	 415
2 1 0 2
	 801005 6330
1 0 0 2
 6405
2 0 0 2
	 465
2 1 0 2
	 790
2 1 0 2
	 597065 7305
1 0 0 2
 7365
2 0 0 2
	 725
2 1 0 2
	 450
2 1 0 2
	 490505 7920
1 0 0 2
 6675
2 0 0 2
	 735
2 1 0 2
	 455
2 1 0 2
	 457590 6435
1 0 0 2
 6435
2 0 0 2
	 840
2 1 0 2
	 445
2 1 0 2
	 463535 7290
1 0 0 2
 7170
2 0 0 2
	 185
2 1 0 2
	 375
2 1 0 2
	 409595 7275
1 0 0 2
 7275
2 0 0 2
	 395
2 1 0 2
	 315
2 1 0 2
	 466580 6705
1 0 0 2
 7935
2 0 0 2
	 970
2 1 0 2
	 370
2 1 0 2
	 373535 9450
1 0 0 2
 9315
2 0 0 2
	 5
2 1 0 2
	 42600 1185
2 0 0 2
	00
2 1 0 2
	 802
2 1 0 1
	 4170 0 6315
2 0 0 2
	6330
2 1 0 2
	 400
2 1 0 2
	 426
3 0 0 10 3
	 42
	 0.000.000
3 00 0 0 3
 1515
	 0
3 0 0  0 4
	 30 1155
	00 0.000
3 0 0 10 4
	 46 1155
	 0 0.000
 3
	 38755
	 0.0 0.000
33
	 45755
	 0.000.000
3 
	 1890 
	 0.000.000
3 00 0 0 4
5
	 0.00000
3 0  0 0 4
	8950 -1 0 0 2
	 4650 1800 8025 1800
2 1 0 2
	 4650 2325 8025 2325
2 1 0 1 -1 -1 0 0 -1 0.000 0 0 -1 0 0 2
	 8025 2400 6150 2400
2 1 0 1 -1 -1 0 0 -1 0.000 0 0 -1 0 0 2
	 6150 2400 6150 2700
2 1 0 1 -1 -1 0 0 -1 0.000 0 0 -1 0 0 2
	 8025 2700 4650 2700
2 1 0 1 -1 -1 0 0 -1 0.000 0 0 -1 0 0 2
	 4650 1500 4650 2700
2 1 0 1 -1 -1 0 0 -1 0.000 0 0 -1 0 0 2
	 8100 1575 8100 2700
2 1 0 1 -1 -1 0 0 -1 0.000 0 0 -1 0 0 2
	 8100 2700 7950 2700
-6
6 4305 4575 5325 5355
5 1 0 1 -1 -1 0 0 -1 0.000 0 0 0 0 5208.750 4955.625 5250 4845 5295 4875 5325 4935
2 1 0 1 -1 -1 0 0 -1 0.000 0 0 -1 0 0 2
	 4380 4575 5265 4830
2 1 0 1 -1 -1 0 0 -1 0.000 0 0 -1 0 0 2
	 5310 4935 5310 5355
2 1 0 1 -1 -1 0 0 -1 0.000 0 0 -1 0 0 2
	 5325 5355 4425 5355
2 1 0 1 -1 -1 0 0 -1 0.000 0 0 -1 0 0 2
	 4425 5355 4305 5115
2 1 0 1 -1 -1 0 0 -1 0.000 0 0 -1 0 0 2
	 5310 5070 4320 5070
-6
1 3 0 1 -1 -1 0 0 -1 0.000 1 0.0000 2910 10200 90 90 2910 10200 2925 10290
1  0 0 -1 0.000 0 0 -1 0 0 2
	 1980 9195 1980 9540
2 1 0 1 -1 -1 0 0 -1 0.000 0 0 -1 0 0 2
	 1995 9285 2355 9285
2 1 0 1 -1 -1 0 0 -1 0.000 0 0 -1 0 0 2
	 2205 9270 2550 9270
2 1 0 1 -1 -1 0 0 -1 0.000 0 0 -1 0 0 2
	 2580 9165 2925 8850
2 1 0 1 -1 -1 0 0 -1 0.000 0 0 -1 0 0 2
	 2940 8865 2925 9255
2 1 0 1 -1 -1 0 0 -1 0.000 0 0 -1 0 0 2
	 4080 8820 4080 8940
2 1 0 1 -1 -1 0 0 -1 0.000 0 0 -1 0 0 2
	 3750 8850 3750 8895
2 1 0 1 -1 -1 0 0 -1 0.000 0 0 -1 0 0 2
	 3750 8895 4080 8895
2 1 0 1 -1 -1 0 0 -1 0.000 0 0 -1 0 0 2	 2955 8850 4080 8850
2 4 0 1 -1 -1 0 0 -1 0.000 0 0 7 0 0 5
	 4035 9300 4035 8985 3795 8985 3795 9300 4035 9300
2 1 0 1 -1 -1 0 0 -1 0.000 0 0 -1 0 0 2
	 3660 9315 3120 9315
2 1 0 1 -1 -1 0 0 -1 0.000 0 0 -1 0 0 2
	 3255 8895 2970 9765
2 1 0 1 -1 -1 0 0 -1 0.000 0 0 -1 0 0 2
	 3195 8895 2925 9765
2 1 0 1 -1 -1 0 0 -1 0.000 0 0 -1 0 0 2
	 2595 10200 3270 10200
2 1 0 1 -1 -1 0 0 -1 0.000 0 0 -1 0 0 2
	 2910 9960 2895 10440
2 1Á0 1 -1 -1 0 0 -1 0.000 0 0 -1 0 0 2
	 3075 10080 3390 9780
2 1 0 1 -1 -1 0-1 0 0 2
	 3390 9660 3735 9450
2 1 0 1 -1 -1 0 0 -1 0.000 0 0 -1 0 0 2
	 3600 9360 3690 9360
2 1 0 1 -1 -1 0 0 -1 0.000 0 0 -1 0 0 2
	 2910 9780 3435 9780
2 1 0 1 -1 -1 0 0 -1 0.000 0 0 -1 0 0 2
	 3420 9780 3750 9615
2 1 0 1 -1 -1 0 0 -1 0.000 0 0 -1 0 0 2
	 3435 9780 6690 9240
2 1 0 1 -1 -1 0 0 -1 0.000 0 0 -1 0 0 2
	 3765 9600 5985 9270
2 1 0 1 -1 -1 0 0 -1 0.000 0 0 -1 0 0 2
	 4140 8955 4395 9060
2 1 0 1 -1 -1 0 0 -1 0.000 0 0 -1 0 0 2
	 4395 9060 6000 9165
2 1 0 1 -1 -1 0 0 -1 0.000 0 0 -1 0 0 2
	 4110 8940 5880 9045
2 1 0 1 -1 -1 0 0 -1 0.000 0 0 -1 0 0 2
	 6225 8295 5895 9045
2 1 0 1 -1 -1 0 0 -1 0.000 0 0 -1 0 0 2
	 6225 8295 6690 8295
2 1 0 1 -1 -1 0 0 -1 0.000 0 0 -1 0 0 2
	 6195 8355 6705 8355
2 1 0 1 -1 -1 0 0 -1 0 0 1 -1˙1 0 0 -1 0.000 0 0 -1 0 0 2
	 4140 6360 4140 6435
2 1 0 1 -1 -1 0 0 -1 0.000 0 0 -1 0 0 2
	 3975 6840 4140 6840
2 1 0 1 -1 -1 0 0 -1 0.000 0 0 -1 0 0 2
	 3975 6975 4125 6975
2 1 0 1 -1 -1 0 0 -1 0.000 0 0 -1 0 0 2
	 3795 6465 3795 7290
2 1 0 1 -1 -1 0 0 -1 0.000 0 0 -1 0 0 2
	 4125 7050 4140 7170
2 1 0 1 -1 -1 0 0 -1 0.000 0 0 -1 0 0 2
	 4140 7170 4215 7185
2 1 0 1 -1 -1 0 0 -1 0.000 0 0 -1 0 0 2
	 8010 6225 4605 6330
2 1 0 1 -1 -1 0 0 -1 0.000 0 0 -1 0 0 2
	 7980 6225 7980 6405
2 1 0 1 -1 -1 0 0 -1 0.000 0 0 -1 0 0 2
	 7980 6345 4635 6465
2 1 0 1 -1 -1 0 0 -1 0.000 : 0 -1 0 0 2
	 7980 6405 4665 6540
2 1 0 1 -1 -1 0 0 -1 0.000 0 0 -1 0 0 2
	 5970 6495 4665 7305
2 1 0 1 -1 -1 0 0 -1 0.000 0 0 -1 0 0 2
	 6075 6495 4665 7365
2 1 0 1 -1 -1 0 0 -1 0.000 0 0 -1 0 0 2
	 4650 7380 4890 7725
2 1 0 1 -1 -1 0 0 -1 0.000 0 0 -1 0 0 2
	 4560 7395 4905 7800
2 1 0 1 -1 -1 0 0 -1 0.000 0 0 -1 0 0 2
	 4905 7650 4905 7920
2 1 0 1 -1 -1 0 0 -1 0.000 0 0 -1 0 0 2
	 5280 6675 4665 6675
2 1 0 1 -1 -1 0 0 -1 0.000 0 0 -1 0 0 2
	 5265 6735 4665 6735
2 1 0 1 -1 -1 0 0 -1 0.000 0 0 -1 0 0 2
	 4575 6360 4575 6435
2 1 0 1 -1 -1 0 0 -1 0.000 0 0 -1 0 0 2
	 4575 6435 4290 6435
2 1 0 1 -1 -1 0 0 -1 0.000 0 0 -1 0 0 2
	 4290 6360 4290 6435
2 1 0 1 -1 -1 0 0 -1 0.000 0 0 -1 0 0 2
	 4455 6840 4290 6840
2 1 0 1 -1 -1 0 0 -1 0.000 0 0 -1 0 0 2
	 4455 6975 4305 L975
2 1 0 1 -1 -1 0 0 -1 0.000 0 0 -1 0 0 2
	 4635 6465 4635 7290
2 1 0 1 -1 -1 0 0 -1 0.000 0 0 -1 0 0 2
	 4305 7050 4290 7170
2 1 0 1 -1 -1 0 0 -1 0.000 0 0 -1 0 0 2
	 4290 7170 4215 7185
2 1 0 1 -1 -1 0 0 -1 0.000 0 0 -1 0 0 2
	 3795 6465 4635 6465
2 1 0 1 -1 -1 0 0 -1 0.000 0 0 -1 0 0 2
	 4095 7035 4095 7275
2 1 0 1 -1 -1 0 0 -1 0.000 0 0 -1 0 0 2
	 4335 7035 4335 7275
2 1 0 1 -1 -1 0 0 -1 0.000 0 0 -1 0 0 2
	 3870 7395 4560 7395
2 1 0 1 -1 -1 0 0 -1 0.000 0 0 -1 0 0 2
	 3165 6705 3765 6705
2 1 0 1 -1 -1 0 0 -1 0.000 0 0 -1 0 0 2
	 4665 6705 5280 6705
2 1 0 1 -1 -1 0 0 -1 0.000 0 0 -1 0 0 2
	 5070 7650 5070 7935
2 1 0 1 -1 -1 0 0 -1 0.000 0 0 -1 0 0 2
	 3255 8970 3720 8970
2 1 0 1 -1 -1 0 0 -1 0.000 0 0 -1 0 0 2
	 3705 8985 3705 9270
2 1 0 1 -1 -1 0 0 -1 0.000 0 0 -1 0 0 r
	 3735 9300 3735 9450
2 1 0 1 -1 -1 0 0 -1 0.000 0 0 -1 0 0 2
	 3735 8955 3735 9315
2 1 0 1 -1 -1 0 0 -1 0.000 0 0 -1 0 0 2
	 4485 585 4260 585
2 1 0 1 -1 -1 0 0 -1 0.000 0 0 -1 0 0 2
	 4260 585 4260 1185
2 1 0 1 -1 -1 0 0 -1 0.000 0 0 -1 0 0 2
	 450 1515 450 2700
2 1 0 1 -1 -1 0 0 -1 0.000 0 0 -1 0 0 2
	 8025 1500 8025 2700
2 1 0 1 -1 -1 0 0 -1 0.000 0 0 -1 0 0 2
	 4170 5700 4170 6315
2 1 0 1 -1 -1 0 0 -1 0.000 0 0 -1 0 0 2
	 3825 6330 4620 6330
2 1 01 -1 -1 0 0 -1 0.000 0 0 -1 0 0 2
	 4215 5700 4215 6300
2 1 0 1 -1 -1 0 0 -1 0.000 0 0 -1 0 0 2
	 4260 5700 4260 6315
3 0 0 1 -1 -1 0 0 -1 0.000 0 0 0 3
	 4230 285 4320 345 4335 480
	 0.000 1.000 0.000
3 0 0 1 -1 -1 0 0 -1 0.000 0 0 0 3
	 4020 480 3960 570 3810 1515
	 0.000 1.000 0.000
3 0 0 1 -1 -1 0 0 -1 0.000 0 0 0 4
	 3810 1500 3885 1290 4035 1155 4230 1155
	 0.000 1.000 1.000 0.000
3 0 0 1 -1 -1 0 0 -1 0.000 0 0 0 4
	 4665 1500 4590 1290 4440 1155 4245 1155
	 0.000 1.000 1.000 0.000
3 0 0 1 -1 -1 0 0 -1 0.000 7 0 0 3
	 3870 2820 39&0 3060 4005 3255
	 0000 1.000 0.000
3 0 0 1 -1 -1 0 0 -1 0.000 0 0 0 3
	 4575 2820 4455 3060 4440 3255
	 0.000 1.000 0.000
3 0 0 1 -1 -1 0 0 -1 0.000 0 0 0 3
	 1890 9435 1785 9405 1740 9360
	 0.000 1.000 0.000
3 0 0 1 -1 -1 0 0 -1 0.000 0 0 0 4
	 1905 9255 1920 9210 2040 9180 2580 9165
	 0.000 1.000 1.000 0.000
3 0 0 1 -1 -1 0 0 -1 0.000 0 0 0 4
	 1905 9465 2055 9615 2460 9735 2895 9780
	 0.000 1.000 1.000 0.000
3 0 0 1 -1 -1 0 0 -1 0.000 0 0 ; 4
	 1905 9600 2085 962325 8025 2325
2 1 0 1 -1 -1 0 0 -160 2460 9735 2895 9780
	 0.000 1.000 1.000 0.000
.ca\001
4 0 -1 0 0 0 12 0.0000 0 135 1560 6675 4320           R.D. Hiscocks\001
4 0 -1 0 0 0 12 0.0000 0 165 2265 6675 4500uver, BC, Canada\001
