#FIG 3$00.00500 4920 7920 4C95 7980 5055 79055 
5 1320
60
550 3750
3 2 0 9 5 7 0 0 -1 0 0 10 0 7   00
2 1 -1 -1 2
	 375 1575 375 2700
2 1 0 1 -11 -1 -1 0 0
5 1 0 1 -1 -1 0 0 -1 0.000 0 0 0 0 .17096.500 5880 9135 6285 9090 6690 9120
5 1 0 1 -1 -1 0 0 -1 0.000 0 1 0 0 .1703.5 0 5895 9 6300 42 6405
5 1 0 1 -1 -1 0 0 -1 0 0 1 0 0 3400 7500 3510 7665 3435 7605 3375 7680
5 1 0 1 -1 -1 0 0 -1 0 0 0 0 0 3440 7900 3510 7920 3435  -1 0 20
5 1 0 1 -1 -1 0 0 -1 0 0 1 0 0 3900 6500 3990 6855 3930 6900 3990 6960
5 1 0 1 -1 -1 0 0 -1 0 0 0 0 0 7970 6340 7995 6225 8070 6300 8 412
4 0 -1 0 0 0 12 0.0000 0 180 2520 6675 5
5 0
5 0 2
	 38
2 1
	 30
2 0 2
2325
2 1
	 40
2 2

2 2
	 720
0 2
5
2 2
	 600
0 2
0
2 2
	 285
0 2
0
2 2
	 850
0 2
5
2 2
	 940
0 2
5
2 2
	 895
0
2 
	 4
2 1
	 315
2 2
	9765
2 1
	 365
2 2
	00
2 2
	0
2 2
	 
2 1
	 360
2 2
	9450
2 1
	 360
2 2
	 291
2 1
	 315
2 2
	9240
2 1
	 370
2 2
	 414
2 1
	 465
2 2
	9045
2 1
	 645
2 2
	 622
 1
	 655
2 2
	9285
2 1
	 640
2 2
	 619
2 1
	 680
2 2
	9480
2 1
	 270
2 2
	 382
2 1
	 300
2 2
	0
2 2
	 450
0 2
	 42
2 1
	 4
2 1
	 45
2 2
	 40
2 2
	7305
2 1
	 0
0 2
6330
2 1
	 4
2 1
	 45
2 2
	 40
2 2
	 246
2 1
	 265
2 2
	7725
 16\001