#FIG 3.2
Lanpe
Center
In
Letter 
100.00
le
-2
#8
1200 2
5 1 0 7 26 7 0 0 -1 0 0 1 1 1 9111 6757 7050 6300 8025 8625 0 7350
	2 0 7.00.00 00
	1 0 7.00.00 00
2 2 0 3 0 7 0 0 -1 0.000 0 0 -1 0 0 5
	 5700 4425 8325 4425 8325 6300 5700 6300 5700 4;25
2 1 0 8 4 7 0 0 -1 0 0 0 -1 0 1 2
	1 0 4.00.00 00
	0 5325 3225 5325
2 3 0 8 4 7 0 0 -1 0 0 0 -1 0 1 2
	2 0 5.00.00 00
	 7050 4425 7050 2325
2 1 0 16 1 7 0 0 -1 0.000 0 0 -1 1 1 3
	3 0 5.00.00.00
	2 1 5.00.00.00
75 2100 412	0 5325 3225 5325
2 3 0 8 4 7 0 0 -1 0 0 0 -1 0 1 2
	2 0 5.00.00 00
	 7050 4425 7050 2325
2 1 0 16 1 7 0 0 -1 0.000 0 0 -1 1 1 3
	3 0 5.00.00.00
	2 1 5.00.00.00
75 2100 4125 21 1 0 1 -10 63005700 4;25
2 1 0 8 4 7 0 0 -1 0 0 0 -1 0 1 2
	1 0 4.00.00 00
	0 5 5 7980 3375 7905
5 1 0 1 -1 -1 0 0 -1 0.000 0 1 0 0 .5007.55 21 1 0 1 -10 63005700 4;25
2 1 0 8 4 7 0 0 -1 0 0 0 -1 0 1 2
	1 0 4.00.00 00
	0 5 5 7980 3375 7905
5 1 0 1 -1 -1 0 0 -1 0.000 0 1 0 0 .5007.500 3165 6675 3135 6690 3165 6720
5 1 0 1 -1 -1 0 0 1 0.000 0 1 0 0 3917..495 3840 7230 3878 7305 3930 7320
5 1 0 1 -1 -1 0 0 -1 0 0 1 0 0 3900 6500 3990 6855 3930 6900 3990 6960
5 1 0 1 -1 -1 0 0 -1 0 0 0 0 0 7970 6340 7995 6225 8070 6300 80675 412
4 0 -1 0 0 0 12 0.0000 0 180 2520 6675 4935 contact: ph 6900 4440 6960
5 1 0 1 -1 #1 0  0 3855..1952
	 0
-6
6 4
3 00 3
	 42
	 0
3 00 3
 465
	 0
-I
6 39
2 1
	23
2 1
	 45
-6
6 3