#FIG 3.2
Port
Center
Inches
er  
100.00
le
-2
# 
1200 2
0 32 #f8f8f8
0 33 #eeeeee
0 34 #e6e6e6
5 1 0 1 -1 -1 0 0 -1 0 0 0 0 0 2900 6000 3105 6480 3120 6555 3105 6630
5 1 0 1 -1 -1 0 0 -1 0 0 0 0 0 2870 6500 3135 6465 3150 6555 3135 6645
5 1 0 1 -1 -1 0 0 -1 0.000 0 0 0 0 .0005.000 3195 6450 3210 6555 3195 6660
5 1 0 1 -1 -1 0 0 -1 0.000 0 1 0 0 3000 .000 2910 6480 2895 6555 2910 6630
5 1 0 1 -1 -1 0 0 -1 0 0 1 0 0 3100 6000 2865 6465 2850 6555 2865 6645
5 1 0 1 -1 -1 0 0 -1 0 0 1 0 00.0055.000 2820 6450 2805 6555 2820 6660
1 4 0 1 -1 -1 0 0 -1 0.000 1 0. 3615 5100 120 120 3510 5100 3735 5100
1 4 0 3 -1 -1 0 0 20 0 1 00 3615 5100 45 45 3585 5100 3660 5100
1 3 0 1 -1 1 0 0 -1 0 0 0 0 0 7970 6340 70 6300 8 412
4 0 -1 0 0 0 12 0.0000 0 180 2520 6675 5
5 
6 30
5 0 2
	 38
2 1
	 30
2 
	 300
2 2
	00
2 2
	00
-6
6 5
3 
	 45
	 0
3 
	 45
	 0
  
2 1
	 740
2 2
	7305
2 1
	 665
2 2
	 465
2 1
	 400
2 2
	7920
2 1
	 585
2 2
	 526
2 1
	 435
2 2
	6435
2 1
	 435
2 2
	 445
2 1
	 475
2 2
	7290
2 1
	 470
2 2
	 429
2 1
	 365
2 2
	7275
2 1
	 475
2 2
	 387
2 1
	 305
2 2
	6705
2 1
	 535
2 2
	 325
2 1
	 370
2 r
	9450
2 5375
 2
	 114
2 10 4
0
2 
	 750
22
	 
2 10 2
50
22
	 575
 4
	5 69
2 40 5
975
 3
	00
22
	 500
 2
	50
2125
5
	 650
0
	 50
	75
	0
2 
	 7
2 40 5
350
 2
	 705
2 10 2
0
2 
	 950
22
	 750
 5
	75
22
	 800
 2
	75
2725
 2
	3900
2 10 2
0
2 
	 350
45 F\001
4 0 -1 0 0 0 12 000 4 135 360 7575 2Bath\001
4 0 -1 0 0 0 12 0.0000 4 180 945 8100 5ng Room\001
4 0 -1 0 0 0 12 00 4 135 675 5025 27om\001
4 0 -1 0 0 0 12 00 4 180 615 825 4425ndry\001
4 0 -1 0 0 0 12 0.0000 4 135 600 3600 6hen\001
4 0 -1 0 0 0 12 00 4 135 270 5625 45L.\001
4 0 -1 0 0 0 12 00 4 135 270 3450 345.\001
4 0 -1 0 0 0 12 0. 4 135 270 8325 3825 CL.\001
4 0 -1 0 0 0 12 0.0000 4 135 270 7425 3CL.\001
