#FIG 3.2
Lanpe
Center
In
Letter 
100.00
le
-2
# lan
1200 2
5 1 0 1 -1 -1 0 0 -1 0 0 1 0 0 1500 6500 825 6150 1050 6750 1650 6975
5 1 0 1 -1 -1 0 0 -1 0.800 0 0 0 0 0 6300 1 6375 11250 5775 11925 5475
5 1 0 1 -1 -1 0 0 -1 0.000 0 0 0 0 5210 .210 6060 4635 6000 4800 5835 4860
5 1 0 1 -1 -1 0 0 -1 0 0 1 0 0 7000 1000 6525 1800 6675 2250 7125 2400
5 1 0 1 -1 -1 0 0 -1 0 0 0 0 00.0075.000 9525 1800 9375 2250 8925 2ﮞ00
5 1 0 1 -1 -1 0 0 -1 0.000 0 0 0 0 .5007.500 7050 4725 6825 5325 6225 5550
5 1 0 1 -1 -1 0 0 -1 0.000 0 1 0 0 2460..000 3225 5550 3000 4950 2400 4725
1 3 0 1 -1 -1 0 0 -1 0 1 00 4635 4545 1000000000000000005 105 4635 4545 4710 462
1 3 0 1 -1 -1 0 0 -1 0.000 1 0. 5025 4545 75 75 5025 4545 5100 4545
1 315
1