#FIG 3.2
Port
Center
Inches
er 
100.00
Se
-2
# As
1200 2
5 1 0 1 -1 -1 0 0 -1 0.000 0 1 0 0 0 0 1 0 0 57965 4230 5355
5 1 0 1 -1 -1 0 0 -1 0 0 0 0 0 2740 4900 4230 4530 4290 4995 4230 5385
5 1 0 1 -1 -1 0 0 -1 0.000 0 0 0 0 .17096.500 5880 9135 6285 9090 6690 9120
5 1 0 1 -1 -1 0 0 -1 0.000 0 1 0 0 95 9105 6300 9150 6705  4425 7050 2325
2 1 0 16 1 7 0 0 -1 0 0 0 -1 1 1 3
	3 0 5.00 300.00.00
	2 1 5.00 300.00.00
75 2100 4125 2100 1650 3750
3 2 0 9 5 7 0 0 -1 0 01 0 0 2
75 1 3390 9780
2 0 0 -1 0.000 0 0 -1 0 0毽毽 1 1 4
	3 1 00
	