#FIG 3.2
Port
Center
Inches
er 
1000.00
le
-2
# 
1200 2
5 1 0 7 26 7 0 0 -1 0 0 1 1 1 9111 6757 0 8025 8380 5 3390 1380
5 1 0 1 50
5 1 -1 -1 0 0
5 1 0 1 -1 -1 0 0 -1 0.000 0 0 0 0 .17096.500 5880 9135 6285 9090 6690 9120
5 1 0 1 -1 -1 0 0 -1 0.000 0 1 0 0 .1703.500 5895 9105 6300 9150 6705 9120
5 1 0 1 -1 -1 0 0 -1 0.0070 0 0 1 0 0 440 6040 435 6225 360 6300 420 6405
5 1 0 1 -1
5 1 0 1 -1 -1 0 0 -1 0 0 0 0 0 3440 7900 3510 7920 3435 7980 3375 7905
5 1 0 1 -1 -1 0 0 -1 0.000 0 1 0 0 .5007.500 3165 6675 3135 6690 3165 6720
5 1 0 1 -1 -1 0 0 -1 0 0 1 0 9 3917..495 3840 7230 3870 7305 3930 7320
5 1 0 1 -1
5 1 0 1 -1 -1 0 0 -1 0 0 0 0 0 7970 6340 7995 6225 8070 6300 80675 412
4 0 -1 0 0 0 12 00 0 180 2520 6675 4 ph 60
55
5 00
2 2
	450
4 00 2
8850
2 40 5
raft\001
4 0 -1 0 0 0 1 0 -1 0.0 0 -0 2
5
2 2
	 765
  2
5
2 2
	 0
2 2
	 
2 1
	 3ĘĘĘ
0 2
0
2 
	 4t\001
4 0 -1 0 0 0 1 -1 -1 00 0  0 2
	 315
2 2
	 325
2 1
	 365
2 2
	00
2{ĘĘĘ6
6 355
35
2