#FIG 3.2
Lanpe
Center
In
Letter 
100.00
le
-2
#5
5 1680
5 1 0 1 -1 -1 0 0 -1 0 0 0 0 0 3440 7900 3510 7920 3435 7980 3375 7905
5 1 0 1 -1 -1 0 0 -1 0 0 1 0 0 .5007.500 3165 6675 3137 6690 3165 17096.520
4 1 0 1 -1 -1 0 0 -1 0 0 1 0 703.5 0 5895 9 6300 420 6405
5 1 0 17900 3510 7920 9435 7900 3510 7920 9431 0 20
5 1 0 1 -1 -1 0 0 -1 0 0 1 0 0 3900 6500 3990 685900 39 -1 0 20
5 1 0 1 -1 -1 0 0 -1 0 0 1 0 0 3900 6500 3990 6855 3930 6900 0 3510 7665 3435 7605 3375 7680
5 1 0 1 -1 -1 0 0 -1 0 0 0 0 0 3440 7900 3510 7920 3435 7980 3375 7905
5 1 0 1 -1 -1 0 0 -1 0.000 0 1 0 0 .5007.500 3165 6675 3135 6690 3165 6720
5 1 0 0 3735 9450
2 1 0 1 -1 -1 0 4 -1 0.000 0 0 -1 0 0 2
	 3735 8955 3735 9315
2 1 0 1 -1 -1 0 0 1 0.000 0 0 -1 0 0 2
	 4485 585 4260 585
2 1 0 1 -1 -1 0 0 -1 0.000 0 0 -1 0 0 2
	 4260 585 4260 1185
2 1 0 1 -1 -1 0 0 -1 0.000 0 0 -1 0 0 2
	 450 1515 450 2700
2 1 0 1 -1 0 0 0 -1 0 0 2
	 4125 7050 4140 7170
2 1 0 1 -1 -1 0 0 -1 0.000 0 0 -1 0 0 2
	 4140 7170 4215 7185
2 1 0 1 -1 -1 0 0 -1 0.000 0 0 -1 0 0 2
	 8010 6225 4605 6330
2 1 0 1 -1 -1 0 0 -1 0.000 0 0 -1 0 0 2
	 7980 6225 7980 6405
2 1 0 1 -1 -1 0 0 -1 0.000 0 0 -1 0 0 2
	 7980 6345 4635 6465
2 1 0 1 -1 -1 0 0 -1 0.000 0 0 -1 0 0 2ﺧﺧﺧﺧﺧﺧﺧﺧﺧﺧﺧﺧﺧﺧﺧﺧﺧﺧﺧﺧﺧﺧﺧﺧﺧﺧﺧﺧﺧﺧﺧﺧﺧﺧﺧﺧ 0 0 2
	 375 1575 375 2700
2 1 0 1 -1 -1 0 0 -1 0.000 0 0 -1 0 0 2
	 375 2700 525 2700
-6
6 4125 270 4335 465
3 0 0 1 -1 -1 0 0 -1 0.000 0 0 0 3
	 4230 270 4140 330 4125 465
	 0.000 1.000 2.000
3 0 0 1 -1 -1 0 0 -1 0.000 0 0 0 3
	 4230 270 4320 330 4335 465
	 0.000 1.000 0.000
-6
6 3975 585 4200 1185
2 1 0 1 -1 -1 0 0 -1 0.000 0 0 -1 0 0 2
	 3975525
1 3 0 1 -1 -1 0 0 -1 0.000 1 0.0000 4215 6930 675 675 4215 6930 3555 7065
1 3 0 1 -1 -1 0 0 -1 0.000 1 0.0000 4215 6930 90 90 4215 6930 4125 6960
1 3۰۰۰۰ -1 -1 0 0 -1 0.000 0 -0.0000 4215 6930 675 675 4215 6930 4875 7065
1 3 0 1 -1 -1 0 0 -1 0.000 0 -0.0000 4215 6930 90 90 4215 6930 4305 6960
2 1 0 1 -1 -1 0 0 -1 0.000 0 0 -1 0 0 2
	 4020 480 4455 480
2 1 0 1 -1  3900 1590 3900 1755 4170 1755
2 4 0 1 -1 -1 0 0 -1 0.000 0 0 7 0 0 5
	 4575 1755 4575 1590 4305 1590 4305 1755 4575 1755
2 1 0 1 -1 -1 0 0 -1 0.000 0 0 -1 0 0 2
	 3825 2715 4185 5055
2 1 0 1 -1 -1 0 0 -1 0.000 0 0 -1 0 0 2
	 4620 2715 4260 5055
2 1 0 1 -1 -1 0 0 -1 0.000 0 0 -1 0 0 2
	 4020 3285 4215 4500
2 1 0 1 -1 -1 0 0 -1 0.000 0 0 -1 0 0 2
	 4440 3285 4245 4500
2 1 0 1 -1 -1 0 0 -1 0.000 0 0 -1 0 0 2
	 2265 10530 6945 9465
2 1 0 1 -1 -1 0 0 -1 0.000 0 0 -1 0 0 2
	 1980 9345 2520 9450
2 1 0 1 -1 -1 0 0 -1 0.000 0 0 -1 0 0 2
	 2595 9180 2460 9720
2 1 0 1 -1 -1 0 0 -1 0.000 0 0 -1 0 0 2
	 2490 9630 2835 9765
2 1 0 1 -1 -1 0 0 -1 0.000 0 0 -1 0 0 2
	 1920 9495 1920 9600
2 1 0 1 -1 -1 0 0 -1 0.000 0 0 -1 0 0 2
	 1980 9195 1980 9540
2 1 0 1 -1 -1 0 0 -1 0.000 0 0 -1 0 0 2
	 1995 9285 2355 9285
2 1 0 1 -1 -1 0 0 -1 0.000 0 0 -1 0 0 2
	 2205 9270 2550 9270
2 1 0 1 -1 -1 0 0 -1 0.000 0 0 -1 0 0 2
	 2580 9165 2925 8850
2 . 0 1 -1 -1 0 0 -1 0.000 0 0 -1 0 0 2
	 2940 8865 2925 9255
2 1 0 1 -1 -1 0 0 -1 0.000 0 0 -1 0 0 2
	 4080 8820 4080 8940
2 1 0 1 -1 -1 0 0 -1 0.000 0 0 -1 0 0 2
	 3750 8850 3750 8895
2 1 0 1 -1 -1 0 0 -1 0.000 0 0 -1 0 0 2
	 3750 8895 4080 8895
2 1 0 1 -1 -1 0 0 -1 0.000 0 0 -1 0 0 2	 2955 8850 4080 8850
2 4 0 1 -1 -1 0 0 -1 0.000 0 0 7 0 0 5
	 4035 9300 4035 8985 3795 80675 412raft\001
4 0 -1 0 0 0 1 -1 -1 0 0 -1 0.000 0 0 -1 0 0 2
	 3660 9315 3120 9315
2 1 0 1 -1 -1 0 0 -1 0.000 0 0 -1 0 0 2
	 3255 8895 2970 9765
2 1 0 1 -1 -1 0 0 -1 0.000 0 0 -1 0 ﹽ 2
	 3195 8895 2925 9765
2 1 0 1 -1 -1 0 0 -1 0.000 0 0 -1 0 0 2
	 2595 10200 3270 10200
2 1 0 1 -1 -1 0 0 -1 0.000 0 0 -1 0 0 2
	 2910 9960 2895 10440
2 1ﭼ0 1 -1 -1 0 0 -1 0.000 0 0 -1 0 0 2
	 3075 10080 3390 9780
2 1 0 1 -1 -1 0 0 -1 0.000 0 0 -1 0 0 2
	 3015 9660 3390 9660
2 1 0 1 -1 -1 0 0 -1 0.000 0 0 -1 0 0 2
	 3390 9660 3735 9450
2 1 0 1 -1 -1 0 0 -1 0.000 ﻱ 0 -1 0 0 2
	 3600 9360 3690 9360
2 1 0 1 -1 -1 0 0 -1 0.000 0 0 -1 0 0 2
	 2910 9780 3435 9780
2 1 0 1 -1 -1 0 0 -1 0.000 0 0 -1 0 0 2
	 3420 9780 3750 9615
2 1 0 1 -1 -1 0 0 -1 0.000 0 0 -1 0 0 &&&&&&&&&&&&&&&&&&&&&&&&&&&&&&&&&&&&&&&&&&&&&&&&&&&&&&&&&&&&&&&&&&&&&&&&&&&&&&&&&&&&&&&&&&&&&&&&&&&&&&&&&&&&&&&&&&&&&&&&&&&&&&&&4140 8955 4395 9060
2 1 0 1 -1 -1 0 0 -1 0.000 0 0 -1 0 0 2
	 4395 9060 6000 9165*2 1 0 1 -1 -1 0 0 -1 0.000 0 0 -1 0 0 2
	 4110 8940 5880 9045
2 1 0 1 -1 -1 0 0 -1 0.000 0 0 -1 0 0 2
	 6225 8295 5895 9045
2 1 0 1 -1 -1 0 0 -1 0.000 0 0 -1 0 0 2
	 6225 8295 6690 8295
2 1 0 1 -1 -1 0 0 -1 0.0K0 0 0 -1 0 0 2
	 6195 8355 6705 8355
2 1 0 1 -1 -1 0 0 -1 0.000 0 0 -1 0 0 2
	 6390 8295 6390 9285
2 1 0 1 -1 -1 0 0 -1 0.000 0 0 -1 0 0 2
	 6(05 8295 670= 9240
2 1 0 1 -1 -1 0 0 -1 0.000 0 0 -1 0 0 2
	 6195 8355 670= 8355
2 1 0 1 -1 -1 0 0 -1 0.000 0 0 -1 0 0 2
	 0 0 0 -1 0 0 2
	 450 6405 3765 6540
2 1 0 1 -1 -1 0 0 -1 0.000 0 0 -1 0 0 2
	 2460 6495 3765 7305
2 1 0 1 -1 -1 0 0 -1 0.000 0 S -1 0 0 2
	 2355 6495 3765 7365
2 1 0 1 -1 -1 0 0 -1 0.000 0 0 -1 0 0 2
	 3780 7380 3540 77......................................................................................................0 0 -1 0 0 2
	 4650 7380 4890 7725
2 1 0 1 -1 -1 0 0 -1 0.000 0 0 -1 0 0 2
	 4560 7395 4905 7800
2 1 0 1 -1 -1 0 0 -1 0.000 0 0 -1 0 0 2
	 4905 7650 4905 7920
2 1 0 1 -1 -1 0 0 -1 0.000 0 0 -1 0 0 2
	 5280 6675 4665 6675
2 1 0 1 -1 -1 0 0 -1 0.000 0 0 -1 0 0 2
	 5265 6735 4665 6735
2 1 0 1 -1 -1 0 0 -1 0.000 0 0 -1 0 0 2
	 4575 6360 4575 6435
2 1 0 1 -1 -1 0 0 -1 0.000 0 0 -1 0 0 2
	 4575 6435 4290 6435
2 1 0 1 -1 -I 0 0 -1 0.000 0 0 -1 0 0 2
	 4290 6360 4290 6435
2 1 0 1 -1 -1 0 0 -1 0.000 0 0 -1 0 0 2
	 4455 6840 4290 6840
2 1 0 1 -1 -1 0 0 -1 0.000 0 0 -1 0 0 2
	 4455 6975 4305 6975
2 1 0 1 -1 -1 0 0 -1 0.000 0 0 -1 0 0 2
	 4635 6465 4635 7290
2 1 0 1 -1 -1 0 0 -1 0.000 0 0 -1 0 0 2
	 4305 7050 4290 7170
2 1 0 1 -1 -1 0 0 -1 0.000 0 0 -1 0 0 2
	 4290 7170 4215 7185
2 1 0 1 -1 -1 0 0 -1 0.000 0 0 -1 0 0 2
	 3795 6465 4635 6465
2 1 0 1 -1 -1 0 0 -1 0.000 0 0 -1 0 0 2
	 4095 7035 4095 7275
2 1 0 1 -1 -1 00 -1 0.000 0 0 -1 0 0 2ﮰ 4335 7035 4335 7275
2 1 0 1 -1 -1 0 0 -1 0.000 0 0 -1 0 0 2
	 3870 7395 4560 7395
2 1 0 1 -1 -1 0 0 -1 0.000 0 0 -1 0 0 2
	 3165 6705 3#65 6705
2 1 0 1 -1 -1 0 0 -1 0.000 0 0 -1 0 0 2
	 4665 6705 5280 6705
2 1 0 1 -1 -1 0 0 -1 0.000 0 0 -1 0 0 2
	 5070 7650 5070 7935
2 1 0 1 -1 -1 0 0 -1 0.000 0 0 -1 0 0 2
	 3255 8970 3720 8970
2 1 0 1 -1 -1 0 0 -1 0;000 0 0 -1 0 0 2
	 3705 8985 3705 9270
2 1 0 1 -1 -1 0 0 -1 0.000 0 0 -1 0 0 r
	 3735 9300 3735 9450
2 1 0 1 -1 -1 0 4 -1 0.000 0 0 -1 ; 0 2
	 3735 8955 3735 9315
2 1 0 1 -1 -1 0 0 1 0.000 0 0 -1 0 0 2
	 4485 585 4260 585
2 1 0 1 -1 -1 0 0 -1 0.000 0 0 -1 0 0 2
	 4260 585 4260 1185
2 1 0 1 -1 -1 0 0 -1 0.000 0 0 -1 0 0 2
	 450 1515 450 2700
2 1 0 1 -1 0 0 0 -10 -1 0 0 2
	 4125 7050 4140 7170
2 1 0 1 -1 -1 0 0 -1 0.000 0 0 -1 0 0 2
	 4140 7170 4215 7185
2 1 0 1 -1 -1 0 0 -1 0.000 0 0 -1 0 0 2
	 8010 6225 4605 6330
2 1 0 1 -1 -1 0 0 -1 0.000 0 0 -1 0 0 2
	 7980 6225 7980 6405
2 1 0 1 -1 -1 0 0 -1 0.000 0 0 -1 0 0 2
	 7980 6345 4635 6465
2 1 0 1 -1 -1 0 0 -1 0.000 0 0 -1 0 0 2ﺧﺧﺧﺧﺧﺧﺧﺧﺧﺧﺧﺧﺧﺧﺧﺧﺧﺧﺧﺧﺧﺧﺧﺧﺧﺧﺧﺧﺧﺧﺧﺧﺧﺧﺧﺧﺧﺧﺧﺧﺧﺧﺧﺧﺧﺧﺧﺧﺧﺧﺧﺧﺧﺧﺧﺧﺧﺧﺧﺧﺧﺧﺧﺧﺧﺧﺧﺧﺧﺧﺧﺧﺧﺧﺧﺧﺧﺧﺧﺧﺧﺧﺧﺧﺧﺧﺧﺧﺧﺧﺧﺧﺧﺧﺧﺧﺧﺧﺧﺧﺧﺧﺧﺧﺧﺧﺧﺧﺧﺧﺧﺧﺧﺧﺧﺧﺧﺧﺧﺧﺧﺧﺧﺧﺧﺧﺧﺧﺧﺧﺧﺧﺧﺧﺧﺧﺧﺧﺧﺧﺧﺧﺧﺧﺧﺧﺧﺧﺧﺧﺧﺧﺧﺧﺧﺧﺧﺧﺧﺧﺧﺧﺧﺧﺧﺧﺧﺧﺧﺧﺧﺧﺧﺧﺧﺧﺧﺧﺧﺧﺧﺧﺧﺧﺧﺧﺧﺧﺧﺧﺧﺧﺧﺧﺧﺧﺧﺧﺧﺧﺧﺧﺧﺧﺧﺧﺧﺧﺧﺧﺧﺧﺧﺧﺧﺧﺧﺧﺧﺧﺧﺧﺧﺧﺧﺧﺧﺧﺧﺧﺧﺧﺧﺧﺧﺧﺧﺧﺧﺧﺧﺧﺧﺧﺧﺧﺧﺧﺧﺧﺧﺧﺧﺧﺧﺧﺧﺧﺧﺧﺧﺧﺧﺧ 1 -1 -1 0 0 -1 0.000 0 0 -1 0 0 2
	 4335 7035 4335 7275
2 1 0 1 -1 -1 0 0 -1 0.000 0 0 -1 0 0 2
	 3870 7395 4560 7395
2 1 0 1 -1 -1 0 0 -1 0.000 0 0 -1 0 0 2
	 3165 6705 3765 6705
2 1 0 1 -1 -1 0 0 -1 0.000 0 0 -1 0 0 2
	 4665 6705 5280 6705
2 1 0 1 -1 -1 0 0 -1 0.000 0 0 -1 0 0 2
	 5070 7
	 0.000 1.000 1.000 1.000 1.000 1.000 1.000 650 5070 7935
2 1 0 1 -1 -1 0 0 -1 0.000 0 0 -1 0 0 2
	 3255 8970 3720 8970
2 1 0 1 -1 -1 0 0 -1 0.000 0 0 -1 0 0 2
 3705 8985 3705 9270
2 1 0 1 -1 -1 0 0 -1 0.000 0 0 -1 0 0 2
	 3735 9300 3735 9450
2 1 0 1 -1 -1 0 0 -1 0.000 0 0 -1 0 0 2
	 3735 8955 3735 9315
2 1 0 1 -1 -1 0 0 -1 0.000 0 0 -1 0 0 2
	 4485 585 4260 585
2 1 0 1 -1 -1 0 0 -1 0.000 0 0 -1 0 0 2
	 4260 585 4260 1185
2 1 0 1 -1 -1 0 0 -1 0.000 0 0 -1 0 0 2
	 450 1515 450 2700
2 1 0 1 -1 -1 0 0 -1 0.000 0 0 -1 0 0 2
	 8025 1500 8025 2700
2 1 0 1 -1 -1 0 0 -1 0.000 0 0 -1 0 0 2
	 4170 5700 4170 6315
2 1 0 1 -1 -1 0 0 -1 0.000 0 0 -1 0 0 2
	 3825 6330 4620 6330
2 1 0 1 -1 -1 0 0 -1 0.000 0 0 -1 0 0 2
	 4215 5700 4215 6300
2 1 0 1 -1 -1 0 0 -1 0.000 0 0 -1 0 0 2
	 4260 5700 4260 6315
3 0 0 1 -1 -1 0 0 -1 0.000 0 0 -1 -1 0 0 -1 0.000 0 0 0 3
	 4020 480 3960 570 3810 1515
	 0.000 1.000 0.000
3 0 0 1 -1 -1 0 0 -1 0.000 0 0 0 4
	 3810 1500 3885 1290 4035 1155 4230 1155
	C0.000 1.000 1.000 0.000
3 0 0 1 -1 -1 0 0 -1 0.000 0 0 0 4
	 4665 1500 4590 1290 4440 1155 4245 1155
	 0.000 1.000 1.000 0.000
3 0 0 1 -1 -1 0 0 -1 0.000 0 0 0 3
	 3870 2820 3990 3060 4005 3255
	 0.000 1.000 0.000
3 0 0 1 -1 -1 0 0 -1 0.000 0 0 0 3
	 4575 2820 4455 3000 0.000
3 0 0 1 -1 -1 0 0 -1 0.000 0 0 0 3
	 1890 9435 1785 9405 1740 9360
	 0.000 1.000 0.000
3 0 0 1 -1 -1 0 0 -1 0.000 0 0 0 4
	 1905 9255 1920 9210 2040 9180 2580 9165
	 0.000 1.000 1.000 0.000
3 0 0 1 -1 -1 0 0 -1 0.000 0 0 0 4
	 1905 9465 2055 9615 2460 9735 2895 9780
	 0.000 1.000 1.000 G.000
3 0 0 1 -.000 1.000 1.000 0.000
3 0 0 1 -1 -1 0 0 -1 0.000 0 0 0 6
	 4065 8820 3630 8715 3255 8670 2970 8730 2925 8775 2940 8835
	 0.000 1.000 1.000 1.000 1.000 0.000
3 0 0 1 -1 -1 0 0 -1 0.000 0 0 0 4
	 2595 9180 2655 9225 2775 9255 2910 9255
	 0.000 1.000 1.000 0.000
3 0 0 1 -1 -1 0 0 -1 0 0 2ﺡ	 4455 6975 4305 6975
2 1 0 1 -1 -1 0 0 -1 0.000 0 0 -1 0 0 2
	 4635 6465 4635 7290
2 1 0 1 - -1 0.000 0 0 0 8
	 4215 6765 3930 6765 3855 6795 3840 6855 3840 7245 3870 7305
	 3930 7320 4215 7320
	 0.000 1.000 1.000 1.000 1.000 1.000 1.000 0.000
3 0 0 1 -1 -1 0 0 -1 0.000 0 0 0 8
	 4215 6765 4500 6765 4575 6795 4590 6855 4590 7245 4560 7305
	 4500 7320 4215 7320
	 0.000 1.000 1.000 1.000 1.000 1.000 1.000 0.000
3 0 010 0 12 0.0000 0 180 2520 6675 4935 contact: phiscock@ee.ryerson.ca\001
4 0 -1 0 0 0 12 0.0000 0 135 1560 6675 4320           R.D. Hiscocks\001
4 0 -1 0 0 0 12 0.0000 0 165 2265 6675 4500uver, BC, Canada\001
