#FIG 3.2
Lanpe
Center
In
Letter 
100.00
le
-2
# 
1200 2
4 1 0 7 26 7 0 0 -1 0 0 1 1 1 917050 6300 8025 8625 0 7350
	2 0 7.00.00 00
	1 0 7.00.00 00
2 2 0 3 0 7 0 0 -1 0.000 0 0 -1 0 0 5
	 5700 4425 8325 4425 8325 6300 5700 630 5700 4425
2 1 0 8 4 7 0 0 -1 0 0 0 -1 0 1 2
	1 0 4.00.00 00
	0 5325 3225 5325
2 1 0 8 4 7 0 0 -1 0 0 0 -1 0 1 2
	2 0 5.00.00 00
	 7050 4425 7050 2325
2 1 0 16 1 7 0 0 -1 0.01 0 1 -1-1 0 0 0
5 1.5007.5065 6720
5 1 0 1 870 7305 3930 7320
5 1 0 1 -1 -1 0 0 -1 0 0 1 0 0 3900 6500 3990 6855 3930 6900 3990 6960
5 1 0 1 -1 -1 0 0 -1 0 0 0 0 0 7970 6340 7995 6225 8070 6300 800
3 0 0 11 31 7 0 0 -1 0 0 1 1 4
	0 0 1 660.00 .00
	0 0 8.00.00.00
	 1050 5550 3525 3305700 5325 3225 5325
2 1 0 8 4 0 0 0.000
4 1 