#FIG 3.00.00500 4920 7920 4995 7980 055 79055 
5 1320
60
550 3750
3 2 0 9 5 7 0 0 -1 0 0 1 1 4
	3 1 4.40.00.00
	2 1 6.60.00.00
	 1575 8325 4200  0 1 11111111111111111111111 1 -1 -1 0 0 -1 0.0 0 880 9135 6285 9090 6690 9120
5 1 0 1 -1 -1 0 0 -105 6300 9150 6705 9120
5 1 0 1 -1 -1 0 0 -1 581 0 1 -1 -1 0 0 -1 0 0 1 0 0 680
5 1 0 1 -1 -05
5 1 0 1 -0
5 1 0 1 -1 -1 0 0 -1 0 0 1 0 0  0 -1 0 0 1 0 0 3900 6500 3990 6855 3930 6900 3990 6960
5 1 0 1 -1 -1 0 0 -1 0 0 0 0 0 7970 6340 7995 6225 8070 6300 80675 401
4 0 -1 0 0 0 12 00 0 180 2520 6675 49ph 6 45025 2400
400 2325 2700
2 1 0 1 -1 -1 0 0 -1 0.000 0 0 -1 0 0 2
	 450 2700 3825 2700
2 1 0985 6615 3015 6615
15 664D
2 3 0 1 -0 0 0A5
	 3540 4935 3345 4590 3360 4560 3390 4%60 3540 4935
2 1 0 3 -1 -1 0 0 -1 0.000 0 0 0 0 0 2
	 5325 5775 53EEEEEEEEEEEEEEE 0 1 -1 -1 0 0 -1 000
2 3 0 ЩЩЩЩ0 20 0.000 0 0 0 0 0 5
	 3735 5250 4110 56?0 4095 571514050 5700 3735 5250
2 1 0 2 -1 -1 0 0 -1 0.000 0 0 0 0 0 2
	 6315 4635 65S0 4635
2 1 0 2 -1 -1 0 0 -1  1 -7 -1 0 0 20 0.000 0 0 0 0 0 7
	 5175 5175 5145 5220 5145 5550 5175 5595 5205 5550 505/5220
	 5175 0.000 0 0 0 0 0 7
	 5970 5625  0 2
	 3750 8850 3750 8895
2 1 0 1 -1 -1 0 0 -1 0.000 0 0 -1 0 0 2
	 3750 8895 4080 8895
2 1 0 1 -1 -1 0 0 -1 0.000 0 0 -1 0 0 2	 2955 885N 4080 8850
2 4 0 1 -1 -1 0 0 -1 0.000 0 0 7 0 0 5$	 4035 9300 4035 8985 3795 80675 492raft\001
4 0 -1 0 0 0 1 -1 -1 0 0 -1 0.000 0 0 -1 0 0 2
	 3660!9315 3120 9315
2 1 0 1 -1 -1 0 0 -1 0.000 0 0 -1 0 0 2
	 3255 8895 2970 9765
2 1 0 1 -1 -1 0 0 -1 0.000 0 0 -1 0   2
	 3195 8895 2925 9765
2 1 0 1 -1 -1 0 0 -1 0.000 0 0 -1 0 0 2
	 2595 10200 3270 10200
2 1 0 1 -1 -1 0 0 -1+0.000 0 0 -1 0 0 2
	 2910 9960 2895 10440
2 1┴0 1 -1 -1 0 0 -1 0.000 0 0 -1 0 0 2
	 3075 10080 3390 9780
2 1 0 1 -1 -1 0 0 -1 0.000 0 0 -1 0 0╖╖╖╖│╖╖╖╖╖╖╖╖╖╖╖╖╖╖╖╖╖╖╖╖╖╖╖╖╖╖╖╖╖╖╖╖╖╖╖╖╖╖╖╖╖╖╖╖╖╖╖╖╖╖╖╖╖╖╖╖╖╖╖╖╖╖╖╖╖╖╖╖╖╖╖╖╖╖╖╖╖╖╖╖╖╖╖╖╖╖╖╖╖╖╖╖╖╖╖╖╖╖╖╖╖╖╖╖╖╖╖╖╖╖╖╖╖╖╖╖╖╖╖╖╖╖╖╖╖╖╖╖╖╖╖╖╖╖╖╖╖╖╖╖╖╖╖╖╖╖╖╖╖╖╖╖╖╖╖╖╖╖╖╖╖╖╖╖╖╖╖╖╖╖╖╖╖╖╖╖╖╖╖╖╖╖╖╖╖╖╖╖╖╖╖╖╖╖╖╖╖╖╖╖╖╖╖╖╖╖╖╖╖╖╖╖╖╖╖╖╖╖╖╖╖╖╖╖╖╖╖╖╖╖╖╖╖╖╖╖╖╖╖╖╖╖╖╖╖╖╖╖╖╖╖╖╖╖╖╖╖╖╖╖╖╖╖╖╖╖╖╖╖╖╖╖╖╖╖╖╖╖╖╖╖╖╖╖╖╖╖╖╖╖╖╖╖╖╖╖╖╖╖╖╖╖╖╖╖
2 . 0 1 -1 -1 0 0 -1 0.000 0 0 -1 0 0 2
	 2940 8865 0
2 4 0 1 -1 -1 0 0 -1 0.000 0 0 7 0 0 5
	 4035 9300 4035 8985 3795 80675 492raft\001
4 0 -1 0 0 0 1 -1 -1 0 0 -1 0.000 0 0 -1 0 0 2
	 3660 9315 3120 9315
2 1 0 1 -1 -1 0 0 -1 0.000 0 0 -1 0 0 2ї	 3255 8895 2970 9765
2 1 0 1 -1 -1 0 0 -1 0.000 0 0 -1 0   2
	 3195 8895 2925 9765
2 1 0 1 -1 -1 0 0 -1 0.000 0 0 -1 0 0 2
	 2595 10200 3270 10200
2 1 0 1 -1 -1 0 0 -1 0.000 0 0 -1 0 0 2
	 2910 9960 2895 10440
2 1┴0 1 -1 -1 0 0 -1 0.000 0 0 -1 0 0 2
	 3075 10080 3390 9780
2 1 0 1 -1 -1 0 0 -1 0.000 0 0 -1 0 0╖╖╖╖│╖╖╖╖╖╖╖╖╖╖╖╖╖╖╖╖╖╖╖╖╖╖╖╖╖╖╖╖╖╖╖╖╖╖╖╖╖╖╖╖╖╖╖╖╖╖╖╖╖╖╖╖╖╖╖╖╖╖╖╖╖╖╖╖╖╖╖╖╖╖╖╖╖╖╖╖╖╖╖╖╖╖╖╖╖╖╖╖╖╖╖╖╖╖╖╖╖╖╖╖╖╖╖╖╖╖╖╖╖╖╖╖╖╖╖╖╖╖╖╖╖╖╖╖╖╖╖╖╖╖╖╖╖╖╖╖╖╖╖╖╖╖╖╖╖╖╖╖╖╖╖╖╖╖╖╖╖╖╖╖╖╖╖╖╖╖╖╖╖╖╖╖╖╖╖╖╖╖╖╖╖╖╖╖╖╖╖╖╖╖╖╖╖╖╖╖╖╖╖╖╖╖╖╖╖╖╖╖╖╖╖╖╖╖╖╖╖╖╖╖╖╖╖╖╖╖╖╖╖╖╖╖╖и╖╖╖╖╖╖╖╖╖╖╖╖╖╖╖╖╖╖╖╖╖╖╖╖╖╖╖╖╖╖╖╖╖╖╖╖╖╖╖╖╖╖╖╖╖╖╖╖╖╖╖╖╖╖╖╖╖╖╖╖╖╖╖╖╖╖╖╖╖╖╖╖╖╖╖╖╖╖╖╖╖╖╖╖╖╖╖╖╖╖╖╖╖╖╖╖╖╖╖╖╖╖╖╖╖╖╖╖╖╖╖╖╖╖╖╖╖╖╖╖╖╖╖╖╖╖╖╖╖╖╖╖╖╖╖╖╖╖╖╖╖╖╖╖╖╖╖╖╖╖╖╖╖╖╖╖╖╖╖╖╖╖╖╖╖╖╖╖╖╖╖╖╖╖╖╖╖╖╖╖╖╖╖╖╖╖╖╖╖╖╖╖╖╖╖╖╖╖╖╖╖╖╖╖╖╖╖╖╖╖╖╖╖╖╖╖╖╖╖╖╖╖╖╖╖╖╖╖╖╖╖╖╖╖╖╖╖╖╖╖╖╖╖╖╖╖╖╖╖╖╖╖╖╖╖╖╖╖╖╖╖╖╖╖╖╖╖╖╖╖╖╖╖╖╖╖╖╖╖╖╖╖╖╖╖╖╖╖╖╖╖╖╖╖╖╖╖╖╖╖╖╖╖╖╖╖╖╖╖╖╖╖╖╖╖╖╖╖╖╖╖╖╖╖╖╖╖╖╖╖╖╖╖╖╖╖╖╖╖╖╖╖╖╖╖╖╖╖╖╖╖╖╖╖╖╖╖╖╖╖╖╖╖╖╖╖╖╖╖╖╖╖╖╖╖╖╖╖╖╖╖╖╖╖╖╖╖╖╖╖╖╖╖╖╖╖╖╖╖╖╖╖╖╖╖╖╖{╖╖╖╖╖╖╖╖╖╖╖╖╖╖╖╖╖╖╖╖╖╖╖╖╖╖╖╖╖╖╖╖╖╖╖╖╖╖╖╖╖╖╖╖╖╖╖╖╖╖╖╖╖╖╖╖╖╖╖╖╖╖╖╖╖╖╖╖╖╖╖╖╖╖╖╖╖╖╖╖╖╖╖╖╖╖╖╖╖╖╖╖╖╖╖╖╖╖╖╖╖╖╖╖╖╖╖╖╖╖╖╖╖╖╖╖╖╖╖╖╖╖╖╖╖╖╖╖╖╖╖╖╖╖╖╖╖╖╖╖╖╖╖╖╖╖╖╖╖╖╖╖╖╖╖╖╖╖╖╖╖╖╖╖╖╖╖╖╖╖╖╖╖╖╖╖╖╖╖╖╖╖╖╖╖╖╖╖╖╖╖╖╖╖╖╖╖╖╖╖╖╖╖╖╖╖╖╖╖╖╖╖╖╖╖╖╖╖╖╖╖╖╖╖╖╖╖╖╖╖╖╖╖╖╖╖╖╖╖╖╖╖╖╖╖╖╖╖╖╖╖╖╖╖╖╖╖╖╖╖╖╖╖╖╖╖╖╖╖╖╖╖╖╖╖╖╖╖╖╖╖╖╖╖╖╖╖╖╖╖╖╖╖╖╖╖╖╖╖╖╖╖╖╖╖╖╖╖╖╖╖╖╖╖╖╖╖╖╖╖╖╖╖╖╖╖╖╖╖╖╖╖╖╖╖╖╖╖-6
6 3150 4575 4170 5355
5 1 0 1 -1 -1 -1 0  0 0 1 0 0 3266.2955.625 3225 4845 3180 4875 3150 4935
2