#FIG 3.2
Port
Center
Inches
er  
100.00
le
-2
# 
1200 2
0 32 #f8f8f8
0 33 #eeeeee
0 34 #e6e6e6
5 1 0 1 -1 -1 0 0 -1 0 0 0 0 0 2900 6000 3105 6480 3120 6555 3105 6630
5 1 0 1 -1 -1 0 0 -1 0 0 0 0 0 2870 6500 3135 6465 3150 6555 3135 6645
5 1 0 1 -1 -1 0 0 -1 0.000 0 0 0 0 .0005.000 3195 6450 3210 6555 3195 6660
5 1 0 1 -1 -1 0 0 -1 0.000 0 1 0 0 3000 0 6480 2895 6555 2910 662865 6645
5 1 0 1 -1 -1 0 0 -1 0 0 1 0 00.0055.000 2820 20 3510 5100 3735 5100
1 4 0 3 -1 -1 0 0 20 0 1 00 3615 5100 45 45 3585 5100 3660 5100
1 3 0 1 -1 -1 0 0 20 0 1 00 2985 6615 30 30 2985 6615 3015 6615
1 3 0 1 -1 -1 0 0 20 0 1 00 3795 6645 30 30 3795 6645 3825 6645
2 3 0 1 -1 -1 0 0 20 0 0 0 0 0 0 5
	 3540 4935 3345 4590 3360 4560 3390 4560 3540 4935
2 1 0 3 -1 -1 0 0 -1 0 0 0 0 0 0 2
	 5325 5775 5325 5850
2 1 0 3 -1 -1 0 0 -1 0 0 0 0 0 0 2
	 5325 5325 5325 5400
2 3 0 1 -1 -1 0 0 20 0.000 0 0 0 0 0 7
	 6705 5670 6675 5715 6675 6045 6705 6090 6735 6045 6735 5715
	 6705 5670
2 3 0 1 -1 -1 0 0 20 0.000 0 0 0 0 0 7
	 6705 5190 6675 5235 6675 5565 6705 5610 6735 5565 6735 5235
	 6705 5190
2 3 0 1 -1 -1 0 0 20 0 0 0 0 0 0 7
	 6705 5640 6660 5610 6330 5610 6285 5640 6330 5670 6660 5670
	 6705 5640
2 3 0 1 -1 -1 0 0 20 0 0 0 0 0 0 0
5 1 0 1 -1 -1 0 0 -1 0.000 0 0 0 0 4512.495 7242.495 4590 7230 4560 7305 4500 7320
5 1 0 1 -1 -1 0 0 -1 0.000 0 0 0 0 4447.500 6907.500 4440 6855 4500 6900 4440 6960
5 1 0 1 -1 -1 0 0 -1 0.000 0 1 0 0 3855..195 3795 7290 3810 7380 3870 7395
5 1 0 1 -1 -1 0 0 -1 0.000 0 0 0 0 4574.670 7326.195 4635 7290 4620 7380 4560 7395
5 1 0 1 -1 -1 0 0 -1 0.000 0 0 0 0 3646.185 9252.239 3705 9225 3690 9300 3630 9315
6 345 1470 3825 2700
5 1 0 1 -1 -1 0 0 -1 0.000 0 1 0 0 477.495 1602.495 480 1500 405 1530 375 0
2 1 0 1 -1 -1 0 0 -1 0.000 0 0 -1 0 0 2
	 3825 1800 450 1800
2 1 0 1 -1 -1 0 0 -1 0.000 0 0 -1 0 0 2
	 3825 2325 450 2325
2 1 0 1 -1 -1 0 0 -1 0.000 0 0 -1 0 0 2
	 450 2400 2325 2400
2 1 0 1 -1 -1 0 0 -1 0.000 0 0 -1 0 0 2
	 2325 2400 2325 2700
2 1 0 1 -1 -1 0 0 -1 0.000 0 0 -1 0 0 2
	 450 2700 3825 2700
2 1 0 1 -1 -1 0 0 -1 0.000 0 0 -1 0 0 2
	 3825 1500 3825 2700
2 1 0 1 -1 -1 0 0 -1 0.000 0 0 -1 0 0 2
	 375 1575 375 2700
2 1 0 1 -1 -1 0 0 -1 0.000 0 0 -1 0 0 2
	 375 2700 525 2700
-6
6 4125 270 4335 465
3 0 0 1 -1 -1 0 0 -1 0.000 0 0 0 3
	 4230 270 4140 330 4125 465
	 0.000 1.000 0.000
3 0 0 1 -1 -1 0 0 -1 0.000 0 0 0 3
	 4230 270 4320 330 4335 465
	 0.000 1.000 0.000
-6
6 39150 4575 4170 5355
5 1 0 1 -1 -1 0 0 -1 0.000 0 1 0 0 3266.250 4955.625 3225 4845 3180 4875 3150 4935
2 1 0 1 -1 -1 0 0 -1 0.000 0 0 -1 0 0 2
	 4095 4575 3210 4830
2 1 0 1 -1 -1 0 0 -1 0.000 0 0 -1 0 0 2
	 3165 4935 3165 5355
2 1 0 1 -1 -1 0 0 -1 0.000 0 0 -1 0 0 2
	 3150 5355 4050 5355
2 1 0 1 -1 -1 0 0 -1 0.000 0 0 -1 0 0 2
	 4050 5355 4170 5115
2 1 0 1 -1 -1 0 0 -1 0.000 0 0 -1 0 0 2
	 3165 5070 4155 5070
-6
6 4650 1470 8130 2700
5 1 0 1 -1 -1 0 0 -1 0.000 0 0 0 0 7997.505 1602.495 7995 1500 8070 1530 81 1500
2 1 0 1 -1 -1 0 0 -1 0.000 0 0 -1 0 0 2
	 4650 1800 8025 1800
2 1 0 1 -1 -1 0 0 -1 0.000 0 0 -1 0 0 2
	 4650 2325 8025 2325
2 1 0 1 -1 -1 0 0 -1 0.000 0 0 -1 0 0 2
	 8025 2400 6150 2400
2 1 0 1 -1 -1 0 0 -1 0.000 0 0 -1 0 0 2
	 6150 2400 6150 2700
2 1 0 1 -1 -1 0 0 -1 0.000 0 0 -1 0 0 2
	 8025 2700 4650 2700
2 1 0 1 -1 -1 0 0 -1 0.000 0 0 -1 0 0 2
	 4650 1500 4650 2700
2 1 0 1 -1 -1 0 0 -1 0.000 0 0 -1 0 0 2
	 8100 1575 8100 2700
2 1 0 1 -1 -1 0 0 -1 0.000 0 0 -1 0 0 2
	 8100 2700 7950 2700
-6
6 4305 4575 5325 5355
5 1 0 1 -1 -1 0 0 -1 0.000 0 0 0 0 5208.750 4955.625 5250 4845 5295 4875 5325 4935
2 1 0 1 -1 -1 0 0 -1 0.000 0 0 -1 0 0 2
	 4380 4575 5265 4830
2 1 0 1 -1 -1 0 0 -1 0.000 0 0 -1 0 0 2
	 5310 4935 5310 5355
2 1 0 1 -1 -1 0 0 -1 0.000 0 0 -1 0 0 2
	 5325 5355 4425 5355
2 1 0 1 -1 -1 0 0 -1 0.000 0 0 -1 0 0 2
	 4425 5355 4305 5115
2 1 0 1 -1 -1 0 0 -1 0.000 0 0 -1 0 0 2
	 5310 5070 4320 5070
-6
1 3 0 1 -1 -1 0 0 -1 0.000 1 0.0000 2910 10200 90 90 2910 10200 2925 10290
1 3 0 1 -1 -1 0 0 -1 0.000 1 0.0000 2910 10200 180 180 2910 10200 3075 10260
1 3 0 1 -1 -1 0 0 -1 0.000 1 0.0000 6630 9480 60 60 6630 9480 6675 9525
1 3 0 1 -1 -1 0 0 -1 0.000 1 0.0000 4215 6930 675 675 4215 6930 3555 7065
1 3 0 1 -1 -1 0 0 -1 0.000 1 0.0000 4215 6930 90 90 4215 6930 4125 6960
1 3 0 1 -1 -1 0 0 -1 0.000 0 -0.0000 4215 6930 675 675 4215 6930 4875 7065
1 3 0 1 -1 -1 0 0 -1 0.000 0 -0.0000 4215 6930 90 90 4215 6930 4305 6960
2 1 0 1 -1 -1 0 0 -1 0.000 0 0 -1 0 0 2
	 4020 480 4455 480
2 1 0 1 -1 -1 0 0 -1 0.000 0 0 -1 0 0 2
	 4050 615 3990 1140
2 1 0 1 -1 -1 0 0 -1 00 0 0 -1 0 0 2
	 3405 1395 3405 1500
2 1 0 1 -1 -1 0 0 -1 0.000 0 0 -1 0 0 2
	 3540 1380 3540 14 0 0 -1 0.000 0 
	 5055 5 1470
2