#FIG 3.2
Poët
Center
Inches
 B355
5 
5 1
5 01
4 01
4 1 -1 0 0 18 14 00 4 165 00 0 1 380
50
5405
80
55
5 
5 1320
60
5
5 1315
2700
5 1605
0 2
1500
2 1
	 30
2 2
	525
2 2
0400
0 2
0
2 2
	 00
2 2
	 382
2 1
	 3
2 1
	 3
-6
50
5
5 1
5 1960
95
55
5 
6 30
5 
2 1
	 30
2 2
	 00
2 2
	325
0 2
	 45
2 1
	 200
2 2
	700
0 2
0
2 2
	 0
2 2
	 0
-6
6 4
3 00 3
	 42
	 0
3 00 3
 465
	 0
-6
6 39
2 1
	 3
2 1
	 45
-6
6 355
55
2 2
	 830
0 2
5
2 2
	 355
0 2
5
2 2
	 070
-6
6
5 1605
0 2
0
2 2
	 800
0 2
5
2 2
	 400
0 2
0
2 2
	 700
0 2
0
2 2
	 700
0 2
0
-6
6 455
55
2 2
	 830
0 2
5
2 2
	 355
0 2
5
2 2
	 070
-6
10
1 60
125
1
1 3
1 3065
0 1 
2 1
	 4
2 1
	 40
2  2
	1500
2 1
	 385
2 2
	 490
2 1
	 570
25
	 5
2 
	 4
2 1
	 05
2 2
	 055
0 2
0
2 2
	 500
0 2
65
2 2
	9450
2 1
	 220
2 2
	 249
2 1
	 100
2 2
	9540
2 1
	 185
2 2
	 220
2 1
	 250
2 2
	9255
2 1
	 440
2 2
	 375
2 1
	 395
2 2
	8850
2 40 5
300
0 2
5
2 2
	 765
0 2
5
2 2
	 0
2 2
	 
2 1
	 3780
0 2
0
2 2
	 450
0 2
0
2 2
	 780
0 2
5
2 2
	 240
0 2
0
2 2
	 060
0 2
5
2 2
	 045
0 2
5
2 2
	 295
0 2
5
2 2
	 285
0 2
0
2 2
	 355
0 2
0
2 2
	 480
0 2
0
2 2
	 715
0 2
0
2 2
	 
2 1
	 150
2 2
	330
02
405
0 2
	 45
2 1
	 40
2 2
	 305
0 2
5
2 2
	 725
0 2
0
2 2
	 950
0 2
0
2 2
	 675
0 2
5
2 2
	 435
0 2
5
2 2
	 435
0 2
0
2 2
	 975
0 2
0
2 2
	 170
0 2
5
2 2
	 330
0 2
5
2 2
	 465
0 2
0
2 2
	 305
0 2
5
2 2
	 725
0 2
0
2 2
	 920
0 2
5
2 2
	 735
0 2
5
2 2
	 435
0 2
5
2 2
	 840
0 2
5
2 
2 1
	 415
2 2
	6330
2 1
	 400
2 2
	 426
3 00 3
	 42
	 0
3 00 3
5
	 0
3 
	 355
	.000
3 00 4
5
	 000
 3
	55
	00
33
	 5
	 0
3 
	 1
	 0
3 00 4
5
	 000
 4
	9780
	 000
34
	 780
0
3 
	 435
	 0.0
3 00 4
5
	 000
 4
	9615
	 000
38
	 305
0
	 000
 8
	 421
	 420
	 1.0
3 00 6
0
	 000
 3
	40
	00
33
	 0
	 0
3 
	 1
	 0
3 00 3
5
	 0
3 
	 400
	.000
4 0 Ligaft\001
4 0 -1 0 0 0 12 00 0 180 2520 6675 4 phi.ca\001
4 0 -1 0 0 0 12 00 0 135 1560 6675 4cks\001
4 0 -1 0 0 0 12 00 0 165 2265 6675 4 BC,ada\001
