#FIG 3.2
Por	
Center
Inches
er 
10000
Se
-2
# As
1200 7520
4 1 0 11-1 -1 0 0 -1 5895 9  420 640190
\4\001
4 1 -1 0 0 18 14 00 0 0 0 0 0
5\4R\001
4 1 -1 0 0 0 0 0 00.0075.0 9375 225
2
5\4R\001
4 1 -1 0 0 18 1 0 0 0 0 0 5
	(
0

00
2
	
# 
\4\001
4 1 -1 0 0 18 14 00 0 0 0 0 0 5
	(
2

 2
0
 55
12R\001
4 1 -1 0 0 18 14 00 0 0 0 0 0 5
	(
2
5\4R\001
4 1 -1 0 0 0 0 0 00.0075.000 9 937
5 1550
190
\4\001
4 1 -1 0 0 18 14 00 0 0 0 0 0
5\4R\001
4 1 -1 0 0 0 0 0 00.0075.000 95 225
2
5\4R\001
4 1 -1 0 0 18 1 0 0 0 0 0 5
	(
0

00
2
	
# 
\4\001
4 1 -1 0 0 18 14 00 0 0 0 0 0 5
	(
2

 2
0
 55
12R\001
4 1 -1 0 0 18 14 00 0 0 0 0 0
1 5
1 1 ,1875
0
1 