#FIG 3.2
Lanpe
Center
In
Letter 
100.00
le
-2
# 
1200 2
5 1 0 7 26 7 0 0 -1 0 0 1 1 1 9111 6757 0 81380 3465 1335 3390 1380
5 1 1305 4905 1350
5 1 -1 -1 0 0
5 1 0 1 -1 -1 0 0 -1 0.000 0 0 0 0 .17096.500 5880 9135 6285 9090 6690 9120
5 1 0 1 -1 -1 0 0 -1 0.000 0 1 0 0 0 5895 9 9150 67 6300 420 6405
5 1 0 1 -1 -1 0 0 -1 0 0 1 0 0 3400 7500 3510 7665 3435 7605 3375 7680
5 1 0 1 -1 -1 0 0 -1 0 0 0 0 0 3440 7900 3510 7920 3435 7980 3375 7905
5 1 0 1 -1 -1 0 0 -1 0.000 0 1 0 0 .5007.500 3165 6675 3135 6690 3165 6720
5 1 0 1 -1 -1 0 0 -1 0.000 0 1 0 0 3917..495 3840 7230 3870 7305 3930 7320
5 1 0 1 -1 -1 0 0 -1 0 0 1 0 0 3900 6500 3990 6855 3930 6900 3990 6960
5 1 0 1 -1 -1 0 0 -1 0 0 0 0 0 7970 6340 7995 6225 8070 6300 8 412
4 0 -1 0 0 0 120 180 2520 6 6900 4440 6960
95
55
5 
6 30
5 
6 30
5 0 2
	 38
2 1
	 30
2 0 2
2325
2 1
	 40
2 2
	 700
0 2
2700
2 1
	 300
2 2
	00
2 2
	00
-6
6 5
3 
	 45
	 0
3 
	 45
	 0
-6
6 35
2 2
	 5
2 2
	 85
-6
6 355
35
2 2
	4830
2 1
	 355
2 2
	 315
2 1
	 40 5
0 2
0
-6
6 400
55
2 2
	 500
0 2
0
2 2
	 325
0 2
0
2 2
	 700
0 2
0
2 2
	 700
0 2
0
2 2
	 700
-6
6
5 1935
0 2
0
2 2
	 355
0 2
5
2 2
	 115
0 2
0
-6
1 3290
1 3 
1 365
160
15
1 60
2 2
	80
2 2
	140
 0 2
	 300
2 2
	 354
2 1
	 485
2 2
	1470
2 40 5
755
 5
	55
2 2
	 382
2 1
	 455
2 2
	4500
2 1
	 43\8500
2 2
	5
2 2
	 450
0 2
0
2 2
	 765
0 2
0
2 2
	 540
0 2
5
2 2
	 270
0 2
0
2 2
	 255
0 2
0
2 2
	 895
0 2
5
2 850
 5
	00
2 2
	 366
2 1
	 365
2 2
	9765
2 1
	 2
2 1
	 2440
0 2
80
2 2
	 301
2 1
	 350
2 2
	9360
2 1
	 280
2 2
	 342
2 1
	 340
2 2
	9270
2 1
	 460
2 2
	 439
2 1
	 445
2 2
	9045
2 1
	 695
2 2
	 619
2 1
	 685
2 2
	9240
2 1
	 655
2 2
	 642
2 1
	 680
2 2
	9270
2 1
	 315
2 2
	 382
2 1
	 2020
0 2
0
2 2
	 30
2 2
	05
2 2
	465
0 2
	 45
2 1
	 205
2 2
	7365
2 1
	 325
2 2
	 387
2 1
	 350
2 2
	7920
2 1
	 375
2 :
	 316
2 1
	 335
2 2
	6435
2 1
	 435
2 2
	 397
2 1
	 375
2 2
	7290
2 1
	 470
2 2
	 414
2 1
	 830
2 2
	6405
2 1
	 765
2 2
	 798
2 1
	 505
2 2
	7365
2 1
	 425
2 2
	 456
2 1
	 420
2 2
	6675
2 1
	 535
2 2
	 457
2 1
	 435
2 2
	6435
2 1
	 440
2 2
	 445
2 1
	 490
2 2
	7170
2 1
	 485
2 2
	 379
2 1
	 475
2 2
	7275
2 1
	 395
2 2
	 316
2 1
	 405
2 2
	7935
2 1
	 370
2 2
	 370
2 1
	 350
2 2
	9315
2 1
	 4
2 1
	 45
2 2
	 0
2 2
	 700
0 2
5
2 2
	 330
0 2
0
2 2
	 315
 3
	480
000
 3
	1515
	 0
3 00 4
5
	 000
 4
	1155
	 000
33
	 5
	 0
3 
	 4
	 0
3 00 3
360
000
 4
	5 92
	 000
34
	 780
0
3 
	 180
	.000
3 00 6
5
	 000
 4
	9255
	 000
34
	 615
0
3 
	 405
	7320
	 000
38
	 305
0
	 000
 6
	 306
	 000
33
	 0
	 0
3 
	 3
	 0
3 00 3
360
000
 3
	1515
	 0
3 00 4
0
	 000
da\001
