#FIG 3.2
Lanpe
Center
In
Letter 
100.00
le
-2
# lan
1200 2
5 1 0 1 -1 -1 0 0 -1 0 0 1 0 0 1500 6500 825 6150 1050 6750 1650 6975
5 1 0 1 -1 -1 0 0 -1 0.000 0 0 0 0 0 6300 1 6375 11250 5775 11925 5475
5 1 0 1 -1 -1 0 0 -1 0.000 0 0 0 0 5210 .210 6060 4635 6000 4800 5835 4860
5 1 0 1 -1 -1 0 0 -1 0 0 1 0 0 7000 1000 6525 1800 6675 2250 7125 2400
5 1 0 1 -1 -1 0 0 -1 0 0 0 0 00.0075.000 9525 1800 9375 2250 8925 2400
5 1 0 1 -1 -1 0 0 -1 0.000 0 0 0 0 .5007.500 7050 4725 6825 5325 6225 5550
5 1 0 1 -1 -1 0 0 -1 0.000 0 1 0 0 2000 5490 105 105 4635 4545 4710 4620
1 3 0 1 -1 -1 0 0 -1 0.000 1 0. 5025 4545 75 75 5025 4545 5100 4545
1 3 0 1 -1 -1 0 0 -1 0.000 1 0. 5025 4800 105 105 5025 4800 5100 4875
1 3 0 1 -1 -1 0 0 -1 0 1 00 4635 4800 75 75 4635 4800 4710 4800
1 2 0 1 -1 -1 0 0 -1 0 0 00 8430 1830 165 225 8295 2085 8595 1605
1 3 0 1 -1 -1 0 0 -1 0.000 1 0. 4125 4500 150 150 4125 4500 4275 4500
2 2 0 1 -1 -1 0 0 -1 0 0 0 0 0 0 5
	 6225 5625 6525 5625 6525 7500 6225 7500 6225 5625
2 4 0 1 -1 -1 0 0 -1 0 0 0 3 0 0 5
	 4425 4350 4425 5025 5250 5025 5250 4350 4425 4350
2 1 0 1 -1 -1 0 0 -1 0.000 0 0 0 0 0 2
0 3450 450 3450
2 1 0 1 -1 -1 0 0 -1 0.000 0 0 0 0 0 2
	 300 5550 450 5550
2 1 0 1 -1 -1 0 0 -1 0 0 0 0 0 0 2
	 300 4350 450 4350
2 1 0 1 -1 -1 0 0 -1 0 0 0 0 0 0 2
	 300 4650 450 4650
2 1 0 1 -1 -1 0 0 -1 0.000 0 0 0 0 0 2
5 3450 375 4350
2 1 0 1 -1 -1 0 0 -1 0.000 0 0 0 0 0 2
	 375 4650 375 5550
2 1 0 2 -1 -1 0 0 -1 0 0 0 0 0 0 2
	 1650 6150 1650 6975
2 1 0 1 -1 -1 0 0 -1 0.000 0 0 0 0 0 2
	 8295 1695 8295 1560
2 1 0 1 -1 -1 0 0 -1 0.000 0 0 0 0 0 2
	 8565 1695 8565 1560
2 4 0 1 -1 -1 0 0 -1 0 0 0 3 0 0 5
	 8235 1560 8235 1380 8625 1380 8625 1560 8235 1560
2 3 0 1 -1 -1 0 0 -1 0.000 0 0 0 0 0 21
	 11925 6375 11925 7500 6225 7500 6225 5550 6075 5550 6075 7500
	 3825 7500 3825 6750 3675 6750 3675 7500 2400 7500 2400 5550
	 2250 5550 2250 6000 1650 6000 1650 6150 2250 6150 2250 7650
	 12075 7650 12075 6375 11925 6375
2 1 0 1 -1 -1 0 0 -1 0.000 0 0 0 0 0 2
	00 7500 400 7575
2 1 0 1 -1 -1 0 0 -1 0.000 0 0 0 0 0 4
	 9825 7650 9825 8100 8325 8100 8325 7650
2 1 0 1 -1 -1 0 0 -1 0 0 0 0 0 0 2
	 7875 7500 7875 7650
2 1 0 1 -1 -1 0 0 -1 0 0 0 0 0 0 2
	 5 7575 7875 7575
2 1 0 1 -1 -1 0 0 -1 0.000 0 0 0 0 0 2
25 7 5625 7650
2 1 0 1 -1 -1 0 0 -1 0 0 0 0 0 0 2
	 4725 7575 5625 7575
2 1 0 1 -1 -1 0 0 -1 0.000 0 0 0 0 0 4
	5 6900 5550 6900 5550 5550 6075 5550
2 4 0 1 -1 -1 0 0 -1 0.000 0 0 3 0 0 5
50 6975 75 7425 5475 62 1 0 1 -1