#FIG 3.2
Port
Center
Inches
er  
100.00
le
-2
# 
1200 2
0 32 #f8f8f8
0 33 #eeeeee
0 34 #e6e6e6
5 1 0 1 -1 -1 0 0 -1 0 0 0 0 0 2900 6000 3105 6480 3120 6555 3105 6630
5 1 0 1 -1 -1 0 0 -1 0 0 0 0 0 2870 6500 3135 6465 3150 6555 3135 6645
5 1 0 1 -1 -1 0 0 -1 0.000 0 0 0 0 .0005.000 3195 6450 3210 6555 3195 6660
5 1 0 1 -1 -1 0 0 -1 0.000 0 1 0 0 3000 .000 2910 6480 2895 6555 2910 6630
5 1 0 1 -1 -1 0 0 -1 0 0 1 0 0 3100 6000 2865 6465 2850 6555 2865 6645
5 1 0 1 -1 -1 0 0 -1 0 0 1 0 00.0055.000 2820 6450 2805 6555 2820 6660
1 4 0 1 -1 -1 0 0 -1 0.000 1 0. 3615 5100 120 120 3510 5100 3735 5100
1 4 0 3 -1 -1 0 0 20 0 1 00 3615 5100 45 45 3585 5100 3660 5100
1 3 0 1 -1 -1 0 0 20 0 1 00 2985 6615 30 30 2985 6615 3015 6615
1 3 0 1 -1 -1 0 0 20 0 1 00 3795 6645 30 30 3795 6645 3825 6645
2 3 0 1 -1 -1 0 0 20 0 0 4 0 0 0 5
	 