#FIG 3.00.00500 4920 7920 4995 79996300 80675 401
4 00
2
5 1120
5 1 0 1 -1 -1 0 0 -1 5 1 0 1 -1 -1 0 0 -1 0 0 1 0 0 680
5 1 0 1 -1 060
5 1 0 1 -1
4 0 -1 0 0 0 12 00 0 180 2520 6675 49ph 6 450 2400 2325 2400
2 1 0 0 0 2
	 2325 2400 2325 2700
2 1 0 1 -1 -1 0 0 -1 0.000 0 0 -1 0 0 2
	 450 2700 3825 2700
2 1 0985 6615 3015 6615
15 664D
2 3 0 1 -0 0 0A5
	 3540 4935 3345 4590 3360 4560 3390 4%60 3540 4935
2 1 0 3 -1 -1 0 0 -1 0.000 0 0 0 0 0 2
	 5325 5775 53EEEEEEEEEEEEEEE 0 1 -1 -1 0 0 -1 0.000 0 0 0 0 0 2
	 3600 3975 3600 4200
2 3 0 劔劔劔0 0 20 0.000 0 0 0 0 0 5
	 3735 5250 4110 56?0 4095 571514050 5700 3735 5250
2 1 0 2 -1 -1 0 0 -1 0.000 0 0 0 0 0 2
	 6315 4635 65S0 4635
2 1 0 2 -1 -1 0 0 -1  1 -7 -1 0 0 20 0.000 0 0 0 0 0 7
	 5175 5175 5145 5220 5145 5550 5175 5595 5205 5550 505/5220
	 5175 0.000 0 0 0 0 0 7
	 5970 5625 5925 5U95 5595 5595 5550 5625 5595 5655 5925 5655
	 5970 5625
2 3 0 1 -1 -ｳ 0 0 20 0.000 0 0 0 0 0 7
	  565 4695 5700 4695 60ｷ-6
6 3150 4575 4170 5355
5 1 0 1