#FIG 3.2
Lanpe
Center
In
Letter 
100.00
le
-2
#1905
5 17520
4 1 0 1 -1 0 0 -1 0.0 1 0 0 0 0 1 0 0 57965 4230 5355
5  0 0 274  4900 4230 4530 4290 4995 4230 5385
5 1 0 1 -1 -1 0 0 -1 0.000 0 0 0 0 .17096.500 5880 9135 6285 9090 65 1 0 1 -1 -1 0 0 -1 0.000 0 1 0 0 4500 .500 45265 6675 5295 6690 5265 6720
5 1 0 1 -1 -1 0 0 -1 0 0 0 0 0 4515 7295 4590 7230 4560 7305 4500 7320
5 1 0 1 -1 -1 0 0 -1 0.000 0 0 0 0 .5007.500 4440 6855 4500 6900 4440 6960
5 1 0 1 -1 -1 0 0 -1 0.000 0 1 0 0 3855..195 3795 7290 3810 7380 3870 7395
5 1 0 1 -1 -1 0 0 -1 0 0 0 00 4570 7195 4635 7290 4620 7380 4560 7395
5 1 0 1 -1 -1 0 0 -1šššššššššššššššššššššššššššššššššššššššššššššššššššš 0 0 0 0 0 3645 9239 3705 9225 3690 9300 3630 9315
6 345 1470 3825 2700
5 1 0 1 -1 -1 0 0 -1 0 0 1 0 0.4952M495 480 1500 4šššššššššššššššššššššššššššššššššššššššššššššššššš(((((((((((((((((((((((((((((((((((((((((((((((((((((((((((((((((((((((((((((((((((((((((((((((((((((((ššššššššššššššššššššššššššššššššššššššššššššššššššššššššššššššššššššššššššššššššššššššššššššššššššššššššššššššššššššššššššššššššššššššššššššššššššššššššššššššššššššššššššššššššššššššššššššššššššššššššššššššššššššššššššššššššššššššššššššššÍšššššššššššššššššššššššššššššššššššššššššššššššššššššššššššššššššššššššššššššššššššššššššššššššššššššššššššššššššššššššššššššššššššššššššššššššššššššššššššššššššššššššššššššššššššššššššššššššššššššššššššššššššššššššššššššššššššššššššššššššššššššššššššššššššššššššššššššššššššššššššššššššššššššššššššššššššššššššššššššššššššššššššššššššššššššššššššššššššššššššššššššššššššššššššššššššššššššššššššššššššššššššššššššššššššššššššššššššššššššššššššššššššššššššššššššššššššššššššššššššššššššššššššššššššššššššššššššššššššššššššššššššššššššššššššššššššššššššššššššššššššššššššššššššššššššššš 0 0 -1 0 0 0 -1 0 0 2
	 4095 4575 3210 4830
2 1 0 1 -1 -1 0 0 -1 0.000 0 0 -1 0 0 2
	 3165 4935 3165 5355
2 1 0 1 -1 -1 0 0 -1 0 0 0 -1 0 0 2
	 31505 40