#FIG 3.00.00500 4920 7920 4995 7980 055 79055 
5 1320
60
550 3750
3 2 0 9 5 7 0 0 -1 0 0 1 1 4
	3 1 4.40 10 0 680
5 1 0 1 05
5 103990 6855 3930 6900 3990 6960
5 1 0 1 -1 -1 0 0 -1 0 0 0 0 0 0 7995 6 6300 80675 401
4 0 -1 0 0 0 12 00 0 180 2520 6675 49pА  79055 
5 1320
60
550 3750
3 2 0 9 5 7 0.40 10 0 680
5 1 0 1 05
5 1 0 1 -0
5 1 0 1 -1 -1 0 0 -1 0 0 1 0 0 3917..495 3840 7230 3870 7305 3930 7320
5 1 0 1 -1 -1 0 0 -1 0 0 1 0 0 3900 6500 3990 6855 3930 6900 3990 6960
5 1 0 1 -1 -1 0 0 -1 0 0 0 0 0 7970 6340 7995 6225 8070 6300 80675 401
4 0 -1 0 0 0 12 99
4 2  
2 1
	  76 42
	 409
2 7 0 0 -1 0 0 1 1 4
	3 1
	00
2 4 9999 9999
4 2  
2 1
6 4125 2100 1650 
3 2	00
2 4 9
4 2  
2 1
	  76 42
9
2 1
	  0 -1 0 0 1 1 4
	3 1 4.40 10 0 680
5 1 0 1 05
5 1 0 1 -0
5 1 0 1 -1 -1 0 0 -1 0 0 1 0 0 3917..495 3840 7230 3870 7305 3930 7320
5 1 0 1 -1 -1 0 0 -1 0 0 1 0 0 3900 6500 3990 6855 3930 6900 3990 6960
5 1 0 1 -1 -1 0 0 -1 0 0 0 0 0 7970 6340 7995 6225 8070 6300 80675 401
4 0 -1 0 0 0 12 99
4 2  
2 1
	  76 42
	 409
2 7 0 0 -1 0 0 1 1 4
	3 1
	00
2 4 9999 9999
4 2  
2 1
6 4125 2100 1650 
3 2	00
2 4 9
4 2  
2 1
	  76 42
9
2 1
	 475
2 2
5
2 1
	 305
2
2 1
	 