#FIG 3.2
Port
Center
Inches
er 
100.00
Se
-2
# As
1200 2
5 1 0 1 -1 -1 0 0 -1 0.000 0 1 0 0 .0000.005 3540 1380 3465 1335 3390 1380
5 1 0 1 -1 -1 0 0 -1 0.000 0 1 0 0 4980..005 5055 1350 4980 1305 4905 1350
5 1 0 1 -1 -1 0 0 -1 0 0 1 0 0 570 4170 400 4230 0 4995 4230 5385
5 1 0 1 -1 -1 0 0 -1 0.000 0 0 0 0 .17096.500 5880 9135 6285 9090 6690 9120
5 1 0 1 -1 -1 0 0 -1 0.000 0 1 0 0 .1703.500 5895 9105 6300 9150 6705 9120
5 1 0 1 -1 -1 0 0 -1 0.000 0 1 0 0 440 6040 435 6225 360 6300 420 6405
5 1 0 1 -1 -1 0 0 -1 0 0 1 0 0 3400 7500 3510 7665 3435 7605 3375 7680
5 1 0 1 -1 -1 0 0 -1 0 0 0 0 0 3440 7900 3510 7920 3435 7980 3375 7905
5 1 0 1 -1 -1 0 0 -1 0.000 0 1 0 0 .5007.500 3165 6675 3135 6690 3165 6720
5 1 0 1 -1 -1 0 0 -1 0.000 0 1 0 0 3917..495 3840 7230 3870 7305 3930 7320
5 1 0 1 -1 -1 0 0 -1 0 0 1 0 0 3900 6500 3990 6855 3930 6900 3990 6960
5 1 0 1 -1 -1 0 0 -1 0 0 0 0 0 7970 6340 7995 6225 8070 6300 8010 6405
5 1 0 1 -1 -1 0 0 -1 0.000 0 0 0 0 .5002.500 4920 7665 4995 7605 5055 7680
5 1 0 1 -1 -1 0 0 -1 0.000 0 1 0 0 4500 .500 4920 7920 4995 7980 5055 7905
5 1 0 1 -1 -1 0 0 -1 0 0 0 0 0 5200 6500 5265 6675 5295 6690 5265 6720
5 1 0 1 -1 -1 0 0 -1 0 0 0 0 0 4515 7295 4590 7230 4560 7305 4500 7320
5 1 0 1 -1 -1 0 0 -1 0.000 0 0 0 0 .5007.500 4440 6855 4500 6900 4440 6960
5 1 0 1 -1 -1 0 0 -1 0.000 0 1 0 0 3855..195 3795 7290 3810 7380 3870 7395
5 1 0 1 -1 -1 0 0 -1 0 0 0 0 0 4570 7195 4635 7290 4620 7380 4560 7395
5 1 0 1 -1 -1 0 0 -1 0 0 0 0 0 3645 9239 3705 9225 3690 9300 3630 9315
6 345 1 3375 7680
5 1 0 1 -1 -1 0 0 -1 0 0 0 0 0 3440 7900 3510 7920 3435 7980 3375 7905
5 1 0 1 -1 -1 0 0 -1 0 0 1 0 0 .5007.500 3165 6675 3135 6690 3165 6720
5 1 0 1 -1 -1 0 0 -1 0.000 0 1 0 0 3917..495 3840 7230 3870 7305 3930 7320
5 1 0 1 -1 -1 0 0 -1 0 0 1 0 0 3900 6500 3990 6855 3930 6900 3990 6960
5 1 0 1 -1 -1 0 0 -1 0 0 0 0 0 7970 6340 7995 6225 8070 6300 80675 411
4 0 -1 0 0 0 12 0. 0 180 2520 6675 493t: p
5 7700
0 2
	 45
2 1
	 300
2 2
	00
2 2
	00
-6
6 5
3 
	 45
	 0
3 
	 45
	 0
-6
6 35
2 2
	 00
5120
090
 7
	 555
	 5
2 30 7
5
	 0
2 
	 505
	75
27
	 700
655
 7
	20
	75
27
	 655
625
 7
	 472
	 4
2 30 7
0
	 5
2 
	 635
	90
22
	 100
 2
	 435
2 10 2
5
2 
	 300
25
	 0
2 
	 635
22
	 305
 2
	3960
2 10 2
0
2 
	 675
22
	 620
 2
	 633
2 10 2
0
2 
	 675
22
	 300
 5
	00
25
	 0
2 
	 6
2 10 2
0
2 
	 300
22
	 525
 2
	3450
2 10 2
5
2 
	 300
27
	 775
5
	 0
2 0 5
700
5
	 0
2 0 5
0
2 0 5
00
2
	 4
2 2 5
	75
2
	 5
2 2 5
	75
2
	 4
2 2 5
	75
2
	 45
2 0 5
275
5
	 5
2 0 5
575
5
	 5
2 0 5
275
5
	 75
2
	 45
2 0 5
 675
2 2 5
	5
2 0 5
 75
5
	 
2 2 5
	75
2
	 55
2 0 5
700
5
	 0
2 0 5
0
2 0 5
00
2
	 600
2
	 5
2 3 5
	00
2
	 6
2 2 5
	25
2
	 4425
5
	 
2 2 5
	5
2 0 5
25
2
	 4
2 2 5
	25
2
	 4
2 2 5
	25
2
	 5
2 2 5
	25
2
	 4
2 2 5
	25
2
	 4
2 2 5
	25
2
	 4
2 2 5
	25
2
	 5425
5
	 5
2 0 5
625
5
	 600
5
	 05
22
	 960
400
5
	 0
2 
	 225
	8025
	 5
2 10 2
5
2 
	 395
24
	 450
 4
	6450
2 10 2
0
2 
	 320
25
	 0
2 
	 2AL\001
4 1 -1 0 0 18 14 00 4 165 465 4530 66LM\001
