 15
2 1
5
6 2
	00
204 9999 9999
4 2  
2 14 9
4 2  
2 1
6 4125 2100 1650 3750
3 2 0 9 	3 1
	00
2 4 9999 9999
4 2  
2 1
6 	00
2 4 2 1
5
6 2
 1 4444444444444
	3 1
	6 
2 1
5
	00
2 4 9999 9999
4 2  
2 1
6 4125 2100
5
6 2
	00
204 9999 9999
4 2  
2 14 9
4 2  
2 1
6 4125 2100 1650 3750
3 2 0 9 	3 1
	00
2 4 9999 9999
4 2  
2 1
6 	00
2 4 2 1
5
6 2
 1 4444444444444
	3 1
	6 
2 1
5
	00
2 4 9999 9999
4 2  
2 1
6 4125 2100 1650 3750
3 2 0 9 	3 1
	00
2 4 9999 9999
4 2  
2 1
6 	00
2 4 9999 9999
4 2  
2 1
	  76 4 16 1650 3750
3 2 0 9 	3 1
	00
2 4 9999 9999
4 2  
2 1
6 	00
2 4 9999 9999
4 2  
2 1
	  76 4 1650 3750
3