#FIG 3.2
Port
Center
Inches
er 
100.00
Se
-2
# As
1200 2
5 1 0 1 -1 -1 0 0 -1 0.000 0 1 0 0 5 3390 1880 9135 6285 9090 6690 9120
5 1 0 1 -1 -1 0 0 -1 0.000 0 1 0 0 .1703.500 5895 9105 6300 9150 6705 9120
5 1 0 1 -1 -1 0 0 -1 0.000 0 1 0 0 440 6040 435 6225 360 6300 420 6405
5 1 0 1 -1 -1 0 0 -1 0 0 1 0 0 3400 7500 3510 7665 3435 7605 3375 7680
5 1 0 1 -1 -1 0 0 -1 0 0 0 0 0 3440 7900 3510 7920 3435 7980 3375 7905
5 1 0 1 -1 -1 0 0 -1 0.000 0 1 0 0 .5007.500 3165 6675 3135 6690 3165 6720
5 1 0 1 -1 -1 0 0 -1 0.000 0 1 0 0 3917..495 3840 7230 3870 7305 3930 7320
5 1 0 1 -1 -1 0 0 -1 0 0 1 0 0 3900 6500 3990 6855 3930 6900 3990 6960
5 1 0 1 -1 -1 0 0 -1 0 0 0 0 0 7970 6340 7995 6225 8070 6300 8010 6405
5 1 0 1 -1 -1 0 0 -1 0.000 0 0 0 0 .5002.500 4920 7665 4995 7605 5055 7680
5 1 0 1 -1 -1 0 0 -1 0.000 0 1 0 0 4500 .500 4920 7920 4995 7980 5055 7905
5 1 0 1 -1 -1 0 0 -1 0 0 0 0 0 5200 6500 5265 6675 5295 6690 5265 6720
5 1 0 1 -1 -1 0 0 -1 0 0 0 0 0 4515 7295 4590 7230 4560 7305 4500 7320
5 1 0 1 -1 -1 0 0 -1 0.000 0 0 0 0 .5007.500 4440 6855 4500 6900 4440 6960
5 1 0 1 -1 -1 0 0 -1 0.000 0 1 0 0 3855..195 3795 7290 3810 7380 3870 7395
5 1 0 1 -1 -1 0 0 -1 0 0 0 0 0 4570 7195 4635 7290 4620 7380 4560 7395
5 1 0 1 -1 -1 0 0 -1 0 0 0 0 0 3645 9239 3705 9225 3690 9300 3630 9315
6 338 4995 5 7905
5 1 0 1 -1 -1 0 0 -1 0 0 0 0 0 5200 6500 5265 6675 5295 6690 5265 6720
5 1 0 1 -1 -1 0 0 -1 0 0 0 0 0 4515 7295 4590 7230 4560 7305 4500 7320
5 1 0 1 -1 -1 0 0 -1 0.000 0 0 0 0 .5007.500 4440 6855 4500 6900 4440 6960
5 1 0 1 -1 -1 0 0 -1 0.000 0 1 0 0 3855..195 3795 7290 3810 7380 3870 7395
5 1 0 1 -1 -1 0 0 -1 0 0 0 0 0 4570 7195 4635 7290 4620 7380 4560 7395
5 1 0 1 -1 -1 0 0 -1 0 0 0 0 0 3645 9239 3705 9225 3690 9300 3630 9315
6 345 1470 3825 2700
5 1 0 1 -1 -1 0 0 -1 0 0 1 0 0.4952.495 480 1500 405 1530 375 1605
2 1 0 1 -1 -1 0 0 -1 0.000 0 0 -1 0 0 2
	 3825 1500 450 1500
2 1 0 1 -1 -1 0 0 -1 0 0 0 -1 0 0 2
	 3825 1800 950 1800
2 1 0 1 -1 -1 0 0 -1 0 0 0 -1 0 0 2
	5 2325 450 2325
2 1 0 1 -1 -1 0 0 -1 0.000 0 0 -1 0 0 2
0 2400 2325 2400
2 1 0 1 -1 -1 0 0 -1 0.000 0 0 -1 0 0 2
	 2325 2400 2325 2700
2 1 0 1 -1 -1 0 0 -1 0 0 0 -1 0 0 2
	 450 2700 3825 2700
2 1 0 1 -1 -1 0 0 -1 0.000 0 0 -1 0 0 2
25 1500 3825 2700
2 1 0 1 -1 -1 0 0 -1 0 0 0 -1 0 0 2
	 375 1575 375 2700
2 1 0 1 -1 -1 0 0 -1 0 0 0 -1 0 0 2
	 375 2700 525 2700
-6
6 4125 270 4335 465
3 0 0 1 -1 -1 0 0 -1 0.000 0 0 0 3
	 4230 270 4140 330 4125 465
	 0 1.0.000
3 0 0 1 -1 -1 0 0 -1 0.000 0 0 0 3
	 4230 270 4320 330 4335 465
	 0 1.0.000
-6
6 3975 585 4200 1185
2 1 0 1 -1 -1 0 0 -1 0.000 0 0 -1 0 0 2
	 3975 585 4200 585
2 1 0 1 -1 -1 0 0 -1 0.000 0 0 -1 0 0 2
	 4200 585 4200 1185
-6
6 3150 4575 4170 5355
5 1 0 1 -1 -1 0 0 -1 0 0 1 0 0 3250 4625 3225 4845 3180 4875 3150 4935
2 1 0 1 -1 -1 0 0 -1 0 0 0 -1 0 0 2
	 4095 4575 3210 483G
2 1 0 1 -1 -1 0 0 -1 0.000 0 0 -1 0 0 2
	 3165 4935 3165 5355
2 1 0 1 -1 -1 0 0 -1 0 0 0 -1 0 0 2
	 3150 5355 4050 5355
2 1 0 1 -1 -1 0 0 -1 0.000 0 0 -1 0 0 2
50 5355 4170 5115
2 1 0 1 -1 -1 0 0 -1 0 0 0 -1 0 0 2
	 3165 5070 4155 5070
-6
6 4650 1470 8130 2700
5 1400
