#FIG 2.02
#F
6 0
# 0
#
6 0 5 58 0 0.
# 0
#
6 0 58 0 0.
#
6 0 515959 159 5 5 159 159 159 164
2 1 1 1 0 8 0 1 4.000 0 0
	 159 164 159 199 9999 9999
2 1 0 1 0 0 0 0 0.000 0 0
	 159 159 159 159 9999 9999
2 1 0 1 0 0 0 0 0 0 0
	 79 79 479 79 9999 9999
2 1 0 1 0 0 0 0 0 0 0
	 199 199 479 199 9999 9999
2 1 0 1 0 0 0 0 0.000 0 0
	 74 199 119 199 9999 9999
2 1 0 1 0 0 0 0 0.	0 000
	 79 179 109 179 9999 999 1Й9 999999
2 1 0 1 0 0 0 0 0 1 0
	0 0 1 4 8
	 79 164 119 164 9999 9999
2 1 0 1 0 0 0 0 0 1 0
	0 0 1 4 8
	 79 144 124 144 9999 979>1d4 104 104 9999 9999
4 2 32 30 0 00 1 -1 -1 0 0 20 0.000 1 0.0000929·················································√001
