#FIG 2.05
6 2
#F9
1 3 0 1 0 0 0 0 0.000 1 0.000 159 159 5 5 159 159 159 164
2 1 1 1 0 0 0 1 0 0 164
2 1 0 1 0
	 159 164 159 199 9999 9999
2 1 0 1 0 0 0 0 0.000 0 0
	 159 159 159 159 9999 9999
2 1 0 1 0 0 0 0 0 0 0
	 79 79 479 79 9999 9999
2 1 0 1 0 0 0 0 0 0 0
	 199 199 479 199 9999 9999
2 1 0 1 0 0 0 0 0.000 0 0
	 74 199 119 199 9999 9999
2 1 0 1 0 0 0 0 0.000 1 0
	0 0 1.000 4 8.000
	 79 179 109 179 9999 9999
2 1 0 1 0 0 0 0 0.000 1 0
	0 0 1.000 4 8.000
	 79 164 119 164 9999 9999
2 1 0 1 0 0 0 0 0.000 1 0
	0 0 1.000 4 8.000
	 79 144 124 144 9999 9999
2 1 0 1 0 0 0 0 0.000 1 0
	0 0 1.0 8 0
	 79 79 479 79 9999 9999
2 1 0 1 0 0 0 0 0 0 0
9 199 479 199 9999 9999
2 1 0 1 0 0 0 0 0 0 0
	 74 199 119 199 9999 9999
2 1 0 1 0 0 0 0 0.000 1 0
	0 0 0 4 0
	 79 179 109 179 9999 9999
2 1 0 1 0 0 0 0 0.000 1 0
	0 0 0 4 0
	 79 164 119 164 9999 9999
2 1 0 1 0 0 0 0 0.000 1 0
	0 0 0 4 0
	 79 144 124 144 9999 9999
2 1 0 1 0 0 0 0 0.000 1 0
	0 0 0 4 0
	 79 124 114 124 9999 9999
2 1 0 1 0 0 0 0 0.000 1 0
	0 0 0 4 0
	 79 104 104 104 9999 9
2 1 0 1 0 0 0 0 0 0 0
9 199 479 199 9999 9999
2 1 0 1 0 0 0 0 0 0 0
	 74 199 119 199 9999 9999
2 1 0 1 0 0 0 0 0.000 1 0
	0 0 0 4 0
	 79 179 109 179 9999 9999
2 1 0 1 0 0 0 0 0.000 1 0
	0 0 0 4 0
	 79 164 119 164 9999 9999
2 1 0 1 0 0 0 0 0.000 1 0
	0 0 0 4 0
	 79 144 124 144 9999 9999
2 1 0 1 0 0 0 0 0.000 1 0
	0 0 0 4 0
	 79 124 114 124 9999 9999
2 1 0 1 0 0 0 0 0.000 1 0
	0 0 0 4 0
	 79 104 104 104 9999 9999
4 2 32 30 0 00 1 -1 -1 0 0 20 0.000 1 030 30 2985  20 0.000 0 0 0 0 0A5
	 3540 4935 3345 4590 3360 4560 3390 4%60 3540 4 5145 5595 5145 5550 5175 5595 5205 5925 5ﻕ05
	 5970 5175
2 3 0 1 -1 -1 0 0 20 0.000 0 0 0 0 0 7
	 5175 5655 5145 5700 5145 6030 5175 6075 5205 6030 5205 5700
	 5175 5655
2 3 0 1 -7 -1 0 0 20 0.000 0 0 0 0 0 7
	 5175 5175 5145 5220 5145 5550 5175 5595 5205 5550 5205/5220
	 5175 0.000 0 0 0 0 0 7
	 5970 5625 5925 5U95 5595 5595 5550 5625 5595 5655 5925 5655
	 5970 5625
2 3 0 1 -1 -ﺏ 0 0 20 0.000 0 0 0 0 0 7
	 47ﻡﻡ 5655 4695 5700 4695 6030 4725 60C5 4755 6030 4755 5700
	 4725 5655
2 3 0 1 -1 -1 0 0 20 01185
2 1 0 1 -1 -1 0 0 -1 0.000 0 0 -1 0 0 2
75 585 4