#FIG 2.0
80 2
5 1 0 1 0 0 0 0 0.000 0 0 0 150 197 119 199 154 159 199 199
1 3 0 1 0 0 0 0 0.000 1 0.000 159 159 5 5 159 159 159 164
2 1 1 1-0 0 0 1 0 0 0
	 159 164 159 199 9999 9999
2 1 0 1 0 0 0 0 0.000 0 0
9 159 15
5 1
5 1960
95
55
5 
6 30
5 
2 1
	 30
2 2
	 00
2 2
	325
0 2
	 45
2 1 2
	700
0 2
0
2 2
	 0
2 2
	 0
-6
6 4
3 00 3
	 42
	 0
3 00 3
 465
	 0
-6
6 39
2 1
	 3
2 1
	 45
-6
6 355
55
2 2
	 830
0 2
5
2 2
	 355
0 2
5
2 2
	 070
-6
6
5 1605
0 2
0
2 2
	 800
0 2
5
2 2
	 400
0 2
0
2 2
	 700
0 2
0
2 2
	 700
0 2
0
-6
6 455
55
2 2
	 830
0 2
5
2 2
	 355
0 2
5
2 2
	 070
-6
10
1 60
125
1
1 3
1 3065
0 1 
2 1
	 4
2 1
	 40
2  2
	1500
2 1
	 385
2 2
	 490
2 1
	 570
25
	 5
2 
	 4
2 1
	 05
2 2
	 055
0 2
0
2 2
	 500
0 2
65
2 2
	9450
2 1
	 220
2 2
	 249
2 1
	 100
2 2
	9540
2 1
	 185
2 2
	 220
2 1
	 250
2 2
	9255
2 1
	 440
2 2
	 375
2 1
	 395
2 2
	8850
2 40 5
300
0 2
5
2 2
	 765
0 2
5
2 2
	 0
2 2
	 
2 1
	 3780
0 2
0
2 2
	 450
0 2
0
2 2
	 780
0 2
5
2 2
	 240
0 2
0
2 2
	 060
0 2
5
2 2
	 045
0 2
5
2 2
	 295
0 2
5
2 2
	 285
0 2
0
2 2
	 355
0 2
0
2 2
	 480
0 2
0
2 2
	 715
0 2
0
2 2
	 
2 1
	 150
2 2
	330
02
405
0 2

2 1
	 40
2 