#FIG 3.2
Lanpe
Center
In
Letter 
100.00
le
0 3
55 45
	 0
3 0 0 1 -1 -1 0 0 -1 0 0 0 0 4
	 4170 5685 4215 5655 4260 5700 4245 5700
	 0.000 1 1.000 0
4 0 -1 0 0 0 12 0.0000 0 180 2580 6675 412.000 0
4 0 -1gaft\001
6 0 1560 6675 4001
4 0 -1 0 0 0 12 00 0 16 0 0 0 -1 0 1 2
	1 0 4.00.00 00
	0 5325 3225 5325
2 1 0 8 4 7 0 0 -1 0 0 0 -1 0 1 2
	2 0 5.00.00 00
	 7050 4425 7050 2325
2 11 3
	3 0 5.00.00.02850 6555 2865 6645
5 1 0 1 -1 -1 0 0 -1 0 0 155 2820 6660
1 4 0 1 -1 -1 0 0 -1 0.000 1 0.03 0 1 -1 -1 0  5  1 -1 -1 0 0 -1 0 0 0 0 4
	 4170 5685 4215 5H55 4260 5700 4245 5700
	 0.000 1 1.000 0
4 0 -1 0 0 0 12 0.0000 0 180 2580 6675 412.000 0
4 0 -15 Ligaft\001
6 0 1560 6675 4001
4 0 -1 0 0 0 12 00 0 16 0 0 0 -1 0 1 2
	1 0 4.00.00 00
25
	 0
2 
L\001
4 1 -1  8 4 7 0 0 -1 0 0 0 -10
4 0 -1 0 0 0 12 0.0000 0 180 2580 6675 412.000 0
4 0 -1gaft\001
6 0 1560 6675 4001
4 0 -1 0 0 0 12 00 0 16 0 0 0 -1 0 1 2
	1 0 4.00.00 00
	0 5325 3225 5325
2 1 0 8 4 7 0 0 -1 0 0 0 -1 0 1 2
	2 0 5.00.00 00
	 7050 4425 7050 2325
2 11 3
	3 0 5.00.00.02850 6555 2865 6645
5 1 0 1 -1 -1 0 0 -1 0 0 155 2820 6660
1 4 0 1 -1 -1 0 0 -1 0.000 1 0.03 0 1 -1 -1 0  5  1 -1 -1 0 0 -1 0 0 0 0 4
	 4170 5685 4215 5H55 4260 5700 4245 5700
	 0.000 1 1.000 0
4 0 -1 0 0 0 12 0.0000 0 180 2580 6675 412.000 0
4 0 1 2
	2 0 5.00.00 00
	 7050 4425 7050 2325
2 1 0 16 1 7 0 0 -1 0.000 0 0 -6555 2
1 4 0 1 -1 -1 0 0 -1 0.000 1 0.03 0 1 -1 -1 0 0 3930 720
5 1 0 1 -1 -1 0 0 -1 0 0 1 0 0 3900 6500 3990 6855 3930 6900 3990 6960
5 1 0 1 -1 -1 0 0 -1 0 0 0 0 0 7970 6340 7995 6225 8070 6300 80675 412
4 0 -1 0 0 0 12 0.0000 0 180 2520 6675 960
95
50


605
0 2
0
2 2
	 800
0 2
5
2  2
	 ph960
95
50


605
0 2
0
2 2
	 800
0 2
5
2  2
	 
2 r
	 450
0 2
5
2 2
ﻳ5
2 2
	 85
20 3
 465
0 -1 0.000 0 0 0 0 .5007.500 4440 6855 4500 6900 4440 6960
5 1 0 1 -1 -1 0 0 -1 0.000 0 1 0 0 3855..195 3795 7290 3810 7380 3870 7395
5 1 0 1 -1 -1 0 0 -1 0 0 0 0 0 4570 7195 4635 7290 4620 7380 4444560 7395
5 1 0 1 -1 -1 0 0 -1 0 0 0 0 0 3645 9239 3705 9225 3690 9300 3630 9315
6 345 1 3375 7680
5 1 0 1 -1 -1 0 0 -1 0 0 0 0 0 3440 7900 3510 7920 3435 798ﻎﻎﻎﻎﻎﻎﻎ0 3375 7905
5 1 0 1 -1 -1 0 0 -1 0 0 1 0 0 .5007.500 3165 6675 3135 6690 3165 6720
5 1 0 1 -1 -1 0 0 -1 0.000 0 1 0 0 3917..495 3840 7230 3870 7305 3930 7320
5 1 0 1 -1 -1 0 0 -1 0 0 1 0 0 3900 6500 3990 6855 3930 6900 3990 6960
5 1 0 1 -1 -1 0 0 -1 0 0 0 0 0 7970 6340 7995 6225 8070 6300 80675 411
4 0 -1 0 0 0 12 0. 0 180 2520 6675 493t: p
00
0 2
	 45
2 1
0
2 2
	00
2 2
	00
-6
6 5
3 
	 45
	 0
3 
	 45
	 0
-6
6 35
2 2
	 00
5120
090
 7
	 555
	 5
 7
5
	 02 
5
	75
27
	 700
655
 7
	20
	75
27
	 655
625
 7
	 472
	 4
 7
0
	 5
2 
5
	90
22
	 100
 2
	 435
 2
5
2 
0
25
	 0
2 
5
22
	 305
 2
	3960
 2
0
2 
5
22
	 620
 2
	 633
 2
0
2 
5
22
	 300
 5
	00
25
	 0
2 
	 6
 2
0
2 
0
22
	 525
 2
	3450
 2
5
2 
0
27
	 775
5
	 0
2 0 5
700
5
	 0
2 0 5
0
2 0 5
00
2
	 4
5
	75
2
	 5
5
	75
2
	 4
5
	75
2
	 45
2 0 5
275
5
	 5
2 0 5
575
5
	 5
2 0 5
275
5
	 75
2
	 45
2 0 5
 675
5
	5
2 0 5
 75
5
	 
5
	75
2
	 55
2 0 5
700
5
	 0
2 0 5
0
2 0 5
00
2
0
2
	 5
5
	00
2
	 6
5
	25ﻣ2
25
5
	 
5
	5
2 0 5
25
2
	 4
5
	25
2
	 4
5
	25
2
	 5
5
	25
2
	 4
5
	25
2
	 4
5
	25
2
	 4
5
	25
2
25
5
	 5
2 0 5
625
5
	 600
5
	 05
22
	 95
5 
2 
5
24
	 450
 4
	6450
 2
0
2 
0
25
	 0
2 
L\001
4 1 -1 0 0 18 14 00 4 165 465 4530 66LM\001
