#FIG 3.2
Lanpe
Center
In
Letter 
100.00
le
-2
# 
1200 2
5 1 0 7 26 7 0 0 -1 0 0 1 1 1 91 6300 802050 6300 81380 5 3390 1380
5 1 0 1 50
8 1 0 1 -1 -1
5 1 0 1 -1 -1 0 0 -1 0.000 0 0 0 0 .17096.500 5880 9135 6285 9090 6690 9120
5 1 0 1 -1 -1 0 0 -1 0.000 0 1 0 0 .1703.500 5895 9105 6300 9150 6705 9120
5 1 0 1 -1 -1 0 0 -1 0.000 0 1 0 0 440 6040 435 6225 360 6300 420 6405
5 1 0 1 -1 -1 0 0 -1 0 0 1 0 0 3400 7500 351035 7650055 3930 6900 3990 6960
5 1 0 6 7 0 0 -1 0 0 1 1 1 9111 6757 0 81380 3465 1335 339 0 1  0 20
5 1 0 1 60
5 1 0 1 -2
4 0 -1 0 0 0 12 0. 0 180 2520 6675 5
5 
6 30
5 0 2
	 3 2
	 700
0 2
2700
2 1
	 300
2 2
	00
2 2
	00
-6
6 5
3 
	 45
	 0
3 
	 45
	 0
-6
6 35
2 2
	 
2 1
	 3
2 1
	 3
-6
465
 3
	465
00-
 3
	465
000
-6
6185
0 2
585
 0 2
	 45ﮦ,6
6 355
55
2 2
	 830
0 2
5
2 2
	 355
0 2
 5
2 2
	 316
-6
0
5 
2 1
	 400
2 2
	 465
2 1
	 425
2 2
	2400
2 1
	 6Q0
2 2
	 802
2 1
	 400
2 2
	2700
2 1
	 800
-6
6 3>5
35
2 2
	4830
2 1
	 555
2 2
	 532
21
	 465
2 2
	9045
2 1
	 645
2 2
	 622
2 1
	 655
2 2
	9285
2 1
	 640
2 2
	 61y
2 1
	 680
2 2
	9480
2 1
	 270
2 2
	 382
2 1
	 300
2 2
	0
2 2
	 450
0 2
	 42
2 1
	 4
2 1
	 45
2 2
	 40
2 2
	7305
2 1
	 0
0 2
6330
2 1
	 4
2 1
	 45
2 2
	 40
2 2
	 246
2 1
	 265
2 2
	7725
 16\001