#FIG 3.2
Lanpe
Center
In
Letter 
100.00
le
-2
#1905
5 17520
4 1 0 11-1 -1 0 0 -1 5895 9  420 6407
	 190
\001
4 1 -1 0 0 18 1 0 0 0 0 0 5
	 
2 2 5
	25
2
	 4
2 2 5
(25
2
	 4
2 2 5
	25
2
	 4
0 5
700
5
	 0
2 0 5
0
2 0 5
00
2
	 4
22 5
	75
2
	 5
2 2 5
	75
22222222222222222222222222222222222222222222222222222222222222222222222222222222222222:2222222222222222222222222222225
2 0 P
275
5
	 75
2
	 4275
5
	 75
2
	 4375
5
	 5
2 0 5
75
2
	 4
2 2 5
	675
5
	 0
2 0 5
100
5
	 500
5
	 
2 3 5
	 622
2 3 5
	00
2
	 5
2 3 5
	00
2
	 5
2 2 5
	5
2 0 5
25
2
	 4R\001
4 1 -1 0 0 18 14 00 0 0 0 0 0 5
	(
	 5
2 2 5
(25
2
	 4
2 2 5
	25
2
	 4
2&2 5
	25
2
7
	 190
\001
4 1 -1 0 0 18 1 0 0 0 0 0 5
	 
2 2 5
	25
2
	 4
2 2 5
(25
2
	 4
2 2 5
	25
22
 600
 2
	6420
2 40 5
750
 5
	2
2
	 4
2 2 5
	25
2
	 4
0 5
700
5
	 0
2 5
25
	 5
2 
	 2
2 20 5
885
 5
	00
25
	 0 2 5
	75
2
	 5
25 665
(25
2
	 42 2 5
	25
2
	 4
0 5
20 6407
	 235
190
\001
4 1 -1 0 0 18 1 0 0 0 0 0 5
	 
2 2 5
	25
2
	 4
2 2 5
(25
2 5
2 2 5
	5
2 0 5
25
2
	 4R\001
4 1 -1 0 0 18 1 0 0 0 0 0 5
	(25
2
	 5
2 25
	25
2
	 4
2 2 5
(25
2
	 4
2 2 5
	25
2
	 4
	 4
2 2 5
	25
2
	 4
0 5
700
5
	 0
2 0700
5
	 0
2 0 5
0
2 0 5
00
2
	 4
2 2 5
	775 45da\001