#FIG 3.2
Portrait
Center
Inches
Letter  
100.00
Single
-2
# A Ca had
1200 2
0 32 #f8f8f8
0 33 #eeeeee
0 34 #e6e6e6
5 1 0 1 -1 -1 0 0 -1 0.000 0 0 0 0 2925.000 6555.000 3105 6480 3120 6555 3105 6630
5 1 0 1 -1 -1 0 0 -1 0.000 0 0 0 0 2872.500 6555.000 3135 6465 3150 6555 3135 6645
5 1 0 1 -1 -1 0 0 -1 0.000 0 0 0 0 2820.000 6555.000 3195 6450 3210 6555 3195 6660
5 1 0 1 -1 -1 0 0 -1 0.000 0 1 0 0 3090.000 6555.000 2910 6480 2895 6555 2910 6630
5 1 0 1 -1 -1 0 0 -1 0.000 0 1 0 0 3127.500 6555.000 2865 6465 2850 6555 2865 6645
5 1 0 1 -1 -1 0 0 -1 0.000 0 1 0 0 3180.000 6555.000 2820 6450 2805 6555 2820 6660
1 4 0 1 -1 -1 0 0 -1 0.000 1 0.0000 3615 5100 120 120 3510 5100 3735 5100
1 4 0 3 -1 -1 0 0 20 0.000 1 0.0000 3615 5100 45 45 3585 5100 3660 5100
1 3 0 1 -1 -1 0 0 20 0.000 1 0.0000 2985 6615 30 30 2985 6615 3015 6615
1 3 0 1 -1 -1 0 0 20 0.000 1 0.0000 3795 6645 30 30 3795 6645 3825 6645
2 3 0 1 -1 -1 0 0 20 0.000 0 0 0 0 0 5
	 3540 4935 3345 4590 3360 4560 3390 4560 3540 4935
2 1 0 3 -1 -1 0 0 -1 0.000 0 0 0 0 0 2
	 5325 5775 5325 5850
2 1 0 3 -1 -1 0 0 -1 0.000 0 0 0 0 0 2
	 5325 5325 5325 5400
2 3 0 1 -1 -1 0 0 20 0.000 0 0 0 0 0 7
	 6705 5670 6675 5715 6675 6045 6705 6090 6735 6045 6735 5715
	 6705 5670
2 3 0 1 -1 -1 0 0 20 0.000 0 0 0 0 0 7
	 6705 5190 6675 5235 6675 5565 6705 5610 6735 5565 6735 5235
	 6705 5190
2 3 0 1 -1 -1 0 0 20 0.000 0 0 0 0 0 7
	 6705 5640 6660 5610 6330 5610 6285 5640 6330 5670 6660 5670
	 6705 5640
2 3 0 1 -1 -1 0 0 20 0.000 0 0 0 0 0 7
	 5985 6090 5940 6060 5610 6060 5565 6090 5610 6120 5940 6120
	 5985 6090
2 3 0 1 -1 -1 0 0 20 0.000 0 0 0 0 0 7
	 5550 5655 5520 5700 5520 6030 5550 6075 5580 6030 5580 5700
	 5550 5655
2 3 0 1 -1 -1 0 0 20 0.000 0 0 0 0 0 7
	 6000 5190 5970 5235 5970 5565 6000 5610 6030 5565 6030 5235
	 6000 5190
2 3 0 1 -1 -1 0 0 20 0.000 0 0 0 0 0 7
	 5970 5175 5925 5145 5595 5145 555 -1 0 0 2
	 375 2795 6225 8070 6300 80675 412raft\001
4 0 -1 0 0 0 12 0.0000 0 180 2520 6675 4935 contact: ph 6900 4440 6960
5 7290 3 -1 0 0 -1 0 0 0 0 0 4570 725 2700
2 1 0 1 -1 -1 0 0 -1 0.000 0 0 -1 0 0 2
	 450 2700 3825 2700
2 1 0 1 -1 -1 0 0 -1 0.000 0 0 -1 0 0 2
	 3825 1500 3825 2700
2 1 0 1 -1 -1 0 0 -1 0.000 0 0 -1 0 0 2
	 375 1575 375 2700
2 1 0 1 -1 -1 0 0 -1 0.000 0 0 -1 0 0 2
	 375 2700 525(2700
-6
6 4125 270 4335 465
3 0 0 1 -1 -1 0 0 -1 0.000 0 0 0 3
	 4230 270 4140 330 4125 465
	 0.000 1.000 0.000
3 0 0 1 -1 Á1 0 0 -1 0.000 0 0 0 3
	 4230 270 4320 330 4335 465
	 0.000 1.000 0.000
-6
6 3975 585 4200 1185
2 1 0 1 -1 -1 0 0 -1 0.000 0 0 -1 0 0 2
	 397500
5 1 0 985 6090 5940 6060 5610 6060 5565 6090 5610 6120 5940 6120
	 5985 6090
2 3 0 1 -1 -1 0 0 20 0.000 0 0 0 0 0 7
	 5550 5655 5520 5700 5520 6030 5550 6075 5580 6030 5580 5700
	 5550 5655
2 3 0 1 -1 -1 0 0 20 0.000 0 0 0 0 0 7
	 6000 5190 5970 5235 5970 5565 6000 5610 6030 5565 6030 5235
	 6000 5190
2 3 0 1 -1 -1 0 0 20 0.000 0 0 0 0 0 7
	 5970 5175 5925 5145 5595 5145 5550 5175 5595 5205 5925 5205
	 5970 5175
2 3 0 1 -1 -1 0 0 20 0.000 0 0 0 0 0 7
	 5175 5655 5145 5700 5145 6030 5175 6075 5205 6030 5205 5700
	 5175 5655
2 3 0 1 -1 -1 0 0 20 0.000 0 0 0 0 0 7
	 5175 5175 5145 5220 5145 5550 5175 5595 5205 5550 5205 5220
	 5175 5175
2 3 0 1 -1 -1 0 0 20 0.000 0 0 0 0 0 7
	 5970 5625 5925 5595 5595 5595 5550 5625 5595 5655 5925 5655
	 5970 5625
2 3 0 1 -1 -1 0 0 20 0.000 0 0 0 00 7
	 4725 5655 4695 5700 4695 6030 4725 6075 4755 6030 4755 5700
	 4725 5655
2 3 0 1 -1 -1 0 0 20 0.000 0 0 0 0 0 7
	 4725 5175 4695 522F 4695 5550 4725 5595 4755 5550 4755 5220
	 4725 5175
2 3 0 1 -1 -1 0 0 20 0.000 0 0 0 0 0 7
	 6285 5190 6255 5235 6255 5565 6285 5610 6315 5565 6315 5235
	 6285 5190
2 1 0 1 -1 -1 0 0 20 0.000 0 0 0 0 0 2
	 2925 5100 3150 5100
2 1 0 1 -1 -1 0 0 20 0.000 0 0 0 0 0 2
	 4350 5100 4125 5100
2 1 0 1 -1 -1 0 0 -1 0.000 0 0 0 0 0 2
	 3600 5850 3600 6075
2 1 0 1 -1 -1 0 0 -1 0.000 0 0 0 0 0 2
	 3600 3975 3600 4200
2 3 0 1 -1 -1 0 0 20 0.000 0 0 0 0 0 5
	 3735 5250 4110 5670 4095 5715 4050 5700 3735 5250
2 1 0 2 -1 -1 0 0 -1 0.000 0 0 0 0 0 2
	 6315 4635 6510 4635
2 1 0 2 -1 -1 0 0 -1 0.000 0 0 0 0 0 2
	 6330 4305 6540 4305
2 1 0 2 -1 -1 0 0 -1 0.000 0 0 0 0 0 2
	 6360 3960 6555 3960
2 1 0 2 -1 -1 0 0 -1 0.000 0 0 0 0 0 2
	 6570 4320 6540 4620
2 1 0 2 -1 -1 0 0 -1 0.000 0 0 0 0 0 2
	 6600 3975 6570 4275
2 1 0 2 -1 -1 0 0 -1 0.000 0 0 0 0 0 2
	 6300 4320 6270 4620
2 1 0 2 -1 -1 0 0 -1 0.000 0 0 0 0 0 2
	 6330 3975 6300 4275
2 1 0 2 -1 -1 0 0 -1 0.000 0 0 0 0 0 2
	 6075 4320 6045 4620
2 1 0 2 -1 -1 0 0 -1 0.000 0 0 0 0 0 2
	 6105 3975 6075 4275
2  0 1 -1 -1 0 0 -1 0.000 0 0 0 0 0 2
	 4200 6300 2700 6300
2 2 0 1 -1 -1 0 0 -1 0.000 0 0 0 0 0 5
	 4875 6300 4200 6300 4200 6825 4875 6825 4875 6300
2 2 0 1 -1 -1 0 0 -1 0.000 0 0 0 0 0 5
	 4875 6300 5550 6300 5550 6825 4875 6825 4875 6300
2 2 0 1 -1 -1 0 0 -1 0.000 0 0 0 0 0 5
	 6225 6300 5550 6300 5550 6825 6225 6825 6225 6300
2 1 0 1 -1 -1 0 0 -1 0.000 0 0 0 0 0 2
	 6900 6300 6225 6300
2 1 0 1 -1 -1 0 0 -1 0.000 0 0 0 0 0 2
	 3825 3600 6600 3600
2 1 0 1 -1 -1 0 0 -1 0.000 0 0 0 0 0 2
	 3825 3525 6600 3525
2 1 0 1 -1 -1 0 0 -1 0.000 0 0 0 0 0 2
	 3825 3450 6600 3450
2 1 0 1 -1 -1 0 0 -1 0.000 0 0 0 0 0 2
	 3825 3375 6600 3375
2 1 0 1 -1 -1 0 0 -1 0.000 0 0 0 0 0 2
	 3825 3300 6600 3300
2 3 0 1 -1 -1 0 0 3 0.000 0 0 0 0 0 17
	 2850 3000 2850 2775 4050 2775 4050 2475 4350 2475 4350 2775
	 4650 2775 4650 2475 4950 2475 4950 2775 5250 2775 5250 2475
	 5550 2475 5550 2775 6750 2775 6750 3000 2850 3000
2 3 0 1 -1 -1 0 0 3 0.000 0 0 0 0 0 5
	 2925 2700 4050 2700 4050 2175 3075 2175 2925 2700
2 3 0 1 -1 -1 0 0 3 0.000 0 0 0 0 0 5
	 4050 2100 4050 1575 3255 1575 3105 2100 4050 2100
2 3 0 1 -1 -1 0 0 3 0.000 0 0 0 0 0 5
	 4050 1500 4050 975 3360 975 3270 1500 4050 1500
2 3 0 1 -1 -1 / 0 3 0.000 0 0 0 0 0 5
	 3375 900 4050 900 4050 375 3420 375 3375 900
2 2 0 1 -1 -1 0 0 3 0.000 0 0 0 0 0 5
	 4050 1875 4050 2475 4350 2475 4350 1875 4050 1875
2 2 0 1 -1 -1 0 0 3 0.000 0 0 0 0 0 5
	 4350 2175 4350 2775 4650 2775 4650 2175 4350 2175
2 2 0 1 -1 -1 0 0 3 0.000 0 0 0 0 0 5
	 5250 75 5250 675 5550 675 5550 75 5250 75
2 2 0 1 -1 -1 0 0 3 0.000 0 0 0 0 0 5
	 4650 1875 4650 2475 4950 2475 4950 1875 4650 1875
2 2 0 1 -1 -1 0 0 3 0.000 0 0 0 0 0 5
	 4350 1575 4350 2175 4650 2175 4650 1575 4350 1575
2 2 0 1 -1 -1 0 0 3 0.000 0 0 0 0 0 5
	 4050 1275 4050 1875 4350 1875 4350 1275 4050 1275
2 2 0 1 -1 -1 0 0 3 0.000 0 0 0 0 0 5
	 4350 975 4350 1575 4650 1575 4650 975 4350 975
2 2 0 1 -1 -1 0 0 3 0.000 0 0 0 0 0 5
	 4650 1275 4650 1875 4950 1875 4950 1275 4650 1275
2 2 0 1 -1 -1 0 0 3 0.000 0 0 0 0 0 5
	 4950 2175 4950 2775 5250 2775 5250 2175 4950 2175
2 2 0 1 -1 -1 0 0 3 0.000 0 0 0 0 0 5
	 4950 1575 4950 2175 5250 2175 5250 1575 4950 1575
2 2 0 1 -1 -1 0 0 3 0.000 0 0 0 0 0 5
	 5250 1875 5250 2475 5550 2475 5550 1875 5250 1875
2 2 0 1 -1 -1 0 0 3 0.000 0 0 0 0 0 5
	 5250 1275 5250 1875 5550 1875 5550 1275 5250 1275
2 2 0 1 -1 -1 0 0 3 0.000 0 0 0 0 0 5
	 4950 975 4950 1575 5250 1575 5250 975 4950 975
2 2 0 1 -1 -1 0 0 3 0.000 0 0 0 0 0 5
	 4650 675 4650 1275 4950 1275 4950 675 4650 675
2 2 0 1 -1 -1 0 0 3 0.000 0 0 0 0 0 5
	 4050 675 4050 1275 4350 1275 4350 675 4050 675
2 2 0 1 -1 -1 0 0 3 0.000 0 0 0 0 0 5
	 4350 375 4350 975 4650 975 4650 375 4350 375
2 2 0 1 -1 -1 0 0 3 0.000 0 0 0 0 0 5
	 4050 75 4050 675 4350 675 4350 75 4050 75
2 2 0 1 -1 -1 0 0 3 0.000 0 0 0 0 0 5
	 4950 375 4950 975 5250 975 5250 375 4950 375
2 2 0 1 -1 -1 0 0 3 0.000 0 0 0 0 0 5
	 4650 75 4650 675 4950 675 4950 75 4650 75
2 2 0 1 -1 -1 0 0 3 0.000 0 0 0 0 0 5
	 5250 675 5250 1275 5550 1275 5550 675 5250 675
2 3 0 1 -1 -1 0 0 3 0.000 0 0 0 0 0 5
	 6675 2700 5550 2700 5550 2175 6525 2175 6675 2700
2 3 0 1 -1 -1 0 0 3 0.000 0 0 0 0 0 5
	 5550 2100 5550 1575 6345 1575 6495 2100 5550 2100
2 3 0 1 -1 -1 0 0 3 0.000 0 0 0 0 0 5
	 5550 1500 5550 975 6240 975 6330 1500 5550 1500
2 3 0 1 -1 -1 0 0 3 0.000 0 0 0 0 0 5
	 6225 900 5550 900 5550 375 6180 375 6225 900
2 3 0 1 -1 -1 0 0 3 0.000 0 0 0 0 0 5
	 6225 9600 5550 9600 5550 10125 6180 10125 6225 9600
2 3 0 1 -1 -1 0 0 3 0.000 0 0 0 0 0 5
	 5550 9000 5550 9525 6240 952                                                                                                                                                         -6
6 35
2 2
	 
2 1
	 3
2 1
	 3
-6
465
 3
	465
000
 3
	465
000
-6
6185
0 2
585
 0 2
	 45
-6
6 355
55
2 2
	 830
0 2
5
2 2
	 355
0 2
 5
2 2
	 316
-6
0
5 
2 1
	 400
2 2
	 465
2 1
	 425
2 2
	2400
2 1
	 600
2 2
	 802
2 1
	 400
2 2
	2700
2 1
	 800
-6
6 355
35
2 2
	4830
2 1
	 555
2 2
	 532
2 1
	 415
2 2
	5070
-6
90
12
	 40
20 2
0
2 2
	 485
0 2
5
2 2
	 470
 5
	55
25
	 5
2 2
	 055
0 2
5
2 2
	 500
0 2
0
2 
	 2465
0 2
0
2 2
	 720
0 2
5
2 2
	 600
0 2
0
2 2
	 285
0 2
0
2 2
	 850
0 2
5
2 2
	 940
0 2
5
2 2
	 895
0
2 
	 4
2 1
	 315
2 2
	9765
2 1
	 365
2 2
	00
2 2
	0
2 2
	 
2 1
	 360
2
2 1
	 435
2 2
	6435
2 1
	 435
215
2 2
	9240
2 1
	 370
2 2
	 414
2 1
	 465
2 2
	9045
2 1
	 645
2 2
	 622
2 1
	 655
2 2
	9285
2 1
	 640
2 2
	 619
2 1
	 680
2 2
	9480
2 1
	 270
2 2
	 382
2 1
	 300
2 2
	0
2 2
	 450
0 2
	 42
2 1
	 4
2 1
	 4˙
2 2
	 40
2 2
	7305
2 1
	 265
2 2
	`378
2 1
	 300
2 2
	7950
2 1
	 320
2 2
	 315
2 1
	 335
2 2
	6435
2 1
	 335
2 2
	 414
2 1
	 340
2 2
	6975
2 1
	 390
2 2
	 412
2 1
	 485
2 2
	6330
2 1
	 705
2 2
	 798
2 1
	 740
2 2
	7305
2 1
	 665
2 2
	 465
2 1
	 400
2 2
	7920
2 1
	 585
2 2
	 526
2 1
	 435
2 2
	6435
2 1
	 435
2 2
	 445
2 1
	 475
2 2
	7290
2 1
	 470
2 2
	 429
2 1
	 365
2 2
	7275
2 1
	 475
2 2
	 387
2 1
	 305
2 2
	6705
2 1
	 535
2 2
	 325
2 1
	 370
2 r
	9450
2 5 11925 6375
2 1 0 1 -1 -1 0 0 -1 0.000 0 0 0 0 0 2
	 11400 7500 400 7575
2 1 0 1 -1 -1 0 0 -1 0.000 0 0 0 0 0 4
	 9825 7650 9825 8100 8325 8100 8325 7650
2 1 0 1 -1 -1 0 0 -1 0.000 0 0 0 0 0 2
	 7875 7500 7875 7650
2 1 0 1 -1 -1 0 0 -1 0.000 0 0 0 0 0 2
	 5 7575 7875 7575
2 1 0 1 -1 -1 0 0 -1 0.000 0 0 0 0 0 2
	 4725 7 5625 7650
2 1 0 1 -1 -1 0 0 -1 0.000 0 0 0 0 0 2
	 4725 7575 5625 7575
2 1 0 5 1350
2 1 0 1 -1 -1 0 0 -1 0.000 0 0 0 0 0 2
	 3975 1575 3975 2475
2 1 0 1 -1 -1 0 0 -1 0.000 0 0 0 0 0 2
	 3900 1575 4050 1575
2 1 0 1 -1 -1 0 0 -1 0.000 0 0 0 0 0 2
	 3900 2475 4050 2475
2 1 0 2 -1 -1 0 0 -1 0.000 0 0 0 0 0 2
	 5850 4650 5850 4875
2 1 0 2 -1 -1 0 0 -1 0.000 0 0 0 0 0 2
	 6525 1800 7125 1800
2 3 0 1 -1 -1 0 0 -1 0.000 0 0 0 0 0 29
	 7125 240000000000000000000000000 7275 2400 7275 3150 8775 3150 8775 2400 8925 2400
	 8925 3375 8775 3375 8775 3300 8100 3300 8100 4125 8775 4125
	 8775 4050 8925 4050 8925 4125 9000 4125 9000 4275 7050 4275
	 7050 4125 7125 4125 7125 4050 7275 4050 7275 4125 7950 4125
	 7950 3300 7275 3300 7275 3375 7125 3375 7125 2400
2 1 0 1 -1 -1 0 0 -1 0.000 0 0 0 0 0 2
	 7275 2400 8775 2400
2 3 0 1 -1 -1 0 0 -1 0.000 0 0 0 0 0 47
	 11925 1350 8925 1350 8925 1800 8775 1800 8775 1350 7275 1350
	 7275 1800 7125 1800 7125 1350 4050 1350 4050 4125 6225 4125
	 6225 4725 6075 4725 6075 4275 5400 4275 5400 4575 5850 4575
	 5850 4650 5325 4650 5325 4275 3900 4275 3900 4650 3750 4650
	 3750 4050 2400 4050 2400 4725 2250 4725 2250 3900 3900 3900
	 3900 2700 450 2700 450 6000 825 6000 825 6150 300 6150
	 300 2550 3900 2550 3900 1200 12075 1200 12075 5475 11925 5475
	 11925 4275 9825 4275 9825 4125 11925 4125 11925 1350
2 4 0 1 -1 -1 0 0 -1 0.000 0 0 6 0 0 5
	 7350 1425 7350 1725 7800 1725 7800 1425 7350 1425
2 4 0 1 -1 -1 0 0 -1 0.000 0 0 9 0 0 5
	 7275 1350 7275 1800 7875 1800 7875 1350 7275 1350
2 1 0 2 -1 -1 0 0 -1 0.000 0 0 0 0 0 2
	 7050 4125 6300 3825
2 1 0 2 -1 -1 0 0 -1 0.000 0 0 0 0 0 2
	 6825 3375 7125 4050
2 1 0 2 -1 -1 0 0 -1 0.000 0 0 0 0 0 2
	 9210 3360 8925 4050
2 1 0 2 -1 -1 0 0 -1 0.000 0 0 0 0 0 2
	 9000 4125 9750 3750
2 4 0 1 -1 -1 0 0 -1 0.000 0 0 9 0 0 5
	 7350 2475 7350 3075 8700 3075 8700 2475 7350 2475
2 1 0 2 -1 -1 0 0 -1 0.000 0 0 0 0 0 2
	 8925 1800 9525 1800
2 1 0 2 -1 -1 0 0 -1 0.000 0 0 0 0 0 2
	 11025 6375 11925 6375
2 1 0 2 -1 -1 0 0 -1 0.000 0 0 0 0 0 2
	 6225 4725 7050 4725
2 1 0 1 -1 -1 0 0 -1 0.000 0 0 0 0 0 2
	 3225 2700 3225 3900
2 1 0 2 -1 -1 0 0 -1 0.000 0 0 0 0 0 2
	 3225 5550 2400 5550
2 1 0 1 -1 -1 0 0 -1 0.000 0 0 0 0 0 3
	 300 6150 300 7350 2250 7350
4 0 -1 0 0 0 12 0.0000 4 135 105 6300 6525 F\001
4 0 -1 0 0 0 12 0.00000 4 135 360 7575 2100 Bath\001
4 0 -1 0 0 0 12 0.0000 4 180 945 8100 5ng Room\001
4 0 -1 0 0 0 12 0.0000 4 135 675 5025 2775 Bedroom\001
4 0 -1 0 0 0 12 0.0000 4 180 615 825 4425 Laundry\001
4 0 -1 0 0 0 12 0.0000 4 135 600 3600 6000 Kitchen\001
4 0 -1 0 0 0 12 0.0000 4 135 270 5625 4500 CL.\001
4 0 -1 0 0 0 12 0.0000 4 135 270 3450 3450 CL.\001
4 0 -1 0 0 0 12 0.0000 4 135 270 8325 3825 CL.\001
4 0 -1 0 0 0 12 0.0000 4 135 270 7425 3825 CL.\001
