#FIG 3.2
Lanpe
Center
In
Letter 
100.00
le
-2
# 
1200 2
5 1 0 7 26 7 0 0 -1 0 0 1 1 1 9111 6757 0 81380 3465 1335 3390 1380
5 1 1305 4905 1350
5 1 -1 -1 0 0
5 1 0 1 -1 -1 0 0 -1 0.000 0 0 0 0 .17096.500 5880 9135 6285 9090 6690 9120
5 1 0 1 -1 -1 0 0 -1 0.000 0 1 0 0 .1703.5 0 5895 9 6300 420 6405
5 1 0 1 -1 -1 0 0 -1 0 0 1 0 0 3400 7500 3510 7665 3435 7605 3375 7680
5 1 0 1 -1 -1 0 0 -1 0 0 0 0 0 3440 7900 3510 7920 3435 7980 3375 7905
5 1 0 1 -1 -1 0 0 -1 0.000 0 1 0 0 .5007.500 3165 6675 3135 6690 3165 6720
5 1 0 1 -1 -1 0 0 -1 0.000 0 1 0 0 3917..495 3840 7230 3870 7305 3930 7320
5 1 0 1 -1 -1 0 0 -1 0 0 1 0 0 3900 6500 3990 6855 3930 6900 3990 6960
5 1 0 1 -1 -1 0 0 -1 0 0 0 0 0 7970 6340 7995 6225 8070 6300 8 412
4 0 -1 0 0 0 12 0.0000 0 180 2520 6675 5
5 
6 30
5 0 2
	 38
2 1
	 30
2 700
0 2
2700
2 1
	 300
2 2
	00
2 2
	00
-6
6 5
3 
	 45
	 0
3 
	 45
	 0
-6
6 35
2 2
	 
2 1
	 3
2 1
	 3
-6
465
 3
	465
000
 3
	465
000
-6
6185
0 2
585
 0 2
	 45
-6
6 355
55
2 2
	 830
0 2
5
2 2
	 355
0 2
 5
2 2
	 316
-6
0
5 
2 1
	 400
2 2
	 465
2 1
	 425
2 2	2400
2 1
	 600
2 2
	 802
2 1
	 400
2 2
	2700
2 1
	 800
-6
6 355
35
2 2
	4830
2 1
	 555
2 2
	 532
2 1
	 415
2 2
	5070
-6
90
12
	 40
20 2
0
2 2
	 485
0 2
5
2 2
	 470
 5
	55
25
	 5
2 2
	 055
0 2
5
2 2
	 500
0 2
0
2 
	 2465
0 2
0
2 2
	 720
0 2
5
2 2
	 600
0 2
0
2 2
	 285
0 2
0
2 2
	 850
0 2
5
2 2
	 940
0 2
5
2 2
	 895
0
2 
	 4
2 1
% 315
2 2
	9765
2 1
	 365
2 2
	00
2 2
	0
2 2
	 
2 1
	 360
2
2 1
	 435
2 2
	6435
2 1
	 435
215
2 2
	9240
2 1
	 370
2 2
	 414
2 1
	 465
2 2
	9045
2 1
	 645
2 2
	 622
2 1
	 655
2 2
	9285
2 1
	 640
2 2
	 619
2 1
	 680
2 2
	9480
2 1
	 270
2 2
	 382
2 1
	 300
2 2
	0
2 2
	 450
0 2
	 42
2 1
	 4
2 1
	 4ﹽ
2 2
	 40
2 2
	7305
2 1
	 265
2 2
	`378
2 1
	 300
2 2
	7950
2 1
	 320
2 2
	 315
2 1
	 335
2 2
	6435
2 1
	 335
2 2
	 414
2 1
	 340
2 2
	6975
2 1
	 390
2 2
	 412
2 1
	 485
2 2
	6330
2 1
	 705
2 2
	 798
2 1
	 740
2 2
	7305
2 1
	 665
2 2
	 465
2 1
	 400
2 2
	7920
2 1
	 585
2 2
	 526
2 1
	 435
2 2
	6435
2 1
	 435
2 2
	 445
2 1
	 475
2 2
	7290
2 1
	 470
2 2
	 429
2 1
	 365
2 2
	7275
2 1
	 475
2 2
	 387
2 1
	 305
2 2
	705
2 1
	 535
2 2
	 325
2 1
	 370
2 r
	9450
2 5 11925 6375
2 1 0 1 -1 -1 0 0 -1 0.000 0 0 0 0 0 2
	 11400 7500 400 7575
2 1 0 1 
	 895
0
2 
	 4
2 1
% 315
2 2
	9765
2 1
	 365
2 2
	00
2 2
	0
2 2
	 
2 1
	 360
2
2 1
	 435
2 2
	6435
2 1
	 435
215
2 2
	9240
2 1
	 370
2 2
	 414
2 1
	 465
2 2
	9045
2 1
	 645
2 2
	 622
2 1
	 655
2 2
	9285
2 1
	 640
2 2
	 619
2 1
	 680
2 2
	9480
2 1
	 270
2 2
	 382
2 1
	 300
2 2
	0
2 2
	 450
0 2
	 42
2 1
	 4
2 1
	 4ﹽ
2 2
	 40
2 2
	7305
2 1
	 265
2 2
	`378
2 1
	 300
2 2
	7950
2 1
	 320
2 2
	 315
2 1
	 335
2 2
	6435
2 1
	 335
2 2
	 414
2 1
	 340
2 2
	6975
2 1
	 390
2 2
	 412
2 1
	 485
2 2
	6330
2 1
	 705
2 2
	 798
2 1
	 740
2 2
	7305
2 1
	 665
2 2
	 465
2 1
	 400
2 2
	7920
2 1
	 585
2 2
	 526
2 1
	 435
2 2
	6435
2 1
	 435
2 2
	 445
2 1
	 475
2 2
	7290
2 1
	 470
2 2
	 429
2 1
	 365
2 2
	7275
2 1
	 475
2 2
	 387
2 1
	 305
2 2
	705
2 1
	 535
2 2
	 325
2 1
	 370
2 r
	9450
2 5 11925 6375
2 1 0 1 -1 -1 0 0 -1 0.000 0 0 0 0 0 2
	0 2
	 4725 7 5626900 5550 6900 5550 5550 6075 5550
2 4 0 1 -1 -1 0 0 -1 0.000 0 0 3 0 0 5
	 4650 6975 4650 7425 5475 7425 5475 6975 4650 6975
2 1 0 1 -1 -1 0 0 -1 0.000 0 0 0 0 0 3
	 3825 7050 4275 7050 4275 7500
2 1 0 1 -1 -1 0 0 -1 0.000 0 0 0 0 0 2
	 5700 5550 5700 7500
2 1 0 1 -1 -1 0 0 -1 0.000 0 0 0 0 0 2
	 12000 1950 12000 3150
2 1 0 1 -1 -1 0 0 -1 0.000 0 D 0 0 0 2
	 11925 3150 12075 3150
2 1 0 1 -1 -1 0 0 -1 0.000 0 0 0 0 0 2
	 11925 1950 12075 1950
2 1 0 1 -1 -1 0 0 -1 0.000 0 0 0 0 0 2
	 9225 1275 10050 1275
2 1 0 1 -1 -1 0 0 -1 0.000 0 0 0 0 0 2
	 10050 1200 10050 1350
2 1 0 1 -1 -1 0 0 -1 0.000 0 0 0 0 0 2
	 9225 1200 9225 1350
2 1 0 1 -1 -1 0 0 -1 0.000 0 0 0 0 0 2
	 7950 1275 8475 1275
2 1 0 1 -1 -1 0 0 -1 1350
2 1 0 1 -1 -1 0 0 -1 0.000 0 0 0 0 0 2
	 6000 1275 6825 1275
2 1 0 1 -1 -1 0 0 -1 0.000 0 0 0 0 0 2
	 6000 1350 6000 1200400 4050 2400 4725 2250 4725 2250 3900 3900 3900
	 3900 2700 450 2700 450 6000 825 6000 825 6150 300 6150
	 300 2550 3900 2550 3900 1200 12075 1200 12075 5475 11925 5475
	 11925 4275 9825 4275 9825 4125 11925 4125 11925 1350
2 4 0 1 -1 -1 0 0 -1 0.000 0 0 6 0 0 5
	 7350 1425 7350 1725 7800 1725 7800 1425 7350 1425
2 4 0 1 -1 -1 0 0>-1 0.000 0 0 9 0 0 5
	 7275 1350 7275 1800 7875 1800 7875 1350 7275 13ﭨ0
2 1 0 2 -1 -1 0 0 -1 0.000 0 0 0 0 0 2
	 7050 4125 6300 3825
2 1 0 2 -1 -1 0 0 -1 0.000 0 0 0 0 0 2
	 6825 3375 7125 4050
2 1 0 2 -1 -1 0 0 -1 0.000 0 0 0 0 0 2
	 9210 3360 8925 4050
2 1 0 2 -1 -1 0 0 -1 0.000 0 0 0 0 0 2
	 9000 4125 y750 3750
2 4 0 1 -1 -1 0 0 -1 0.000 0 0 9 0 0 5
	 7350 2475 7350 3075 8700 3075 8700 2475 7350 2475
2 1 0 2 -1 -1 0 0 -1 0.000 0 0 0 0 0 2
	 8925 1800 9525 1800
2 1 0 2 -1 -1 0 0 -1 0.000 0 0 0 00 2
	 11025 6375 11925 6375
2 1 0 2 -1 -1 0 0 -1 0.000 0 0 0 0 0 2
	 6225 4725 7050 4725
2 1 0 1 -1 -1 0 0 -1 0.000 0 0 0 0 0 2
	 3225 2700 3225 3900
2 1 0 2 -1 -1 0 0 -1 0.000 0 0 0 0 0 2
	 3225 5550 2400 5550
2 1 0 1 -1 -1 0 0 -1 0.000 0 0 0 0 0 3
	 300 6150 300 7350 2250 7350
4 0 -1 0!0 0 12 0.0000 4 135 105 6300 6525 F\001
4 0 -1 0 0 0 12 0.00000 4 135 360 7575 2100 Bath\001
4 0 -1 0 0 0 12 0.0000 4 180 945 8100 5ng Room\001
4 0 -1 0 0 0 12 0.0000 4 135 675 5025 2775 Bedroom\001
4 0 -1 0 0 0 12 0.0000 4 180 615 825 4425 Laundry\001
4 0 -1 0 0 0 12 0.0000 4 135 600 3600 6000 Kitchen\001
4 0 -1 0 0 0 12 0.0000 4 135 50 7275 1350
2 1 0 2 -1 -1 0 0 -1 0.000 0 0 0 0 0 2
	 7050 4125 6300 3825
2 1 0 2 -1 -1 0 0 -1 0.000 0 0 0 0 0 2
	 6825 3375 7125 4050
2 1 0 2 -1 -1 0 0 -1 0.000 0 0 0 0 0 2
	 9210 3360 8925 4050
2 1 0 2 -1 -1 0 0 -1 0.000 0 0 0 0 0 2
	 9000 4125 y750 3750
2 4 0 1 -1 -1 0 0 -1 0.000 0 0 9 0 0 5
	 7350 2475 7350 3075 8700 3075 8700 2475 7350 2475
2 1 0 2 -1 -1 0 0 -1 0.000 0 0 0 0 0 2
	 8925 1800 9525 1800
2 1 0 2 -1 -1 0 0 -1 0.000 0 0 0 00 2
	 11025 6375 11925 6375
2 1 0 2 -1 -1 0 0 -1 0.000 0 0 0 0 0 2
	 6225 4725 7050 4725
2 1 0 1 -1 -1 0 0 -1 0.000 0 0 0 0 0 2
	 3225 2700 3225 3900
2 1 0 2 -1 -1 0 0 -1 0.000 0 0 0 0 0 2
	 3225 5550 2400 5550
2 1 0 1 -1 -1 0 0 -1 0.000 0 0 0 0 0 3
	 300 6150 300 7350 2250 7350
4 0 -1 0!0 0 12 0.0000 4 135 105 6300 6525 F\001
4 0 -1 0 0 0 12 0.00000 4 135 360 7575 2100 Bath\001
4 0 -1 0 0 0 12 0.0000 4 180 945 8100 5ng Room\001
4 0 -1 0 0 0 12 0.0000 4 135 675 5025 2775 Bedroom\001
4 0 -1 0 0 0 12 0.0000 4 180 615 825 4425 Laundry\001
4 0 -1 0 0 0 12 0.0000 4 135 600 3600 6000 Kitchen\001
4 0 -1 0 0 0 12 0.0000 4 135 270 5625 4500 CL.\001
4 0 -1 0 0 0 12 0.0000 4 135 270 3450 3450 CL.\001
4 0 -1 0 0 0 12 0.0000 4 135 270 8325 3825 CL.\001
4 0 -1 0 0 0 12 0.0000 4 135 270 7425 3825 CL.\001
