#FIG 3.2
Port
Center
Inches
Letter  
100.00
le
-2
# 
1200 2
0 32 #f8f8f800
1 3 0 1 -1 -1 0 0 20 0 1 0.8000 2985 6615 30 30 20 6300 8 412
4 0 -1 0 0 0 12 0.0000 0 180 2520 6675 4935tact: fh 6900 4440 6960
5 1 0 1 1 0 0 -1 0.0810 7380 3870 7395
5 1 0 1 -1 -1 0 0 -1 0 0 0 0 0 4570 7195 4635 7290 4620 7380 4560 7395
5 1 0 1 -1 -1 0 0 -1 0 0 0 0 0 3                                                                          ¤                                     ‘                     ˙                                                      0
2 1 0 1 -1 -1 0 0 -1 0.000 0 0 -1 0 0 2
	 2325 2400 2325 2700
2 1 0 1 -1 -1 0 0 -1 0.000 0 0 -1 0 0 2
	 450 2700 3825 2700
2 1 0 1 -1 -1 0 0 -1 0.000 0 0 -1 0 0 2
	 3825 1500 3825 2700
2 1 0 1 -1 -1 0 0 -1 0.000 0 0 -1 0 0 2
	 375 1575 375 2700ö2 1 0 1 -1 -1 0 0 -1 0.000 0 0 -1 0 0 2
	 375 2700 525 2700
-6
6 4125 270 4335 465
3 0 0 1 -1 -1 0 0 -1 0.000 0 0 0 5 2700
2 1 0 1 -1 -1 0 0 -1 0 0 0 -1 0 0 2
	 3˙˙˙˙575 375 2700
2 1 0 1 -1 -1 0 0 30 270 4140 330 4125 465
	 0 1.0.400
3 0 0 1 -1 -1 0 0 -1 0.000 0 0 0 3
	 4230 270 4320 330 4335 465
	 0 1.0.000
-6
6 3975 585 4200 1185
2 1 0 1 -1 -1 0 0 -1 0.000 0 0 -1 0 0 2
	 3975 585 4200 585
2 1 0 1 -1 -1 0 0 -1 0.000 0 0 -1 0 0 2
	 4200 585 4200 1185
-6
6 3150 4575 4170 5355
5 1 0 1 -1 -11 -1 0  0 0 1 0 0 3266.2955.625 3225 4845 3180 4875 3150 4935
2 