#FIG 2.0
80 2
5 1 0 1 0 0 0 0 0.000 0 0 0 150 197 119 199 154 159 199 199
1 3 0 1 0 0 0 0 0.000 1 0.000 159 159 5 5 159 159 159 164
2 1 1 1 0 0 0 1 0 0 0
	 159 164 159 199 9999 9999
2 1 0 1 0 0 0 0 0.000 0 0
	 159 159 159 159 9999 9999
2 1 0 1 0 0 0 0 0 0 0
	 79 79 479 79 9999 9999
2 1 0 1 0 0 0 0 0 0 00
	 0
2 
	 500
	55
27
	 235
190
 7
	 597
	 5
2 30 7
0
	 5
2 
	 520
	75
27
	 655
625
 7
	5700
	 4
2 30 7
0
	 5
2 
	 635
	90
22
	 100
 2
	5100
2 10 2
5
2 
	 300
25
	 0
2 
	 635
22
	 305
 2
	 636
2 10 2
0
2 
	 675
22
	 620
 2
	4275
2 10 2
0
2 
	 675
22
	  5
	00
25
	 0
2 
	 6
2 10 2
0
2 
	 300
22
	 525
 2
	 382
2 10 2
5
2 
	 300
27
	 775
5
	 0
2 0 5
700
5
	 0
2 0 5
0
2 0 5
00
2
	 4
2 2 5
	75
2
	 5
2 2 5
	75
2
	 4
2 2 5
	75
2
	 45
2 0 5
275
5
	 5
2 0 5
575
5
	 5
2 0 5
275
5
	 75
2
	 45
2 0 5
 675
2 2 5
	5
2 0 5
 75
5
	 
2 2 5
	75
2
	 55
2 0 5
700
5
	 0
2 0 5
0
2 0 5
00
2
	 600
2
	 5
2 3 5
	00
2
	 6
2 2 5
	25
2
	 4425
5
	 
2 2 5
	5
2 0 5
25
2
	 4
2 2 5
	25
2
	 4
2  5
	25
2
	 5
2 2 5
	25
2
	 4
2 2 5
	25
2
	 4
2 2 5
	25
2
	 4
2 2 5
	25
2
	 5425
5
	 5
2 0 5
625
2 3 
	 300
2
	 4
2 3 5
	00
2
	 2
2 3 17
5
	 025
500
 2
	 301
2 10 2
5
2 
	 350
24
	 450
 2
	6600
2 10 2
0
2 
	 2
2 40 5
825
 5
	2;;5
2 40 5
300
 5
	85
25
	 0
2 
	 7
2 30 7
5
	 5
2 9
	 900
150
0 9
0
	 0
4 
4 1IO\001
4 1 -1 0 0 18 14 00 4 165 480 6555 66HR\001
4@1 -1 0 0 18 14 00 4 165 480 5910 66MR\001
4 1 -1 0 0 18 14 00 4 165 600 5220 66UAL\001
4 1 -1 0 0 18 14 0.0000 4 165 465 4530 6ALM\001
