 9765
2
5
6 2
	 3750
3 2 0 9 	3 1
	00
2 999
4 2  
2 1
6 	4 2 0 9 	3 1
	00
2 4 99 0 1 1 4
	3 1
	6 
2 1
5
6 2
	00
2 4 9999 9999
4 2  
2 1
6 4125 2100 1650 3750
3 2 0 7 5 7 0 0 -1 4
	3 1
	00
2 4 9999 9999
4 2  
2 1
6 4125 2100 1650 
3 2	00
2 4 9999 990 0 -1 0
	3 1
	00
2 4 9999 9999
4 2  
2 1
6 4125 210 1650 
3 2	
4 2  
23 1
	6 
2 1
5
6 2
	00
2 4 9999 9999
4 2  
2 1
6 4125 2100 1650 3750
3 2 0 7 5 7 0 0 -1 0 0 1 1 4
	3 1
	00
2 4 9999 9999
4 2  
2 1
6 4125 2100 1650 
3 2	00
2 4 9999 9999 0 0 1 1 4
	3 1
	00
2 4 9999 9999
4 2  
2 1
6 4125 2100 1650 
3 99 0 1 1 4
	3 1
	6 
2 1
5
6 2
	00
2 4 9999 9999
4 2  
2 1
6 4125 2100 1650 3750
3 2 0 7 5 7 0 0 -1 4
	3 1
	00
2 4 9999 9999
4 2  
2 1
6 4125 2100 1650 
3 2	00
2 4 9999 990 0 -1 0
	3 1
	00
2 4 9999 9999
4 2  
2 1
6 4125 2100 1650 
3 2	
4 2  5
 9 	3  
2 1
5
6 2
	00
2 4 9999 9999
4 2  
2 1
6 4125 2100 1650 3750
3 2 0 7 5 7 0 0 -1 0 0 1 1 4
	3 1
	00
2 4 9999 9999
4 2  
2 1
6 4125 2100 1650 
3 2	00
2 4 9999 9999
4 2  
2 1
	0 -1 0 0 1 1 4
	3 1
	00
2 4 9999 9999
4 2  
2 1
6 4125 2100 16   3 2	