#FIG 3.2
Lanpe
Center
In
Letter 
100.00
le
-2
#1905
5 17520
4 1 0 1 -1 -1 0 0 -1 5895 9  420 6405
5 0
5 7
	 235
190
 7
	5205
	 5
2 30 7
0
	 5
2 
	 520
	75
27
	 
	 6
2 10 2
0
2 
	 300
22
	 525
4375
5
	 5
2
75
2
	 4
2 
5
	 0
2
100
5
	 500
5
	 
2 3 5
2
2 3 5
	00
2
	 5
2 3 5
	00
2
	 5
2 2 5
	5
2
25
2
	 4R\00q
41 0 0 18 14 00 0 0 0 0 0 5
	 
2 2 5
	25
2
	 4
2 2 5
	25
2
	 5
2 2 5
	25
2
	 4
2 2 5
(7185
2 1
25
2
	 4
2 2 5
	25
2
	 4
2 2 5
	25
2
	 4
2 2 5
	5
2 0 5
325
5
	 5
2 0 5
0
2 0 5
000
5ﭦ	 0
2 0 5
800
17
	7725
	 425
	00
22
	 495
 2
	 301
2 10 4
0
2 
	 350
22
	 600
 2
	6420
2 40 5
750
 5
	25
25
	 5
2 	 2
2 20 5
885
 5
	00
25
	 0
2 7
	 225
225
0 95
2 0 5
0
2 0 5
000
5
	 0
2 0 5
800
17
	7725
	 425
	00
22
	 495
 2
	 301
2 10 4
0
2 
	 350
22
	 600
 2
	6420
2 40 5
750
 5
	25
25
	 5
2 
	 2
2 20 5
885
 5
	00
25
	 0
2 7
	 225
225
0 9
 2
	6840
2 1
	 475
2 2
	00
2
	 470
2 2
	7185
2 1
	 365
2 2
	 409
2 1
	 475
2 2
	7395
2 1
	 305
2
2 1
	 535
22
	 970
0 2
0
2 2
	 450
0 2
5
2 2
	 5
2 2
	 85
2 2
	00
2 2
	 802
2 1
	 415
2 2
	633 0 0 0 2
	 6360 3960 6555 3960
20 0 2
	 6570 4320 6540 4620
2 1  2
	 6600 3975 6570 4275
2 1 0 2 -1 -1 0 0 -1 0.000 0 0 0 0 0 2
	 6300 4320 6270 4620
2 1 0 2 -1 -1 0 0 -1 0.000 0 0 0 0 0 2
	 6330 3975 6300 4275
2 1 0 2 -1 -1 0 0 -1 0.000 0 0 0 0 0 2
	 6075 4320 6045 4620
2 1 0 2 -1 -1 0 0 -1 0.000 0 0 0 0 0 2
	 6105 3975 6075 4275
2 1 0 1 -1 -1 0 0 -1 0.000 0 0 0 0 0 2
	 4200 6300 2700 6300
2 2 0 1 -1 -1 0 0 -1 0.000 0 0 0 0 0 5
	 4875 6300 4206300
2 2 0 1 -1 -1 0 0 -1 0.000 0 0 0 0 0 5
	 4875 6300 5550 6300 5550 6825 4875 6825 4875 6300
2 2 0 1 -1 -1 0 0 -1 0.000 0 0 0 0 0 5
	 6225 6300 5550 6300 5550 6825 6225 6825 6225 6300
2 1 0 1 -1 -1 0 0 -1 0.000 0 0 0 0 0 2
	 6900 6300 6225 6300
2 1 0 1 -1 -1 0 0 -1 0.000 0 0 0 0 0 2
	 3825 3600 6600 3600
2 1 0 1 -1 -1 0 0 -1 0.000 0 0 0 0 0 2
	 3825 3525 6600 3525
2 1 0 1 -1 -1 0 0 -1 0.000 0 0 0 0 0 2
	 3825 3450 6600 3450
2 1 0 1 -1 -1 0 0 -1 0.000 0 0 0 0 0 2
	 3825 3375 6600 3375
2 1 0 1 -1 -1 0 0 -1 0.000 0 0 0 0 0 2
	 3825 3300 6600 3300
2 3 0 1 -1 -1 0 0 3 0.000 0 0 0 0 0 17
	 2850 3000 2850 2775 4050 2775 4050 2475 4350 2475 4350 2775
	 4650 2775 4650 2475 4950 2475 4950 2775 5250 2775 5250 2475
	 5550 2475 5550 2775 6750 2775 6750 3000 2850 3000
2 3 0 1 -1 -1 0 0 3 0.000 0 0 0 0 0 5
	 2925 2700 4050 2700 4050 2175 3075 2175 2925 2700
2 3 0 1 -1 -1 0 0 3 0.000 0 0 0 0 0 5
	 4050 2100 4050 1575 3255 1575 3105 2100 75
2 2 0 1 -1 -1 0 0 3 0.004050 2100
2 3 0 1 -1 -1 0 0 3 0.000 0 0 0 0 0 5
	 4050 1500 4050 975 3360 975 3270 1500 4050 1500
2 3 0 1 -1 -1 0 0 3 0.000 0 0 0 0 0 5
	 3375 900 4050 900 4050 375 3420 375 3375 900
2 2 0 1 -1 -1 0 0 3 0.000 0 0 0 0 0 5
	 4050 1875 4050 2475 4350 2475 4350 1875 4050 1875
2 2 0 1 -1 -1 0 0 3 0.000 0 0 0 0 0 5
	 4350 2175 4350 2775 4650 2775 4650 2175 4350 2175
2 2 0 1 -1 -1 0 0 3 0.000 0 0 0 0 0 5
	 5250 75 5250 675 5550 675 5550 75 5250 75
2 2 0 1 -1 -1 0 0 3 0.000 0 0 0 0 0 5
	 4650 1875 4650 2475 4950 2475 4950 1875 4650 1875
2 2 0 1 -1 -1 0 0 3 0.000 0 0 0 0 0 5
	 4350 1575 4350 2175 4650 2175 4650 1575 4350 1575
2 2 0 1 -1 -1 0 0 3 0.000 0 0 0 0 0 5
	 4050 1275 4050 1875 4350 1875 4350 1275 4050 1275
2 2 0 1 -1 -1 0 0 3 0.000 0 0 0 0 0 5
	 4350 975 4350 1575 4650 1575 4650 975 4350 975
2 2 0 1 -1 -1 0 0 3 0.000 0 0 0 0 0 5
	 4650 1275 4650 1875 4950 1875 4950 1275 4650 1275
2 2 0 1 -1 -1 0 0 3 0.000 0 0 0 0 0 5
	 4950 2175 4950 2775 5250 2775 5250 2175 4950 2175
2 2 0 1 -1 -1 0 0 3 0.000 0 0 0 0 0 5
	 4950 1575 4950 2175 5250 2175 5250 1575 4950 1575
2 2 0 1 -1 -1 0 0 3 0.000 0 0 0 0 0 5
	 5250 1875 5250 2475 5550 2475 5550 1875 5250 1875
2 2 0 1 -1 -1 0 0 3 0.000 0 0 0 0 0 5
	 5250 1275 5250 1875 5550 1875 5550 1275 5250 1275
2 2 0 1 -1 -1 0 0 3 0.000 0 0 0 0 0 5
	 4950 975 4950 1575 5250 1575 5250 975 4950 975
2 2 0 1 -1 -1 0 0 3 0.000 0 0 0 0 0 5
	 4650 675 4650 1275 4950 1275 4950 675 4650 675
2 2 0 1 -1 -1 0 0 3 0.000 0 0 0 0 0 5
	 4050 675 4050 1275 4350 1275 4350 675 4050 675
2 2 0 1 -1 -1 0 0 3 0.000 0 0 0 0 0 5
	 4350 375 4350 975 4650 975 4650 375 4350 375
2 2 0 1 -1 -1 0 0 3 0.000 0 0 0 0 0 5
	 4050 75 4050 675 4350 675 4350 75 4050 75
2 2 0 1 -1 -1 0 0 3 0.000 0 0 0 0 0 5
	 4950 375 4950 975 5250 975 5250 375 4950 375
2 2 0 1 -1 -1 0 0 3 0.000 0 0 0 0 0 5
	 4650 75 4650 675 4950 675 4950 75 4650 75
2 2 0 1 -1 -1 0 0 3 0.000 0 0 0 0 0 5
	 5250 675 5250 1275 5550 1275 5550 675 5250 675
2 3 0 1 -1 -1 0 0 3 0.000 0 0 0 0 0 5
	 6675 2700 5550 2700 5550 2175 6525 2175 6675 2700
2 3 0 1 -1 -1 0 0 3 0.000 0 0 0 0 0 5
	 5550 2100 5550 1575 5 4950 10125
2 2 0 1 -1 -1 0 0 3 0.000 0 0 0 0 0 5
	 4050 10425 4050 9825 4350 9825 4350 10425 4050 10425
2 2 0 1 -1 -1 0 0 3 0.000 0 0 0 0 0 5
	 4350 10125 4350 9525 4650 9525 4650 10125 4350 10125
2 2 0 1 -1 -1 0 0 3 0.000 0 0 0 0 0 5
	 4050 9825 4050 9225 4350 9225 4350 9825 4050 9825
2 2 0 1 -1 -1 0 0 3 0.000 0 0 0 0 0 5
	 4650 9825 4650 9225 4950 9225 4950 9825 4650 9825
2 2 0 1 -1 -1 0 0 3 0.000 0 0 0 0 0 5
	 4950 9525 4950 8925 5250 8925 5250 9525 4950 9525
2 2 0 1 -1 -1 0 0 3 0.000 0 0 0 0 0 5
	 5250 9225 5250 8625 5550 8625 5550 9225 5250 9225
2 2 0 1 -1 -1 0 0 3 0.000 0 0 0 0 0 5
	 5250 8625 5250 8025 5550 8025 5550 8625 5250 8625
2 2 0 1 -1 -1 0 0 3 0.000 0 0 0 0 0 5
	 4950 8925 4950 8325 5250 8325 5250 8925 4950 8925
2 2 0 12-1 -1 0 0 3 0.000 0 0 0 0 0 5
	 4950 8325 4950 7725 5250 7725 5250 8325 4950 8325
2 2 0 1 -1 -1 0 0 3 0.000 0 0 0 0 0 5
	 4650 9225 4650 8625 4950 8625 4950 9225 4650 9225
2 2 0 1 -1 -1 0 0 3 0.000 0 0 0 0 0 5
	 4350 9525 4350 8925 4650 8925 4650 9525 4350 9525
2 2 0 1 -1 -1 0 0 3 0.000 0 0 0 0 0 5
	 4050 9225 4050 8625 4350 8625 4350 9225 4050 9225
2 2 0 1 -1 -1 0 0 3 0.000 0 0 0 0 0 5
	 4350 8925 4350 8325 4650 8325 4650 8925 4350 8925
2 2 0 1 -1 -1 0 0 3 0.000 0 0 0 0 0 5
	 4650 8625 4650 8025 4950 8025 4950 8625 4650 8625
2 2 0 1 -1 -1 0 0 3 0.000 0 0 0 0 0 5
	 5250 10425 5250 9825 5550 9825 5550 10425 5250 10425
2 2 0 1 -1 -1 0 0 3 0.000 0 0 0 0 0 5
	 4350 8325 4350 7725 4650 7725 4650 8325 4350 8325
2 2 0 1 -1 -1 0 0 3 0.000 0 0 0 0 0 5
	 4050 8625 4050 8025 4350 8025 4350 8625 4050 8625
2 3 0 1 -1 -1 060 3 0.000 0 0 0 0 0 5
	 3375 9600 4050 9600 4050 10125 3420 10125 3375 9600
2 3 0 1 -1 -1 0 0 3 0.000 0 0 0 0 0 5
	 4050 9000 4050 9525 3360 9525 3270 9000 4050 9000
2 3 0 1 -1 -1 0 0 3 0.000 0 0 0 0 0 5
	 4050 8400 4050 8925 3255 8925 3105 8400 4050 8400
2 3 0 1 -1 -1 0 0 3 0.000 0 0 0 0 0 5
	 2925 7800 4050 7800 4050 8325 3075 8325 2925 7800
2 3 0 1 -1 -1 0 0 3 0.000 0 0 0 0 0 17
	 2850 7500 2850 7725 4050 7725 4050 8025 4350 8025 4350 7725
	 4650 7725 4650 8025 4950 8025 4950 7725 5250 7725 5250 8025
	 5550 8025 5550 7725 6750 7725 6750 7500 2850 7500
2 1 0 3 -1 -1 0 0 -1 0.000 0 0 0 0 0 2
	 3015 6495 3075 6495
2 1 0 1 -1 -1 0 0 :0 0.000 0 0 0 0 0 2
	 3015 6600 3015 6495
2 1 0 1 -1 -1 0 0 -1 0.000 0 0 0 0 0 4
	 3675 6600 3705 6570 3735 6465 3780 6450
2 1 0 1 -1 -1 0 0 -1 0.000 0 0 0 0 0 4
	 3900 6600 3870 6570 3840 6465 3795 6450
2 1 0 1 -1 -1 0 0 -1 0.000 0 0 0 0 0 2
	 3675 6600 3885 6600
2 1 0 2 -1 -1 0 0 -1 0.000 0 0 0 0 0 2
	 3795 6450 3795 6420
2 4 0 2 -1 7 18 0 20 0.000 0 0 8 0 0 5
	 2700 3750 2700 6825 6900 6825 6900 3750 2700 3750
2 4 0 1 -1 7 17 0 20 0.000 0 0 7 0 0 5
	 2775 3825 2775 6225 4500 6225 4500 3825 2775 3825
2 4 0 1 -1 7 17 0 20 0.000 0 0 7 0 0 5
	 4500 3825 4500 6225 6825 6225 6825 3825 4500 3825
2 4 0 1 -1 7 20 0 20 0.000 0 0 5 0 0 5
	 2220 6300 2220 6600 2400 6600 2400 6300 2220 6300
2 2 0 1  3 0 10 0 20 0.000 0 0 0 0 0 5
	 2280 3885 2280 4200 2400 4200 2400 3885 2280 3885
2 4 0 1 -1 7 20 0 20 0.000 0 0 5 0 0 5
	 7200 3900 7200 4200 7380 4200 7380 3900 7200 3900
2 4 0 1 -1 7 20 0 20 0.000 0 0 5 0 0 5
	 7200 6300 7200 6600 7380 6600 7380 6300 7200 6300
2 3 0 2 -1 32 18 0 20 0.000 0 0 0 0 0 7
	 2850 3225 2700 3525 2775 3675 6825 3675 6900 3525 6750 3225
	 2850 3225
2 3 0 2 -1 33 19 0 20 0.000 0 0 0 0 0 9
	 2775 3150 2550 3600 2550 6900 2775 7350 6825 7350 7050 6900
	 7050 3600 6825 3150 2775 3150
2 3 0 3 -1 34 20 0 20 0.000 0 0 0 0 0 9
	 2700 3000 2400 3600 2400 6900 2700 7500 6900 7500 7200 6900
	 7200 3600 6900 3000 2700 3000
4 0 -1 0 0 18 14 0.0000 4 165 345 4800 4350 AM\001
4 1 -1 0 0 18 18 0.0000 4 210 900 3285 3555 CASIO\001
4 1 -1 0 0 18 14 0.00-1 0 0 65 480 5910 6645 TMR\001
4 1 -1 0 0 18 14 0.0000 4 165 600 5220 6645 DUAL\001
4 1 -1 0 0 18 14 0.0000 4 165 465 4530 6645 ALM\001
