#FIG 3.00.00500 4920 7920 4995 7980 5055 79055 
5 1320
60
550 3750
3 2 0 9 5 7 0 0 -1 0 0 1 1 4
	3 1 4.40.00.00
	2 1 6.60.00.035 
5 1 0 0 -1 0 0 1 0 0 3900 6500 3990 6855 3930 6900 3990 6960
5 1 0 1 -1 -1 0 0 -1 0 0 0 0 0ﹽ675 412raft\001
4 0 -1 0 0 0 12 00 0 180 2520 6675 4contact: ph 6900 4440 6960
5 1 0 1 -5
5 1 0 1 -1 -1 0 0 -1 0 0 0 0 0 4570 7195 4635 7290 4620 7380 4560 7395
5 1 0 1 -1 -1 0 0 -1 0 0 0 0 0 3645 9239 3705 9225 3690 9300 3630 915
6 345 1470 3825 2700
5 39 3705 9225 3690 9300 3630 9315
6 345 1470 3825 2700
5 1 0 1 -1 -1 0 0 -1 0.0000 1 0 0 477.495 1602.495 480 1500 405 1530 0 -1 0L000 0 0 -1 0 0 2
	575 4170 5355
5 1 0 1 -1 -1 0 0 -1 0 0 1 0 0 3250 4625 3225 4847 3180 4875 3150 4935
2 1 -1 -1 0 0 -1 0 0 0 -1 0 0 2
	 40950 0 -1 0.000 0 0 -1 0 0 2
	 3165 4935 3165 5355
2 1 0 1 -1 -1 0 0 -1 0 0 