#FIG 2.2
La2-0
50
5 69605 1 0 1 -1 -1 0 0 -1 0 0 0 0 0 7970 6340 7995 6225 8070 6300 80675 401
4 0 -1 0 0 0 12 00 0 180 2520 6600 2325 25
27
	 
	 6
2 10 2
0
2 
	 300
22
	 525
4375
5
	 5
2
75
2
	 4
2 
5
	 0
2
100
5
	 500
5
	 
2 3 5
2
2 3 5
	00
2
	 5
2 3 5
	00
2
	 5
2 2 5
	5
2
25
2
	 4R\00q
41 0 0 18 14 00 0 0 0 0 0 5
	 
2 2 5
	25
2
	 4
2 2 5
	25
2
	 5
2 2 5
	25
2
	 4
2 2 5
(7185
2 1
25
2
	 4
2 2 5
	25
2
	 4
2 2 5
	25
2
	 4
2 2 5
	5
2 0 5
325
5
	 5
2 0 5
0
2 0 5
000
5ﭦ	 0
2 0 5
800
17
	7725
	 425
	00
22
	 495
 2
	 301
2 10 4
0
2 
	 350
22
	 600
 2
	6420
2 40 5
750
 5
	25
25
	 5
2 	 2
2 20 5
885
 5
	00
25
	 0
2 7
	 225
225
0 95
2 0 5
0
2 0 5
000
5
	 0
2 0 5
800
17
	7725
	 425
	00
22
	 495
 2
	 301
2 10 4
0
2 
	 350
22
	 600
 2
	6420
2 40 5
750
 5
	25
25
	 5
2 
	 2
2 20 5
885
 5
	00
25
	 0
2 7
	 225
225
0 9
 2
	6840
2 1
	 475
2 2
	00
2
	 470
2 2
	7185
2 1
	 365
2 2
	 409
2 1
	 475
2 2
	7395
2 1
	 305
2
2 1
	 535
22
	 970
0 2
0
2 2
	 450
0 2
5
2 2
	 5
2 2
	 85
2 2
	00
2 2
	 802
2 1
	 415
2 2
	633 0 0 0 2
	 6360 3960 6555 3960
20 0 2
	 6570 4320 654675 412
4 0 -1 0 0 0 12 00 0 180 2520 6675 4 ph960
95
50


5
2  2
	 409
2 1
5
2 2
	7395
2 1
5
2 2
	 466
2 1
5
2 2
	8970
2 1
0
2r
	 373
2 1
5
2 2
	85
2 2
	185
 0 
4ks\001
4 0 -1 0 0 0 12 00 0 165 2265 6675 45d}\001
