#FIG 3.2
Landscape
Center
Inches
Letter 
100.00
Single
-2
# The lan
1200 2
5 1 0 1 -1 -1 0 0 -1 0.000 0 1 0 0 1597.500 6202.500 825 6150 1050 6750 1650 6975
5 1 0 1 -1 -1 0 0 -1 0.000 0 0 0 0 0 6367.500 11025 6375 11250 5775 11925 5475
5 1 0 1 -1 -1 0 0 -1 0.000 0 0 0 0 5853.210 4653.210 6060 4635 6000 4800 5835 4860
5 1 0 1 -1 -1 0 0 -1 0.000 0 1 0 0 7050.000 1875.000 6525 1800 6675 2250 7125 2400
5 1 0 1 -1 -1 0 0 -1 0.000 0 0 0 0 9000.000 1875.000 9525 1800 9375 2250 8925 2400
5 1 0 1 -1 -1 0 0 -1 0.000 0 0 0 0 6277.500 4777.500 7050 4725 6825 5325 6225 5550
5 1 0 1 -1 -1 0 0 -1 0.000 0 1 0 0 2460.000 5490 105 105 4635 4545 4710 4620
1 3 0 1 -1 -1 0 0 -1 0.000 1 0.0000 5025 4545 75 75 5025 4545 5100 4545
1 3 0 1 -1 -1 0 0 -1 0.000 1 0.0000 5025 4800 105 105 5025 4800 5100 4875
1 3 0 1 -1 -1 0 0 -1 0.000 1 0.0000 4635 4800 75 75 4635 4800 4710 4800
1 2 0 1 -1 -1 0 0 -1 0.000 0 0.0000 8430 1830 165 225 8295 2085 8595 1605
1 3 0 1 -1 -1 0 0 -1 0.000 1 0.0000 4125 4500 150 150 4125 4500 4275 4500
2 2 0 1 -1 -1 0 0 -1 0.000 0 0 0 0 0 5
	 6225 5625 6525 5625 6525 7500 6225 7500 6225 5625
2 4 0 1 -1 -1 0 0 -1 0.000 0 0 3 0 0 5
	 4425 4350 4425 5025 5250 5025 5250 4350 4425 4350
2 1 0 1 -1 -1 0 0 -1 0.000 0 0 0 0 0 2
	 300 3450 450 3450
2 1 0 1 -1 -1 0 0 -1 0.000 0 0 0 0 0 2
	 300 5550 450 5550
2 1 0 1 -1 -1 0 0 -1 0.000 0 0 0 0 0 2
	 300 4350 450 4350
2 1 0 1 -1 -1 0 0 -1 0.000 0 0 0 0 0 2
	 300 4650 450 4650
2 1 0 1 -1 -1 0 0 -1 0.000 0 0 0 0 0 2
	 375 3450 375 4350
2 1 0 1 -1 -1 0 0 -1 0.000 0 0 0 0 0 2
	 375 4650 375 5550
2 1 0 2 -1 -1 0 0 -1 0.000 0 0 0 0 0 2
	 1650 6150 1650 6975
2 1 0 1 -1 -1 0 0 -1 0.000 0 0 0 0 0 2
	 8295 1695 8295 1560
2 1 0 1 -1 -1 0 0 -1 0.000 0 0 0 0 0 2
	 8565 1695 8565 1560
2 4 0 1 -1 -1 0 0 -1 0.000 0 0 3 0 0 5
	 8235 1560 8235 1380 8625 1380 8625 1560 8235 1560
2 3 0 1 -1 -1 0 0 -1 0.000 0 0 0 0 0 21
	 11925 6375 11925 7500 6225 7500 6225 5550 6075 5550 6075 7500
	 3825 7500 3825 6750 3675 6750 3675 7500 2400 7500 2400 5550
	 2250 5550 2250 6000 1650 6000 1650 6150 2250 6150 2250 7650
	 12075 7650 12075 6375 11925 6375
2 1 0 1 -1 -1 0 0 -1 0.000 0 0 0 0 0 2
	 11400 7500 400 7575
2 1 0 1 -1 -1 0 0 -1 0.000 0 0 0 0 0 4
	 9825 7650 9825 8100 8325 8100 5 7650
2 1 0 1 -1 -1 0 0 -1 0.000 0 0 0 0 0 2
	 5 7575 7875 7575
2 1 0 1 -1 -1 0 0 -1 0.000 0 0 0 0 0 2
	 4725 7 5625 7650
2 1 0 1 -1 -1 0 0 -1 0.000 0 0 0 0 0 2
	 4725 7575 5625 7575
2 1 0 1 -1 -1 0 0 -1 0.000 0 0 0 0 0 4
	 3825 6900 5550 6900 5550 5550 6075 5550
2 4 0 1 -1 -1 0 0 -1 0.000 0 0 3 0 0 5
	 4650 6975 4650 7425 5475 7425 5475 6975 4650 6975
2 1 0 1 -1 -1 0 0 -1 0.000 0 0 0 0 0 3
	 3825 7050 4275 7050 4275 7500
2 1 0 1 -1 -1 0 0 -1 0.000 0 0 0 0 0 2
	 5700 5550 5700 7500
2 1 0 1 -1 -1 0 0 -1 0.000 0 0 0 0 0 2
	 12000 1950 12000 3150
2 1 0 1 -1 -1 0 0 -1 0.000 0 0 0 0 0 2
	 11925 3150 12075 3150
2 1 0 1 -1 -1 0 0 -1 0.000 0 0 0 0 0 2
	 11925 1950 12075 1950
2 1 0 1 -1 -1 0 0 -1 0.000 0 0 0 0 0 2
	 9225 1275 10050 1275
2 1 0 1 -1 -1 0 0 -1 0.000 0 0 0 0 0 2
	 10050 1200 10050 1350
2 1 0 1 -1 -1 0 0 -1 0.000 0 0 0 0 0 2
	 9225 1200 9225 1350
2 1 0 1 -1 -1 0 0 -1 0.000 0 0 0 0 0 2
	 7950 1275 8475 1275
2 1 0 1 -1 -1 0 0 -1 0.000 0 0 0 0 0 2
	 8475 1200 8475 1350
2 1 0 1 -1 -1 0 0 -1 0.000 0 0 0 0 0 2
	 7950 1200 7950 1350
2 1 0 1 -1 -1 0 0 -1 0.000 0 0 0 0 0 2
	 6000 1275 6825 1275
2 1 0 1 -1 -1 0 0 -1 0.000 0 0 0 0 0 2
	 6000 1350 6000 1200
2 1 0 1 -1 -1 0 0 -1 0.000 0 0 0 0 0 2
	 6825 1200 6825 1350
2 1 0 1 -1 -1 0 0 -1 0.000 0 0 0 0 0 2
	 3975 1575 3975 2475
2 1 0 1 -1 -1 0 0 -1 0.000 0 0 0 0 0 2
	 3900 1575 4050 1575
2 1 0 1 -1 -1 0 0 -1 0.000 0 0 0 0 0 2
	 3900 2475 4050 2475
2 1 0 2 -1 -1 0 0 -1 0.000 0 0 0 0 0 2
	 5850 4650 5850 4875
2 1 0 2 -1 -1 0 0 -1 0.000 0 0 0 0 0 2
	 6525 1800 7125 1800
2 3 0 1 -1 -1 0 0 -1 0.000 0 0 0 0 0 29
	 7125 2400 7275 2400 7275 3150 8775 3150 8775 2400 8925 2400
	 8925 3375 8775 3375 8775 3300 8100 3300 8100 4125 8775 4125
	 8775 4050 8925 4050 8925 4125 9000 4125 9000 4275 7050 4275
	 7050 4125 7125 4125 7125 4050 7275 4050 7275 4125 7950 4125
	 7950 3300 7275 3300 7275 3375 7125 3375 7125 2400
2 1 0 1 -1 -1 0 0 -1 0.000 0 0 0 0 0 2
	 7275 2400 8775 2400
2 3 0 1 -1 -1 0 0 -1 0.000 0 0 0 0 0 47
	 11925 1350 892525 1800 8775 1800 8775 1350 7275 1350
	 7275 1800 7125  7125 1350 4050 1350 4050 4125 6225 4125
	 6225 4725 6075 4725 6075 4275 5400 4275 5400 4575 5850 4575
	 5850 4650 5325 4650 5325 4275 3900 4275 3900 4650 3750 4650
	 3750 4050 2400 4050 2400 4725 2250 4725 2250 3900 3900 3900
	 3900 2700 450 2700 450 6000 825 6000 825 6150 300 6150
	 300 2550 3900 2550 3900 1200 12075 1200 12075 5475 11925 5475
	 11925 4275 9825 4275 9825 4125 11925 4125 11925 1350
2 4 0 1 -1 -1 0 0 -1 0.000 0 0 6 0 0 5
	 7350 1425
2 4