#FIG 3.2
Lanpe
Center
In
Letter 
100
5 10
5 
5 1412
4 0 -1 0 0 0 12 00 0 180 2520 6675 5 38
2 1
6 35
2 2
	 
2 1
	 3
-1 0 0 -1 0 0 0 0 0 7970 6340 7995 6225 8070 6300 8 412
4 0 -1 0 0 0 12 0.0000ﺟ0 180 2520 6677 5
5 
6 30
5
6 355
35
2 2
	4830
2 1
	 555
2 2
	 532
2 1
	 415
2 2
	5070
-6
90
12
 500
0 2
0
2 
	 24*5
0 2
0
2,2
	 N 2
	 414
2 1
	





















 465
2 2
	9045
2 1
	 645
2 2
	 622
2 1
	 655J2 2
	9285
2 1
	 640
2 2
	 619
2 1 2
	0

	 680
2 2
	9480
2 1
	 270
2 2
	 382
2 1
	 300
2 2
	0
2 2
	 450
0 2
	 42
2 1
	 4
20 20
 0 3900 6500 3990 6855 3930 6900 3990 6960
5 1 0 1 B1 -1 0 0 -1 0 0 0 0 0 7970 	 265
2 2
	772ﺑ
 16 0 3440 7900 3510 7920 3435  -1 0 20
 0 3900 6500 3990 6855 3930 6900 3990 6960
5 1 0 1 B1 -1 0 0 -1 0 0 0 0 0 7970 6340 7995 6225 8070 6300 8 412
4 0 -1 0 0 0 12 0.0000 0 180 2520 6675 5
5 
6 30
5 0 2
	 38
2 1
	 30
2 0 2
2325
2 1
	 40
2 2
	 700
0 2
2700
2 1
	 300
2 2
	00
2 2
	00
-6
6 5
3 
	 45
	 0
3 
	 45
	 0
-6
6 35
2 2
	 
2 1
	 3
2 1
	 3
-6
465
 3
	465
000
 3
	465
000
-6
6185
0 2
585
 0 2
	 45
-6
6 355
55
2 2
	 830
0 2
5
2 2
	 350
5 1 0 1 B1 -1 0 0 -1 0 0 0 0 0 7970 6340 7995 6225 8070 6300 8 412
4 0 -1 0 0 0 12 0.0000ﺟ0 180 2520 6675 5
5 
6 30
5
6 355
35
2 2
	4830
2 1
	 555
2 2
	 532
2 1
	 415
2 2
	5070
-6
90
12
 5000 2
0
2 
	 24*5
0 2
0
2,2
	 N 2
	2 1
	 3
-6
465
 3
	465
000
 3
	465
000
-6
6185
0 2
585
 0 2
	 45
-6
6 355
55
2 2
	 830
0 2
5
2 2
	 355
0 2
 5
2 2er
In
Letter 
100.2222222
5 1 0 1 -1 -1 ( 0 -1 0 0 0 0	 30
2 0 2
2325
2 1
	 40
2 2
	 700
0 2
2700
2 1
	 300
2 2
	00
2 2
	00
-6
6 5
3 
	 45
	 0
3 
	 45
	 0
-6
6 35
2 2
	 
2 1
	 3
2 1
	 3
-6
465
 3
	465
000
 3
	465
000
-6
6185
0 2
585
 0 2
	 45
-6
6 355
55
2 2
	 830
0 2
5
2 2
	 350
5 1 0 1 B1 -1 0 0 -1 0 0 0 0 0 7970 6340 7995 6225 8070 6300 8 412
4 0 -1 0 0 0 12 0.0000ﺟ0 180 2520 6675 5
5 
6 30
5
6 355
35
2 2
	4830
2 1
	 555
2 2
	 532
2 1
	 415
2 2
	5070
-6
90
12
 500
0 2
0
2 
	 24*5
0 2
0
2,2
	 N 2
	 414
2 1
	





















 465
2 2
	9045
2 1
	 645
2 2
	 622
2 1
	 655J2 2
	9285
2 1
	 640
2 2
	 619
2 1 2
	0

	 680
2 2
	9480
2 1
	 270
2 2
	 382
2 1
	 300
2 2
	0
2 2
	 450
0 2
	 42
2 1
	 4
20 20
 0 3900 6500 3990 6855 3930 6900 3990 6960
5 1 0 1 B1 -1 0 0 -1 0 0 0 0 0 7970 	 265
2 2
	772ﺑ
 16 0 3440 7900 3510 7920 3435  -1 0 20
 0 3900 6500 3990 6855 3930 6900 3990 6960
5 1 0 1 B1 -1 0 0 -1 0 0 0 0 0 7970 6340 7995 6225 8070 6300 8 412
4 0 -1 0 0 0 12 0.0000 0 180 2520 6675 5
5 
6 30
5 0 2
	 38
2 1
	 30
2 0 2
2325
2 1
	 40
2 2
	 700
0 2
2700
2 1
	 300
2 2
	00
2 2
	00
-6
6 5
3 
	 45
	 0
3 
	 45
	 0
-6
6 35
2 2
	 
2 1
	 3
2 1
	 3
-6
465
 3
	465
000
 3
	465
000
-6
6185
0 2
585
 0 2
	 45
-6
6 355
55
2 2
	 830
0 2
5
2 2
	 350
5 1 0 1 B1 -1 0 0 -1 0 0 0 0 0 7970 6340 7995 6225 8070 6300 8 412
4 0 -1 0 0 0 12 0.0000ﺟ0 180 2520 6675 5
5 
6 30
5
6 355
35
2 2
	4830
2 1
	 555
2 2
	 532
2 1
	 415
2 2
	5070
-6
90
12
 500
0 2
0
2 
	 24*5
0 2
0
2,2
	 N 2
	 414
2 1
	





















 465
2 2
	9045
2 1
	 645
2 2
	 622
2 1
	 655J2 2
	9285
2 1
	 640
2 2
	 619
2 1 2
	0

	 680
2 2
	9480
2 1
	 270
2 2
	 382
2 1
	 300
2 2
	0
2 2
	 450
0 2
	 42
2 1
	 4
20 20
 0 3900 6500 3990 6855 3930 6900 3990 6960
5 1 0 1 B1 -1 0 0 -1.0 0 0 0 0 7970 	 265
2 2
	772ﺑ
 16\001