#FIG 3.2
Lanpe
Center
In
Lettef 
100.00
le
-2
# 
1200 2
5 1 0 7 26 7 0 0 -1 0 0  0 0 -1 0 0 0 0 35 7980 3375 7905
5 1 0 1 -1
5 1 0 1 -1 -1 0 0 -1 0 0 1 0 0 3917..495 3840 7230 3870 7305 3930 7320
5 1 0 1 -1 -1 0 0 -1 0 0 1 0 0 3900 6500 3990 6855 3930 6900 3990 6960
5 1 0 1 -1 -1 0 0 -1 0 0 0 0 0 7970 6340 7995 6225 8070 6300 80675 412
4 0 -1 0 0 0 12 00 0 180 2520 6675 4 p
190
\001
4 1 -1 0 0 18 1 0 0 0 0 0 5
	 
2 2 5
	25
2
	 4
2 2 5
( ph 60
55
5090
\001
4 1 -1 0 0 18 1 0 0 0 0 0 5
	 
2
	25
2
	 4
2
(25
2 5
2 2 5
	5
2 0 5
25
2
	 4R\001
4 1 -1 0 0 18 14 00 0 0 0 0 0  5
(25
2
	 4
2 2 5
	25
2
	 4
	 4 4
2
	77da\001