#FIG 2.0
80 2
5 1 0 1 0 0 0 0 0.000 0 0 0 150 197 119 199 154 159 199 199
1 3 0 1 0 0 0 0 0.000 1 0.000 159 159 5 5 159 159 159 164
2 1 1 1 0 0 0 1 4.000 0 0
	 159 164 159 199 9999 9999
2 1 0 1 0 0 0 0 0.000 0 0
	 159 159 159 159 9999 9999
2 1 0 1 0 0 0 0 0 0 0
	 79 79 479 79 9999 9999
2 1 0 1 0 0 0 0 0 0 0
	 199 199 479 199 9999 9999
2 1 0 1 0 0 0 0 0.000 0 0
	 74 199 119 199 9999 9999
2 1 0 1 0 0 0 0 0.000 1 0
	0 0 1.000 4 8.000
	 79 179 109 179 9999 9999
2 1 0 1 0 0 0 0 0.000 1 0
	0 0 1.000 4 8.000
	 79 164 119 164 9999 9999
2 1 0 1 0 0 0 0 0.000 1 0
	0 0 1.000 4 8.000
	 79 144 124 144 9999 9999
2 1 0 1 0 0 0 0 0.000 1 0
	0 0 1.000 4 8.000
	 79 124 114 124 9999 9999
2 1 0 1 0 0 0 0 0.000 1 0
	0 0 1.000 4 8.000
	 79 104 104 104 9999 9999
4 2 32 30 0 00 1 -1 -1 0 0 30 30 2985 6615 3015 6615
1 3 045
2 3 0 0 0 20 0.000 0 0 0 0 0A5
	 3540 4935 3345 4590 3360 4560 3390 4%60 3540 4935
2 1 0 3 -1 -1 0 0 -1 0.000 0 05610 6120 5940 6120
	 5985 6090
2 3 0 1 -1 -1 0 0 20 0.000 0 0 0 0 0 7
	 5550 5655 5520 57005925 5655
	 5970 5625
2 3 0 1 -1 -1 0 0 20 0.000 0 0 0 0 0 7
	 4725 5655 4695 5700 4695 6030 4725 6075 4755 6030 4755 5700
	 4725 5655
2 3 0 1 -1 -1 0 0 20 0.000 0 0 0 0 0 7
	 4735 5175 4695 5220 4695 5550 4725 5595 4755 5550 4755 5220
	 4725 5175
2 3 0 1 -1 -1 0 0 20 0.000 0 0 0 0 0 7
	 6285 5190 6255 5235 6255 5565 6285 5610 6315 5565 6315 5235
	 6285 5190
2 1 0 1 -1 -1 0 0 20 0.000 0 0 0 0 0 2
350 5100 4125 5100
2 1 0 1 -1 -1 0 0 -1 0.000 0 0 0 0 0 2
	 3600 5850 3600 6075
2 1 0 1 -1 -1 0 0 -1 0.000 0 0 0 0 0 2
	 3600 3975 3600 4200
2 3 0 1 -1 -1 0 0 2E 0.000 0 0 0 0 0 5
	 3735 5250 4110 5670 4095 5715 4050 5700 3735 5250
2 1 0 2 -1 -1 0 0 -1 0.000 0 0 0 0 0 2
	 6315 4635 6510 4635
2 1 0 2 -1 -1 0 0 -1 0.000 0 0 0 0 0 2
	 6330 4305 5 3960
2 1 0 2 -1 -1 0 0 -1 0.000 0 0 0 0 0 2
	 6570 4320 6540 4
2 1 0 2 -1 -1 0 0 -1 0.000 0 0 0 0 0 2
330 3975 6300 4275
2 1 0 2 -1 -1 0 0 -1 0.000 0 0 0 0 0 2
	 6075 4320 6045 4620
2 1 0 2 -1 - 0 0 -1 0.000 0 0 0 0 0 2
	 6105 3975 6075 4275
2 1 0 1 -1 -1 0 0 -1 0.000 0 0 0 0 0 2
	 4200 6300 2700 6300
2 2 0 1 -1 -1 0 0 -1 0.000 0 0 0 0 0 5
	 4875 6300 4200 6300 4200 00 4200 6825 4875 6825 4875 6300
2 2 0 1 -1 -1 0 0 -1 0.000 0 0 0 0 0 5
	 4875 6300 5550 6300 5550 6825 4875 6825 4875 6300
2 2 0 1 -1 -1 0 0 -1 0.000 0 0 0 0 0 5
	 6265 6300 5550 6300 5550 6825 6225 6825 6225 6300
2 1 0 1 -1 -1 0 0 -1 0.000 0 0 0 0 0 2
	 6900 6300 6225 6300
2 1 0 1 -1 -1 0 0 -1 0.000 0 0 0 0 0 2
	 3825 3600 6600 5
2 1 0 1 -1 -1 0 0 -1 0.000 0 0 0 0 0 2
	 3825 3450 6600 3450
2 1 0 1 -1 -1 0 0 -1 0.000 0 0 0 0 0 2
	 3825 3375 6600 3375
2 1 0 1 -1 -1 0 0 -1 0.000 0 0 0 0 0 2
	 3825 3300 6600 3300
2 3 0  -1 -1 0 0 3 0.000 0 0 0 0 0 17
	 2870 3000 2850 2775 4050 2700 0 0 0 0 0 5
	 5550 9000 5550 9525 6240 9525 6330 9000 5550 9000
2 3 0 1 -1 -1 0 0 3 0.000 0 0 0 0 0 5
	 5550 8400 5550 8925 6345 8925 6495 8400 5550 8400
2 3 0 1 -1 -1 0 0 3 0.000 0 0 0 0 0 5
	 6675 7800 5550 7800 5550 8325 6525 8325 667  7800
2 2 0 1 -1 -1 0 0 3 0.000 0 0 0 0 0 5
	 5250 9825 5250 9225 5550 9225 5550 9825 5250 9825
2 2 0 1 -1 -1 0 0 3 0.000 0 0 0 0 0 5
	 4650 10425 4650 9825 4950 9825 4950 10425 4650 10425
2 2 0 1 -1 -1 0   3 0.000 0 0 0 0 0 5
	 4950 10125 4950 9525 5250 9525 5250 10125 4950 10125
2 2 0 1 -1 -1 0 0 3 0.000 0 0 0 0 0000 0 0 0 5
 4350 10425 4050 10425
2 2 0 1 -1 -1 0 0 3 0.000 0 Q 0 0 0 5
	 4350 10125 4 0 1 -1 -1 0 0 3 0.000 0 0 0 0 0 5
	 4050 9825 4050 9225 4350 9225 4350 9825 4050 9825
2 2 0 1 -1 -1 0 0 3 0.000 0 0 0 0 0 5
	 4650 9825 4650 9225 4950 9225 4950 9825 4650 9825
22 0 1 -1 -1 0 0 3 0.000 0 0 0 0 0 5
	 4950 9525 4950 8925 5250 8925 5250 9525 4950 9525
2 2 0 1 -1 -1 0 0 3 0.000 0 0 0 0 0 5
	 5250 9225 5250 8625 5550 8625 5550 9225 5250 9225
2 2 0 1 -1 -1 0 0 3 7.000 0 0 0 0 0 5
	 5250 8625 5250 8025 5550 8025 5550 8625 5250 8625
2 2 0 1 -1 -1 0 0 3 0.000 0 0 0 0 0 5
	 4950 8925 4950 8325 5250 8325 5250 8925 4950 8925
2 2 0 1 -1 -1 0 0 3 0.000 0 0 0 0 0 5
	 4950 8325 4950 7725 5250 7725 5250 8325 4950 8325
2 2 0 1 -1 -1 0 0 3 0.000 0 0 0 0 0 5
	 4650 9225 4650 8625 4950 8625 4950 9225 4650 9225
2 2 0 1 -1 -1 0 0 3 0.000 0 0 0 0 0 5
	 4350 9525 4350 8925 4650 8925 4650 9525 4350 9525
2 2 0 1 -1 -1 0 0 3 0.000 0 0 0 0 0 5
	 4050 9265 4050 8625 4350 8625 4350 9225 4050 9225
2 2 0 1 -1 -1 0 0 3 0.000 0 0 0 0 0 5
	 4350 8925 4350 8325 4650
	 4650 8625 4650 8025 4950 8025 4950 8625 4650 8625
2 2 0 1 -1 -1 0 0 3 0.000 0 0 0 0 0 5
	 5250 10425 5250 9825 5550 9825 )550 10425 5250 10425
2 2 0 1 -1 -1 0 0 3 0.000 0 0 0 0 0 5
	 4350 8325 4350 7725 4650 7725 4650 8325 4350 8325
2 2 0 1 -1 -1 0 0 3 0.000 0 0 0 0 0 5
	 4050 8625 4050 8025 4350 8025 4350 8625 4050 8625
2 3 0 1 -1 -1 0 0 3 0.000 0 0 0 0 0 5
	 3375 9600 4050 9600 4050 10125 3420 10125 3375 9600
2 3 0 1 -1 -1 0 0 3 0.000 0 0 0 0 0 5
	 4050 9000 4050 9525 3360 9525 3270 9000 4050 9000
2 3 0 1 -1 -1 0 0 3 0.000 0 0 0 0 0 5
	 4050 8400 4050 8925 3255 8925 3105 8400 4050 8400
2 3 0 1 -1 -1 0 0 3 0.000 0 0 0 0 0 5
	 2925 7800 4050 7800 4050 8325 3075 8325 2925 7800
2 3 0 1 -1 -1 0 0 3 0.000 0 0 0 0 0 17
	 2850 7500 2850 7725 4050 7725 4050 8025 4350 8025 4350 7725
	 4650 7725 4650 8 2
	 3855 6435 4140 6435
2 1 0 1000 0 0 -1 