#FIG 3.2
Lanpe
Center
In
Letter 
100.00
le
-2
# 
1200 2
5 1 0 7 26 7 0 0 -1 0 0 1 1 1 9111 6757 7050 6300 8025 8625 0 7350
	2 0 7.00.00 00
	1 0 7.00.00 00
2 2 0 3 0 7 0 0 -1 0.000 0 0 -1 0 0 5
	 5700 4425 8325 4425 8325 6300 5700 6300 5700 4425
2 1 0 8 4 7 0 0 -1 0 0 0 -1 0 1 2
	1 0 4.00.00 00
	0 5325 3225 5325
2 1 0 8 4 7 0 0 -1 0 0 0 -1 0 1 2
	2 0 5.00.00 00
	 7050 4425 7050 2325
2 1 0 16 1 7 0 0 -1 0.000 0 0 -1 1 1 3
	3 0 5.00.00.00
	2 1 5.00.00.00
75 2100 4125 2100 1650 3750
3 2 0 9 5 7 0 0 -1 0 0 1 1 4
	3 4.00.00.00
	