#FIG 2.05
6 2
#F 0
#
6 0 50 9 199
1 3 0 1 0 0 0 0 0.000 1 0.000 159 159 5 5 159 159 159 164
2 1 1 1 0 8 0 1 4.000 0 0
	 159 164 159 199 9999 9999
2 1 0 1 0 0 0 0 0.000 0 0
	 159 159 159 159 9999 9999
2 1 0 1 0 0 0 0 0 0 0
	 79 79 479 79 9999 9999
2 1 0 1 0 0 0 0 0 0 0
	 199 199 479 199 9999 9999
2 1 0 1 0 0 0 0 0.000 0 0
	 74 199 119 199 9999 9999
2 1 0 1 0 0 0 0 0.	0 000
	 79 179 109 179 9999 999 199 999999
2 1 0 1 0 0 0 0 0 1 0
	0 0 1 4 8
	 79 164 119 164 9999 9999
2 1 0 1 0 0 0 0 0 1 0
	0 0 1 4 8
	 79 144 124 144 9999 979 104 104 104 9999 9999
4 2 32 30 0 00 1 -1 -1 0 0 20 0.000 1 0.0000 29·················································√001
