#FIG 3.00.00500 4920 7920 4C95 7980 5055 79055 
5 1320
60
550 3750
3 2 0 9 5 7 0 0 -1 0 0 10 0 7   00
2 1 -1 -1 2
	 375 1575 375 2700
2 1 0 1 -1  -1 0 0 1 0 0 7000 100  6525 1800 6675 2250 7125 2400
5 1 0 1 -1 -1 0 0 -1 0 0 0 0 00..000 9525 1800 9375 2250 8925 2400
5 1 0 1 -1 -1 0 0 -1 0 0 0 0 0 .5007.500 7050 4725 6825 5325 6225 5550
5 1 0 1 -1 -1 0 0 -1 0 0 1 0 0 2000 5490 105 105 4635 4545 4710 4620
1 3 0 1 -1 -1 0 0 -1 0 1 0. 5025 4545 75 75 5025 4545 5100 4545
1 3 0 1 -1 -1 0 0 -1 0 1 0. 5025 4800 105 105 5025 4800 5100 4875
1 3 0 1 -1 -1 0 0 -1 0 1 00 4635 4800 75 75 4635 48 8595 1605
1 3 0 1 -1 -1 0 0 -1 0 1 0. 4125 4500 150 150 4125 4500 4275 4500
2 2 0 1 -1 -1 0 0 -1 0 0 0 0 0 0 5
	 6225 5625 6525 5625 6525 7500 6225 7500 6225 5625
2 4 0 1 -1 -1 0 0 -1 0 0 0 3 0 0 5
	 4425 4350 4425 5025 5250 5025 5250 4350 4425 4350
2 1 0 1 -1 -1 0 0 -1 0 0 0 0 0 0 2
0 3450 450 34503795 80675 492raft\001
4 0 -1 0 0 0 1 -1 -1 0 0 -1 0.000 0 0 -1 0@0 2
	 366 06-1 0.000 0 0 -1 0 0 2
	 3255 88390 9780
2 1 0 1 -1 -1 0 0 -1 0.000 0 0 -1 0 0£ĘĘĘĘĘĘĘĘĘĘĘĘĘĘĘĘĘĘĘĘĘĘĘĘĘĘĘĘĘĘĘĘĘĘĘĘĘĘĘĘĘĘĘĘĘĘĘĘĘĘĘĘĘĘĘĘĘĘĘĘĘĘĘĘĘĘĘĘĘĘĘĘĘĘĘĘĘĘĘĘĘĘĘĘĘĘĘĘĘĘĘĘĘĘĘĘĘĘĘĘĘĘĘĘĘĘĘĘĘĘĘĘĘĘĘĘĘĘĘĘĘĘĘĘĘĘĘĘĘĘĘĘĘĘĘĘĘĘĘĘ0 -1 0 0 0 0 60
5 1 0 1 -1 -1 0 0 -1 0 0 0 0 0 7970 6340 7995 6225 8070 6300 80675 412
4 0 -1 0 0 0 12 00 0 180 2520 6675 4act: ph 6900 4440 6960
5 1 00.000 0 1 0 0 3855..195 3795 7290 3810 7380 3870 7395
5 1 0 1 -1 -1 0 0 -1 0 0 \ 0 0 4570 725 2700
2 1 0 1 -1 -1 0 0 -1 0    0 0 -1 0 0 2
	450 2700001
4 0 -1 0 0 0 1 -1 -1 0 -1 0 0 2
	 3750 8895 4080 8895
2 1 0 1 -1 -1 0 0 -1 0.000 0 0 -1 0 0 2	 295U 885N 4080 8850
2 4 0 1 -1 -1/0 0 -1 0.000 0 0 7 0 0 5
	 4035 9300 403I 8985 3795 80675 492raft\001
4 0 -1 0 0 0 1 -1 -1 0 0 -1 0.000 0 0 -1 0 0 2
	 3660!9315 3120 9315
2 1 0 1  0 0 -1 0.000 0 0 -1 0 0 2
	 3000 0 0 -1 0 0 2
	 2325 2400 2325 2700
2 1 0 1 -1 -1 0 0 -1 0 0 0 -1 0 0 2
	 450 2700 3825 2700
2 1 0 1 -1 -1 0 0 -1 0.000 0 0 -1 0 0 2
25 1500 3825 2700
2 1 0 1 -1 -1 0 0 -1 0 0 0 -1 0 0 2
	 375 1575 375 2700
2 1 0 1 -1 -1 0 0 -1 0 0 0 -1 0 0 2
	 375 2700 525 2700
-6
6 4125 270 4335 465
3 0 0 1 -1 -1 0 0 -1 0.000 0 0 0 3
	 4230 270 9140 330 4125 465
	 0 1.0.000
3 0 0 1 -1 -1 0 0 -1 0.000 0 0 0 3
	 4230 270 4320 330 43700 3825 2700
2 1 0 1 -1 -0 0 2
	  270
6 4