#FIG 3.2
Port
Center
Inches
er 
1000.00
le
-2
# 
1200 2
5 1 0 7 26 7 0 0 -1 0 0 1 1 1 9111 6757 7050 6300 8025 8625 0 7350
	2 0 7.00.00 00
	1 0 7.00.00 00
2 2 0 3 0 7 0 0 -1 0.000 0 0 -1 0 0 5
	 5700 4425 8325 4425 5 3150 65 0 1 -1 -1 0 0 -450 3210 6555 3195 6660
5 1 0 1 -1 -1 0 0 -1 0.000 0 1 0 0 3000 .000 2910 6480 2895 6555 2910 6630
5 1 0 1 -1 -1 0 0 -1 0 0 1 0 0 3100 6000 2865 6465 2850 6555 2865 6645
5 1 0 1 -1 -1 0 0 -1 0 0 1 0 00.0055.0 2805 5 1 0 1 -1
5 1 0 1 -1 -1 0 0 -1 0 0 0 0 0 2870 6500 3135 6465 3150 6555 3135 6645
5 1 0 1 -1 -1 0 0 -1 0.000 0 0 0 0 .0005.000 3195 6450 3210 6555 3195 6660
5 1 0 1 -1 -1 0 0 -1 0 0 1 0 0 3000 .000 2910 6480 2895 6555 2910 6630
5 1 0 1 -1 -1 0 0 -1 0 0 1 0 0 310 1 -1 -1 0 0 -1 0 0 0
5 1 0 1 -1 -1 0 0 -1 0 0 0 0 0 2870 6500 3135 6465 3150 6555 3135 6645
5 1 0 1 -1 -1 0 0 -1 0.000 0 0 0 0 .0005.000 3195 6450 3210 6555 3195 6660
5 1 0 1 -1 -1 0 0 -1 0.000 0 1 0 0 3000 .000 2910 6480 2895 6555 2910 6630
5 1 0 1 -1 -1 0 0 -1 0 0 1 0 0 3100 6000 2865 6465 2850 6555 2865 6645
5 1 0 1 -1 -1 0 0 -1 0 0 1 0 00.0055.0 2805 5 1 0 1 -1
5 1 0 1 -1 -1 0 0 -1 0 0 0 0 0 2870 6500 3135 6465 3150 6555 3135 6645
5 1 0 1 -1 -1 0 0 -1 0.000 0 0 0 0 .0005.000 3195 6450 3210 6555 3195 6660
5 1 0 1 -1 -1 0 0 -1 0 0 1 0 0 3000 .000 2910 6480 2895 6555 2910 6630
5 1 0 1 -1 -1 0 0 -1 0 0 1 0 0 3100 6000 2865 6465 2850 6555 2865 6645
5 1 0 1 -1 -1 0 0 -1 0 0 1 0 00.0055.000 2820 6450 2805 6555 2820 6660
1 4 0 1 -1 -1 0 0 -1 0.000 1 0.03 0 1 -1 -1 0 0 3930 732J
5 1 0 1 -1 -1 0 0 -1 0 0 1 0 0 3900 6500 3990 6855 3930 6900 3990 6960
5 1 0 1 -1 -1 0 0 -1 0 0 0 0 0 7970 6340 7995 6225 8070 6300 80675 412
4 0 -1 0 0 0 12 00 0 180 2520 6675 4 ph9


6
2 22
	7395
2 1
5
2)2
	 466
2 1
5
2 2
	8970
2 1
0
2 373
2 1
5
2 2
	85
2 2
	185
 0 
4ks\001
4 0 -1 0 0 0 12 00 0 165 200 2 2
0
2 1
0
ﹽ
2 1
5
2 2
	85
2 2
	185
 0 
4ks\001
4 0 -1 0 0 0 12 00 0 165 2265 6675 45d}\001
