#FIG 3.2
Port
Center
Inches
er 
100.00
Se
-2
# As
1200 2
5 1 0 1 -1 -1 0 0 -1 0.000 0 1 0 0 0 0 1 0 0 57965 4230 5355
5 1 0 1 -1 -1 0 0 -1 0 0 0 0 0 2740 4900 4230 4530 4290 4995 4230 5385
5 1 0 1 -1 -1 0 0 -1 0.000 0 0 0 0 .17096.500 5880 9135 6285 9090 6690 9120
5 1 0 1 -1 -1 0 0 -1 0.000 0 1 0 0 .1703.500 5895 9105 6300 9150 6705 9120
5 1 0 1 -1 -1 0 0 -1 0.000 0 1 0 0 440 6040 435 6225 360 6300 420 6405
5 1 0 1 -1 -1 0 0 -1 0 0 1 0 0 3400 7500 3510 7665 3435 7605 3375 7680
5 1 0 1 -1 -1 0 0 -1 0 0 0 0 0 3440 7900 3510 7920 3435 7980 3375 7905
5 1 0 1 -1 -1 0 0 -1 0.000 0 1 0 0 0 3165 6675 5 3930 6900 3990 6960
5 1 0 1 -1 -1 0 0 -1 0 0 0 0 0 7970 6340 7995 6225 80 7305 3930 7320
5 1 0 1 -1 -1 0 0 -1 0 0 1 0 0 3900 6500 3990 6855 3930 6900 3990 6960
5 1 0 1 -1 -1 0 0 -1 0 0 0 0 0 7970 6340 7995 6225 8070 6300 80675 412
4 0 -1 0 0 0 12 0.0000 0 180 2520 6675 4935: ph960
00
2 2
	700
0 2
0
2 2
	 0
2 2
	 0
-6
6 4
3 00 3
 465
	 0
3 00 3
	 42
	 0
-6
1185
2 1
	 30
5 20
	90
27
	 700
655
 7
	 600
	 6
2 30 7
5
	 5
2 
	 500
	55
27
	 220
175
 7
	5655
	 5
2 30 7
0
	 5
2 
	 420
	75
27
	 235
190
 2
	 292
2 10 2
0
2 
	 375
22
	 200
 5
	50
22
	 635
 2
	4305
2 10 2
0
2 
	 620
22
	 275
 2
	 630
2 10 2
5
2 
	 620
22
	 275
 2
	6300
2 20 5
300
 5
	00
25
	 0
2 
	 600
22
	 600
 2
	3525
2 10 2
0
2 
	 375
22
	 300
17
	 285
	 475
	00
2
	 2
2 3 5
	00
2
	 400
2
	 3900
5
	 5
2 0 5
175
5
	 5
2 0 5
875
5
	 5
2 0 5
275
5
	 75
2
	 4
2 2 5
	75
2
	 4
2 2 5
	75
2
	 5
2 2 5
	975
5
	 75
2
	 45
2 0 5
75
2
	 4
2 2 5
	5
2 0 5
 75
5
	 75
2
	 6
2 3 5
	00
2
	 500
2
	 6900
5
	 600
5
	 0
2 0 5
400
5
	 0
2 0 5
825
5
	 
2 2 5
	5
2 0 5
25
2
	 4125
5
	 5
2 0 5
825
5
	 5
2 0 5
225
5
	 5
2 0 5
925
5
	 5
2 0 5
225
5
	 5
2 0 5
225
5
	 5
2 0 5
625
5
	 
2 2 5
	25
2
	 4
2 3 5
	 337
2 3 5
	00
2
	 4
2 3 5
	00
27
	 725
5
	 0
2 
	 395
22
	 495
 4
	6450
2 10 4
0
2 
	 300
22
	 420
 5
	50
25
	 5
2 
	 4
2 40 5
300
 5
	85
25
	 0
2 
	 7
2 3
	 225
	25
2 9
	 277
	 7
2 3
	 200
	00
4M\001
4 1 -1 0 0 18 18 00 4 210 900 3285 355SIO\001
4 1 -1 0 0 18 14 0.0000 4 165 480 6555 6CHR\001
4 1 -1 0 0 18 14 0.0000 4 165 480 5910 6TMR\001
4 1 -1 0 0 18 14 0.0000 4 165 600 5220 6DUAL\001
4 1 -1 0 0 18 14 0. 4 165 465 4530 6645 ALM\001
