#FIG 3.2
Portrait
Center
Inches
Letter 
100.00
Single
-2
# A ligR.D. Hiscocks
1200 2
5 1 0 1 -1 -1 0 0 -1 0.000 0 1 0 0 3465.000 1420.005 3540 1380 3465 1335 3390 1380
5 1 0 1 -1 -1 0 0 -1 0.000 0 1 0 0 4980.000 1390.005 5055 1350 4980 1305 4905 1350
5 1 0 1 -1 -1 0 0 -1 0.000 0 1 0 0 5711.250 4927.500 4230 4500 4170 4965 4230 5355
5 1 0 1 -1 -1 0 0 -1 0.000 0 0 0 0 2748.750 4957.500 4230 453 4290 4995 4230 5385
5 1 0 1 -1 -1 0 0 -1 0.000 0 0 0 0 6325.170 11296.500 5880 9135 6285 9090 6690 9120
5 1 0 1 -1 -1 0 0 -1 0.000 0 1 0 0 6340.170 6943.500 5895 9105 6300 9150 6705 9120
5 1 0 1 -1 -1 0 0 -1 0.000 0 1 0 0 452.040 6317.040 435 6225 360 6300 420 6405
5 1 0 1 -1 -1 0 0 -1 0.000 0 1 0 0 3442.500 7672.500 3510 7665 3435 7605 3375 5 101