#FIG 3.2
Lanpe
Center
In
Letter 
100.00
le
-2
# 
1200 2
4 1 0 7 26 7 0 0 -1 0 0 1 1 1 917050 6300 8025 8625 0 7350
	2 0 7.00.00 00
	1 0 7.00.00 00
2 2 0 3 0 7 0 0 -1 0.000 0 0 -1 0 0 5
	 5700 4425 8325 4425 8325 6300 5700 630 5700 4425
2 1 0 8 4 7 0 0 -1 3360 4560 3390 4560 3540 4935
2 1 0 3 -1 -1 0 0 -1 0 0 0 0 0 0 2
	 5325 5775 5325 5850
2 1 0 3 -1 -1 0 0 -1 0 0 0 0 0 0 2
	 5325 5325 5325 5400
2 3 0 1 -1 -1 0 0 20 0.000 0 0 0 0 0 7
	 6705 5670 6675 5715 6675 6045 6705 6090 6735 6045 6735 5\\\\\\\\\\\\\\\\\\\\\\5 5565 6735 5235
	 6705 5190
2 3 0 1 -1 -1 0 0 20 0 0 0 0 0 0 7
	 6705 5640 6660 5610 6330 5610 6285 5640 6331 -1 -1 0 0 20 0 0 0 0 0 0 7
	 5985 6090 5940 6060 5610 6060 5565 6090 5610 6120 5940 6	 5985 6090
2 3 0 1 -1 -1 0 0 20 0.000 0 0 0 0 0 7
	 5550 5655 5520 5700 5520 6030 5550 6075 5580 6030 5580 5700
	 5550 5655
2 3 0 1 -1 -1 0 0 20 0.000 0 0 0 0 0 7
	 6000 5190 5970 5235 5970 5565 6000 5610 6030 5566045 6705 6090 6735 6045 6735 5\\\\\\\\\\\\\\\\\\\\\\5 5565 6735 5235
	 6705 5190
2 3 0 1 -1 -1-1 0 0 20 0 0 0 0 0 0 7
	 5175 5655 5145 5700 5145 6030 5175 6075 5205 6030 5205 5700
	 5175 5655
2 3 0 1 -1 -1 0 0 20 0.000 0 0 0 0 0 75 6030 5235
	 6000 5190
2 3 0 1 -1 -1 0 0 20 0 0 0 0 0 0 7
	 5970 5175 5925 5145 5595 5145 5550 5175 5595 5205 5925 5205
	 5970 5175
2 3 0`1 -1 -1 0 0 20 0 0 0 0 0 0 7
	 5175 5655 5145 5700 5145 6030 5175 6075 5205 6030 5205 5700
	 5175 5655
2 3 0 1 -1 -1 0 0 20 0.000 0 0 0 0 0 7
	5 5175 5145 5220 5145 5550 5175 5595 52 5 5550 5205 5220
	 5175 5175
2 3 0 1 -1 -1 0 0 20 0.000 0 0 0 0 0 7
	 5970 5625 5925 5595 5595 5595 5550 5625 5595 5655 5925 5655
	 5970 5625
2 3 0 1 -1 -1 0 0 20 0 0 0 0 0 0 7
	 4725 5655 4695 5700 4695 6030 4725 6075 4755 6030 4755 5700
	 4725 5655
  3 0 1 -1 -1 0 0 20 0 0 0 0 0 0 7
	 