#FIG 3.2
Lanpe
Center
In
Letter 
100.00
le
-2
# 
1200 2
5 1 0 7 26 7 0 0 -1 0 0 1 1 1 9111 6757 7050 6300 8025 8625 0 7350
	2 0 7.00.00 00
	1 0 7.00.00 00
2 2 0 3 0 7 0 0 -1 0.000 0 0 -1 0 0 5
	 5700 4425 8325 4425 8 25 6300 5700 6300 5700 4425
2 1 0 8 4 7 0 0 -1 0 0 0 -1 0 1 2
	1 0 4.00.00 00
	0 5325 3225 5325
2 1 0 8 4 7 0 0 -1 0 0 0 -1 0 1 2
	2 0 5.00.00 00
	 7050 4425 7050 2325
2 1 0 16 1 7 0 0 -1 0.000 0 0 -1 1 1 3
	3 0 5.00.00.00
	2 1 5.00.00.00
75 2100 4125 2100 1650 3750
3 2 0 9 5 7 0 0 -1 0 0 1 1 4
	3 1 4.40.00.00
	2 1 6.60.00.00
	 1575 8325 4200 8025 1725 7125 4050 6450
	00 -1.000 -1 0.000
3 0 0 11 31 7 0 0 -1 0 0 1 1 4
	0 0 1 660.00 .00
	0 0 8.00.00.00
	 1050 5550 3525 3300 3000 4950 6225 1575
	 0 1.000 1.000 0.000
4 1 18 0 0 0 14 00 4 195 2265 6975 5nger\001
4 1 18 0 0 0 14 3840 7230 3870 7305 3930 7320
5
6 30
5 
2 1
	 30
2 2
	 00
2 2
	325
0 2
	 45
2 1






















































































































0
2 1
	 355
2 2
	 315
2 1
	 415
2 2
	5070
-6
0
5 
2 1
	 400
2 2
	1800
2 1
	 425
2 2
	 802
2 1
	 600
2 2
	2700
2 1
	 400
2 2
	 810
2 1
	 800
-6
6 355
35
2 2
	 438
2 1
	 555
2 2
	5355
2 1
	 415
2 2
	 531
-6
5
1 0
1 
1 30
2 2
	 0
2 2
	 40
20 2
0
2 2
	 485
0 2
5
2 2
	 470
 5
	55
25
	 5
2 2
	 055
0 2
5
2 "
	 500
0 2
0
2 2
	 
2 15 7905
50
5 1 0 7320
5 1
6 345 1 2700
5 1605
2 1 0 2
	 30
2 1 0 2
	 38250 1800
2 0 0 2
	325
2 1 0 2
	 45
2 1 0 1
	 2325 5 2700
2 0 0 2
	700
 375  2700
2 0 0 2
	 0
-6
6 4
3 0 0 10 3
	 42
	 0.000.000
3 00 0 0 3
 465
	 0
-6
6 39
2 1 0 1
	 3975  585
2 1 0 2
	 45
-6
6 355
5 1 0 4935
2 0 0 2
	 830
2 1 0 2
	 315
2 1 0 2
	 315050 5355
1 0 0 2
 5115
2 0 0 2
	 070
-6
62700
5 100 1605
1 0 0 2
 1500
2 0 0 2
	 800
2 1 0 2
	 465
2 1 0 2
	 802550 2400
1 0 0 2
 2700
2 0 0 2
	 700
2 1 0 2
	 460
2 1 0 2
	 810000 2700
1 0 0 2
 2700
-6
6 4305 5 5355
55
2 1 0 2
	 438065 4830
1 0 0 2
 5355
2 0 0 2
	 355
2 1 0 2
	 445
2 1 0 2
	 531020 5070
-6
1 3 010290
1 60
1 3 07065
1 36960
1 375 7065
1 3 0 1 
2 1 0 1
	 4020  480
2 1 0 2
	 40
2 1 0  0 0 2
	1500
2 1 0 2
	 385
2 1 0 2
	 490
2 1 0 1
	 5055 5 1470
20 0 5
	 5
2 4 0 
	 4575 1755
2 1 0 2
	 355
2 1 0 2
	 462
2 1 0 1
	 4020 5 4500
2 0 0 2
	4500
2 1 0 2
	 2465
2 1 0 2
	 190
2 1 0 2	 259560 9720
1 0 0 2
 9765
2 0 0 2
	 600
2 1 0 2
	 190
2 1 0 2
	 199555 9285
1 0 0 2
 9270
2 0 0 2
	 850
2 1 0 2
	 295
2 1 0 2
	 408080 8940
1 0 0 2
 8895
2 0 0 2
	 895
2 1 0 2
	 290
2 4 0 
	 4035 9300
2 1 0 2
	 315
2 1 0 2
	 325
2 1 0 1
	 3195 5 9765
2 0 0 2
	 10200
2 0 0 2
	10440
2 0 0 2
	 9780
2 1 0 2
	 360
2 1 0 2
	 339
2 1 0 1
	 3600 0 9360
2 0 0 2
	9780
2 1 0 2
	 315
2 1 0 2
	 3B3
2 1 0 1
	 3765 5 9270
2 0 0 2
	9060
2 1 0 2
	 465
2 1 0 2
	 411
2 1 0 1
	 6225 5 9045
2 0 0 2
	8295
2 1 0 2
	 655
2 1 0 2
	 639
2 1 0 1
	 6705 5 9240
2 0 0 2
	8355
2 1 0 2
	 680
2 1 0 2
	 636
2 1 0 1
	 2595 0 9270
2 0 0 2
	2715
2 1 0 2
	 300
2 1 0 2
	 2890
2 1 0 2
	 190505 9450
1 0 0 2
6330
2 1 0 2
	 4
2 1 0 1
	 450 6 64ﻌ5
2 0 0 2
	 40
2 1 0 2
	 246
2 1 0 1
	 2355 5 7365
2 0 0 2
	7725
2 1 0 2
	 300
2 1 0 2
	 337
2 1 0 1
	 3525 5 7920
2 0 0 2
	6675
2 1 0 2
	 335
2 1 0 2
	 385
2 1 0 1
	 3855 0 6435
2 0 0 2
	6435
2 1 0 2
	 340
2 1 0 2
	 397
2 1 0 1
	 379	5070
-6
6 4650 1470 8130 2700
5 
2 1 0 1 -1 -1 0-1 0 0 2
	 4650 1500 8025 1500
2 0 0 2
	 4650 1800 8025 1800
2 1 0 2
	 4650 2325 8025 2325
2 1 0 2
	 8025 2400 6150 2400
2 1 0 1
	 6150 2400 6150 2700
2 1 0 1 -0 0 0 -1 0 0 2
	2700
2 1 0 1 -1 0 0 -1 0 0 2
	 400
2 1 0 1 -1 -10 -1 0 0 2
	 810
2 1 0 1 -1 -1 0-1 0 0 2
	 8100 2700 7950 2700
-6
6 4305 4575 5325 5355
5 1 0 1  5325 4935
2 1 0 2
	 4380 4575 5265 4830
2 1 0 1
	 5310 4935 531
1 3 0 1 -1 -1 04305 6960
2 1 0 2
	 4020 480 4455 480
2 1 0 1 -1 0 0 -1 0 0 2
	 40
2 1 0 1 -1&-11 0 0 2
	 3405 1395 3405 1500
2 0 0 2
	 3540 1380 3540 1485
2 1 0 2
	 4905 1380 4905 1485
2 1 0 2
	 5055 1365 5055 1470
2 4 0 1 00 0 0 7 0 0 5
	55
2 4 0 1 -1 -10 7 0 0 5
	 4575755 4575 1755
2 0 0 2
	 3825 2715 4185 5055
2 1 0 2
	 4620 2715 4260 5055
2 1 0 2
	 4020 3285 4215 4500
2 1 0 1 00 0 0 -1 0 0 2
 4500
2 1 0 1 -1 0 0 -1 0 0 2
	 9465
2 1 0 1 -1 0 0 -1 0 0 2
	 150
2 1 0 1 -1 -10 -1 0 0 2
	 259
2 1 0 1 -1 -1 0-1 0 0 2
	 2490 9630 2835 9765
2 1920 9600
2 1 0 2
	 1980 9195 1980 9540
2 1 0 1
	 1995 9285 2355 9285
2 1 0 1 -0 0 0 -1 0 0 2
	9270
2 1 0 1 -1 0 0 -1 0 0 2
	 250
2 1 0 1 -1 -10 -1 0 0 2
	 294
2 1 0 1 -1 -1 0-1 0 0 2
	 4080 8820 4080 8940
2 0 0 2
	 3750 8850 3750 8895
2 1 0 2
	 3750 8895 4080 8895
2 1 0 2
	 2955 8850 4080 8850
2 4 0 1000 0 0 7 0 0 5
300
2 1 0 1 -1 - 0 -1 0 0 2
	 365
2 1 0 1 -1 -1  -1 0 0 2
	 3255 8895 2970 9765
1 0 0 2
	 3195 8895 2925 9765
2 0 0 2
	 2595 10200 3270 10200
2 0 0 2
	 2910 9960 2895 10440
2 1 0 2
	 3075 10080 3390 9780
2 1 0 2
	 3015 9660 3390 9660
2 1 0 2
	 3390 9660 3735 9450
2 1 0 1 00 0 0 -1 0 0 2
 9360
2 1 0 1 -1 0 0 -1 0 0 2
	 780
2 1 0 1 -1 - 0 -1 0 0 2
	3750 9615
2 1 0 1 -0 0 0 -1 0 0 2
	9240
2 1 0 1 -1 0 0 -1 0 0 2
	 370
2 1 0 1 -1 -10 -1 0 0 2
	 414
2 1 0 1 -1 -1 0-1 0 0 2
	 4395 9060 6000 9165
2 0 0 2
	 4110 8940 5880 9045
2 1 0 2
	 6225 8295 5895 9045
2 1 0 2
	 6225 8295 6690 8295
2 1 0 1
	 6195 8355 6705 8355
2 1 0 1 -0 0 0 -1 0 0 2
	9285
2 1 0 1 -1 0 0 -1 0 0 2
	 640
2 1 0 1 -1 -10 -1 0 0 2
	 619
2 1 0 1 -1 -1 0-1 0 0 2
	 6420 9300 6645 948R
2 0 0 2
	 6360 9315 6630 9480
2 1 0 2
	 2595 9270 2670 9270
2 1 0 2
	 3825 2715 4650 2715
2 1 0 1
	 3825 1500 4665 1500
2 1 0 1 -0 0 0 -1 0 0 2
	10020
2 1 0 1 -1 0 0 -1 0 0 2
	 450
2 1 0 1 -1 - 0 -1 0 0 2
	 42
2 1 0 1 -1 -1 0-1 0 0 2
	 450 6225 450 6405
2 1 0 2
	 450 6345 3795 6465
2 1 0 2
	 450 6405 3765 6540
2 1 0 1 -0 0 0 -1 0 0 2
	7305
2 1 0 1 -1 0 0 -1 0 0 2
	 265
2 1 0 1 -1 -10 -1 0 0 2
	 378
2 1 0 1 -1 -1 0-1 0 0 2
	 3870 7395 3525 7800
2 0 0 2
	 3375 7665 3375 7950
2 1 0 2
	 3525 7650 0 0 2
	 3150 6675 3765 6675
2 1 0 2
	 3165 6735 3765 6735
2 1 0 2
	 3855 6360 3855 6435
2 1 0 1
	 3855 6435 4140 6435
2 1 0 1 -0 0 0 -1 0 0 2


	 4140 6360 4140 6435
2 1 0 1 -0 0 0 -1 0 0 2
	6840
2 1 0 1 -1 0 0 -1 0 0 2
	 375
2 1 0 1 -1 -10 -1 0 0 2
	 379
2 1 0 1 -1 -1 0-1 0 0 2
	 4125 7050 4140 7170
2 0 0 2
	 4140 7170 4215 7185
2 1 0 2
	 8010 6225 4605 6330
2 1 0 2
	 7980 6225 7980 6405
2 1 0 1
	 7980 6345 4635 6465
2 1 0 1 -0 0 0 -1 0 0 2
	6540
2 1 0 1 -1 0 0 -1 0 0 2
	 505
2 1 0 1 -1 -10 -1 0 0 2
	 607
2 1 0 1 -1 -1 0-1 0 0 2
	 4650 7380 4890 7725
2 0 0 2
	 4560 7395 490




























































































































5 7800
2 1 0 0 0 2
	 2595 92 2
	 4905 7650 4905 7920
2 1 0 1 00 0 0 -1 0 0 2
 6675
2 1 0 1 -1 0 0 -1 0 0 2
	 735
2 1 0 1 -1 - 0 -1 0 0 2
	 455
2 1 0 1 -1 -1  -1 0 0 2
	 4575 6435 4290 6435
1 0 0 2
	 4290 6360 4290 6435
2 0 0 2
	 4455 6840 4290 6840
2 1 0 2
	 4455 6975 4305 6975
2 1 0 2
	 4635 6465 4635 7290
2 1 0 1 00 0 0 -1 0 0 2
 7170
2 1 0 1 -1 0 0 -1 0 0 2
	 185
2 1 0 1 -1 - 0 -1 0 0 2
	 375
2 1 0 1 -1 -1  -1 0 0 2
	 4095 7035 4095 7275
1 0 0 2
	 4335 7035 4335 7275
2 0 0 2
	 3870 7395 4560 7395
2 1 0 2
	 3165 6705 3765 6705
2 1 0 2
	 4665 6705 5280 6705
2 1 0 1 00 0 0 -1 0 0 2
 7935
2 1 0 1 -1 0 0 -1 0 0 2
	 970
2 1 0 1 -1 - 0 -1 0 0 2
	 370
2 1 0 1 -1 -1  -1 0 0 2
	 3735 9300 3735 9450
1 0 0 2
	 3735 8955 3735 9315
2 0 0 2
	 4485 585 4260 585
2 1 0 2
	 4260 585 4260 1185
2 1 0 1 -0 0 0 -1 0 0 2
	00
2 1 0 1 -1 -10 -1 0 0 2
	 802
2 1 0 1 -1 -1 0-1 0 0 2
	 4170 5700 4170 6315
2 0 0 2
	 3825 6330 4620 6330
2 1 0 2
	 4215 5700 4215 6300
2 1 0 2
	 4260 5700 4260 6315
3 0 0 1000 0 0 0 3
	 424335 480
	 0.000 1.000 0.000
3 01 0.000 0 0 0 3
570 3810 1515
	 0
3 0 0 1 -1 -1  0 4
	 3810 15001155 4230 1155
	00 0.000
3 0 0 1000 0 0 0 4
	 46 1155
	 0.000 1.000 1.000 0.000
 3
	 3870 2820 355
	 0.000 1.000 0.000
3 0 0 1 -0 0 0 0 3
	 45754440 3255
	 0.000 1.000 0.000
3 
	 1890 9435 178
	 0.000 1.000 0.000
3 4
	 1905 65
	 0.000 1.000 1.000 0.000
3 01 0.000 0 0 0 4
2895 9780
	 0.00000
3 0 0 1 -1 - 0 0 4
	 1905 96
	 0.000 1.000 1.000 0.000
3 0 00.000 0 0 0 6
	 5 2940 8835
	 0.0
3 0 0 1 -1 -1  0 4
	 2595 91809255 2910 9255
	00 0.000
3 0 0 1000 0 0 0 4
	 30 9615
	 0.000 1.000 1.000 0.000
 8
	 4215 6765 3
	 3930 7320 4215 7320
	 0.000 100 0.000
3 0 0 1000 0 0 0 8
	 424560 7305
	 4500 7320 4215 7320
0
3 0 0 1 -1 -1  0 6
	 3060 931570
	 0.000 1.00000 0.000
3 0 0 1000 0 0 0 3
	 295 3180 8940
	 0.000 1.000 0.000
 3
	 3270 8940 340
	 0.000 1.000 0.000
3 0 0 1 -0 0 0 0 3
	 18901740 9360
	 0.000 1.000 0.000
3 
	 4455 480 4515 570 4665 1515
	00

2 1 0 2
	 315050 5355
1 0 0 2
 5115
2 0 0 2
	 070
-6
3 0 0 1000 0 0 0 4
	 41 5700
	 0.000 1.000 1.000 0.000
Canada\001
