#FIG 3.2
Port
Center
Inches
er 
100.00
Se
-2
# As
1200 2
5 1 0 1 -1 -1 0 0 -1 0.000 0 1 0 0 0 0 1 0 0 57965 4230 5355
5 1 0 1 -1 -1 0 0 -1 0 0 0 0 0 2740 4900 4230 4530 4290 4995 4230 5385
5 1 0 1 -1 -1 0 0 -1 0.000 0 0 0 0 .17096.500 5880 9135 6285 9090 6690 9120
5 1 0 1 -1 -1 0 0 -1 0.000 0 1 0 0 .1703.500 5895 96300 915 6300 420 6405
5 1 0 1 -1 -1 0 0 -1 0 0 1 0 0 3400 7500 3510 7665 3435 7605 3375 7680
5 1 0 1 -1 -1 0 0 -1 0 0 0 0 0 3440 7900 3510 7920 3435 7980 3375 7905
5 1 0 1 -1 -1 0 0 -1 0.000 0 1 0 0 .5007.500 3165 6675 3135 6690 3165 6720
5 1 0 1 -1 -1 0 0 -1 0.000 0 1 0 0 3917..495 3840 7230 3870 7305 3930 7320
5 1 0 1 -1 -1 0 0 -1 0 0 1 0 0 3900 6500 3990 6855 3930 6900 3990 6960
5 1 0 1 -1 -1 0 0 -1 0 0 0 0 0 7970 6340 7995 6225 8070 6300 80675 412
4 0 -1 0 0 0 12 0.0000 0 180 2520 6675 4935: ph960
95
50


605
0 2
0
2 2
	 800
0 2
5
2  2
	 409
2 1
	 475
2 2
	7395
2 1
	 305
2 2
	 466
2 1
	 535
2 2
	8970
2 1
	 370
2 r
	 373
2 1
	 315
2 2
	85
2 2
	185
 0 3
	 45
	 0
-6
6 35
2 2
-1 2
	00
2 2
	 802
2 1
	 415
2 2
	6330
2 1
	 400
2 2
	 426
3 0
3 00 3
5
	 0
3 
	 355
	.000
3 00 4
5
	 0
2 2
	 970
0 2
0
2 r
	 450
0 2
5
2 2
	 5
2 2
	 85
20 3
 465
	 0
-6
6 39
2 1
-1 2
	 0
2 2
	 700
0 2
5
2 2
	 330
0 2
0
2 2
	 315
000
 3
	1515
	 0
3 00 4
5
	 000
 4
	1155
	 000
33
	 5
	 0
3 
	 4
	 0
3 00 3
0
3 
	 &
	 0
3 00 3
255
000
 3
	60
	00
34
	 165
0
3 
	 180
	.000
3 0; 4
5
2 
	 000
.ca\001
4 0 -1 0 0 0 12 00 0 135 1560 6675 43ks\001
4 0 -1 0 0 0 12 00 0 165 2265 6675 45BC, da\001
