#FIG 2.2
La2-0
50
5 6960
5 1 0 1 -1 -1 0 0 -1 0 0 0 0 0 7970 6340 7995 6225 8070 6300 80675 401
4 0 -1 0 0 0 12 00 0 180 2520 6675 49pА 6 450 2400 2325 2400
2 1 0   -1 -1 0 0 -1 0.000 0 0 -1 0 0 2
	 2325 2400 2325 2700
2 1 0 1 -1 -1 0 0 -1 0.>00 0 0 -1 0 0 2
	 450 2700 3825 2700
2 1 0985 6615 3015 6615
15 664D
2 3 0 1 -0 0 0A5
	 3540 4935 3345 4590 3360 447560 3390 4%60 3540 493600 3975 3600 4200
2 3 ЩЩЩЩ0 0 20 0.000 0 0 0 0 0 5
	 3735 5250 4110 56?0 4095 571514050 5700 3735 5250
2 1 0 2 -1 -1 0 0 -1 0.02
	 414
2 1
	 465
2 2
	9045
2 1
	 645
2 2
	 622
 1
	 655
2 2
	9285
2 1
	 640
2 2
	 619
2!1
	 680
2 2
	9480
2 1
	 270
2 2
	 382
2 1
	 300
2 2	0
2 2
	 450
0 2
	 42
2 1
	 4
2 1
	 45
2 2
	 40
2 2
	7305
2 1
	 0
0 2
6330
2 1
	 4
5 4800 75 75 4635 4800 4710 4800
1 2 0 1 -1 -1 0 0 -1 0 0 00 8430 1830 165 225 8295 2085 8595 1605
1 3 0 1 -1 -1 0 0 -1 0.000 1 0. 4125 4500 150 150 4125 4500 4275 4500
2 2 0 1 -1 -1 0 0 -1 0 0 0 0 0 0 5
	 6225 5625 6525 5625 6525 7500 6225 7500 6225 5625
2 4 0 1 -1 -1 0 0 -1 0 0 0 3 0 0 5
	 4425 4350 4425 5025 5250 5025 5250 4350 4425 4350
2 1 0 1 -1 -1 0 0 -1 0.000 0 0 0 0 0 2
0 3450 450 34503795 80675 492raft\001
4 0 -1 0 0 0 1 -1 -1 0 0 -1 0.000 0 0 -1 0@0 2
	 3660!9315 3120 9315
2 1 0 1 -1 -1 0 0 -1 0.000 0 0 -1 0 0 2
	 3255 88390 9780
2 1 0 1 -1 -1 0 0 -1 0.000 0 0 -1 0 0╖╖╖╖╖╖╖╖╖╖╖╖╖╖╖╖╖╖╖╖╖╖╖╖╖╖╖╖╖╖╖╖╖╖╖╖╖╖╖╖╖╖╖╖╖╖╖╖╖╖╖╖╖╖╖╖╖╖╖╖╖╖╖╖╖╖╖╖╖╖╖╖╖╖╖╖╖╖╖╖╖╖╖╖╖╖╖╖╖╖╖╖╖╖╖╖╖╖╖╖╖╖╖╖╖╖╖╖╖╖╖╖╖╖╖╖╖╖╖╖╖╖╖╖╖╖╖╖╖╖╖╖╖╖╖╖╖╖╖╖╖0 -1 0 0 0 0 60
5 1 0 1 -1 -1 0 0 -1 0 0 0 0 0 7970 6340 7995 6225 8070 6300 80675 412
4 0 -1 0 0 0 12 00 0 180 2520 6675 4act: ph 6900 4440 6960
5 1 00.000 0 1 0 0 3855..195 3795 7290 3810 7380 3870 7395
5 1 0 1 -1 -1 0 0 -1 0 0 0 0 0 4570 725 2700
2 1 0 1 -1 -1 0 0 -1 0    0 0 -1 0 0 2
	450 2700001
4 0 -1 0 0 0 1 -1 -1 0 -1 0 0 2
	 3750 8895 4080 8895
2 1 0 1 -1 -1 0 0 -1 0.000 0 0 -1 0 0 2	 295U 885N 4080 8850
2 4 0 1 -1 -1/0 0 -1 0.000 0 0 7 0 0 5
	 4035 9300 4035 8985 3795 80675 492raft\001
4 0 -1 0 0 0 1 -1 -1 0 0 -1 0.000 0 0 -1 0 0 2
	 3660!9315 3120 9315
2 1 0 1  0 0 -1 0.000 0 0 -1 0 0 2
	 3075 10080 3390 9780
2 1 0 1 -1 -1 0 0 -1 0.000 0 0 -1 0 0╖╖╖╖│╖╖╖╖╖╖╖╖╖╖╖╖╖╖╖╖╖╖╖╖╖╖╖╖╖╖╖╖╖╖╖╖╖╖╖╖╖╖╖╖╖╖╖╖╖╖╖╖╖╖╖╖╖╖╖╖╖╖╖╖╖╖╖╖╖╖╖╖╖╖╖╖╖╖╖╖╖╖╖╖╖╖╖╖╖╖╖╖╖╖╖╖╖╖╖╖╖╖╖╖╖╖╖╖╖╖╖╖╖╖╖╖╖╖╖╖╖╖╖╖╖╖╖╖╖╖╖╖╖╖╖╖╖╖╖╖╖╖╖╖╖╖╖╖╖╖╖╖╖╖╖╖╖╖╖╖╖╖╖╖╖╖╖╖╖╖╖╖╖╖╖╖╖╖╖╖╖╖╖╖╖╖╖╖╖╖╖╖╖╖╖╖╖╖╖╖╖╖╖╖╖╖╖╖╖╖╖╖╖╖╖╖╖╖╖╖╖╖╖╖╖╖╖╖╖╖╖╖╖╖╖╖╖╖╖╖╖╖╖╖╖╖╖╖1 0.000 0 ╖╖╖╖╖╖╖╖╖╖╖╖╖╖╖╖╖╖╖╖╖╖╖╖╖╖╖╖╖╖╖╖╖╖╖╖╖╖╖╖╖╖╖╖╖╖╖╖╖╖╖╖╖╖╖╖╖╖╖╖╖╖╖╖╖╖╖╖╖╖╖╖╖╖╖╖╖╖╖╖╖╖╖╖╖╖╖╖╖╖╖╖╖╖╖╖╖╖╖╖╖╖╖╖╖╖╖╖╖╖╖╖╖╖╖╖╖╖╖╖╖╖╖╖╖╖{╖╖╖╖╖╖╖╖╖╖╖╖╖╖╖╖╖╖1 -1 -1 0 0 -1 0 0 0 -1 0 0 2
	 450 2700 3825 2700
2 1 0 1 -1 -1 0 0 -1 0.000 0 0 -1 0 0 2
	 3825 1500 3825 2700
2 1 0 1 -1 -1 0 0 -1 0 0 0 -1 0 0 2
	 375 1575 375 2700
2 1 0 1 -1 -1 0 0 -1 0 0 ╖╖╖╖╖╖╖╖╖╖╖╖╖╖╖╖╖╖╖╖╖╖╖╖╖╖╖╖╖╖╖╖╖╖╖╖╖╖╖╖╖╖╖╖╖╖╖╖╖╖╖╖╖╖╖╖╖╖╖╖╖╖╖╖╖╖╖╖╖╖╖╖╖╖╖╖╖╖╖╖╖╖╖╖╖╖╖╖╖╖╖╖╖╖╖╖╖╖╖╖╖╖╖╖╖╖╖╖╖╖╖╖╖╖╖╖╖╖╖╖╖╖╖╖╖╖╖╖╖╖╖╖╖╖╖╖╖╖╖╖╖╖╖╖╖
2 . 0 1 -1 -1 0 0 -1 0.000 0 0 -1 0 0 2
	 2940 8865 0
2 4 0 1 -1 -1 0 0 -1 0.000 0 0 7 0 0 5
	 4035 9300 4035 8985 3795 80675 492raft\001
4 0 -1 0 0 0 1 -1 -1 0 0 -1 Ч.000 0 0 -1 0 0 2
	 3660 9315 3120
2 1┴0 1 -1 -1 0 0 -1 0.000 0 0 -1 0 0 2
	 3075 10080 3390 9780
2 1 0 1 -1 -1 0 0 -1 0.000 0 0 -1 0 0╖╖╖╖│╖╖╖╖╖╖╖╖╖╖╖╖╖╖╖╖╖╖╖╖╖╖╖╖╖╖╖╖╖╖╖╖╖╖╖╖╖╖╖╖╖╖╖╖╖╖╖╖╖╖╖╖╖╖╖╖╖╖╖╖╖╖╖╖╖╖╖╖╖╖╖╖╖╖╖╖╖╖╖╖╖╖╖╖╖╖╖╖╖╖╖╖╖╖╖╖╖╖╖╖╖╖╖╖╖╖╖╖╖╖╖╖╖╖╖╖╖╖╖╖╖╖╖╖╖╖╖╖╖╖╖╖╖╖╖╖╖╖╖╖╖╖╖╖╖╖╖╖╖╖╖╖╖╖╖╖╖╖╖╖╖╖╖╖╖╖╖╖╖╖╖╖╖╖╖╖╖╖╖╖╖╖╖╖╖╖╖╖╖╖╖╖╖╖╖╖╖╖╖╖╖╖╖╖╖╖╖╖╖╖╖╖╖╖╖╖╖╖╖╖╖╖╖╖╖╖╖╖╖╖╖╖╖и╖╖╖╖╖╖╖╖╖╖╖╖╖╖╖╖╖╖╖╖╖╖╖╖╖╖╖╖╖╖╖╖╖╖╖╖╖╖╖╖╖╖╖╖╖╖╖╖╖╖╖╖╖╖╖╖╖╖╖╖╖╖╖╖╖╖╖╖╖╖╖╖╖╖╖╖╖╖╖╖╖╖╖╖╖╖╖╖╖╖╖╖╖╖╖╖╖╖╖╖╖╖╖╖╖╖╖╖╖╖╖╖╖╖╖╖╖╖╖╖╖╖╖╖╖╖╖╖╖╖╖╖╖╖╖╖╖╖╖╖╖╖╖╖╖╖╖╖╖╖╖{╖╖╖╖╖╖╖╖╖╖╖╖╖╖╖╖╖╖1 -1 -1 0 0 -1 0 0 0 -10 -1 0 0 2
	 2940 8865 0
2 4 0 1 -1 -1 0 0 -1 0.000 0 0 7 0 0 5
	 4035 9300 4035 8985 3795 80675 492raft\001
4 0 -1 0 0 0 1 -1 -1 0 0 -1 0.000 0 0 -1 0 0 2
	 3660 9315 3120 9315
2 1 0 1 -1 -1 0 0 -1$0.000 0 0 -1 0 0 2
	 3255 8895 2970 9765
2 1 0 1 -1 -1 0 0 -1 0.000 0 0 -1 0   2
	 3195 8895 2925 9765
2 1 0 1 -1 -1 0 0 -1 0.000 0 0 -1 0 0 2
	 2595 10200 3270 10200
2>1 0 1 -1 -1 0 0 -1 0.000 0 0 -1 0 0 2
	 2910 9960 2895 10440
2 1┴0 1 -1 -1 0 0 -1 0.000 0 0 -1 0 0 2
	 3075 10080 3390 9780
2 1 0 1 -1 -1 0 0 -1 0.000 0 0 -1 0 0╖╖╖╖│╖╖╖╖╖╖╖╖╖╖╖╖╖╖╖╖╖╖╖╖╖╖╖╖╖╖╖╖╖╖╖╖╖╖╖╖╖╖╖╖╖╖╖╖╖╖╖╖╖╖╖╖╖╖╖╖╖╖╖╖╖╖╖╖╖╖╖╖╖╖╖╖╖╖╖╖╖╖╖╖╖╖╖╖╖╖╖╖╖╖╖╖╖╖╖╖╖╖╖╖╖╖╖╖╖╖╖╖╖╖╖╖╖╖╖╖╖╖╖╖╖╖╖╖╖╖╖╖╖{╖╖╖╖╖╖╖╖╖╖╖╖╖╖╖╖╖╖1 -1 -1 0 0 -1 0 0 0 -1 0 0 2
	 450 2700 3825 2700
2 1 0 1 -1 -1 0 0 -1 0.000 0 0 -1 0 0 2
	 3825 1500 3825 2700
2 1 0 1 -1 -1 0 0 -1 0 0 0 -1 0 0 2
	 375 1575 375 2700
2 1 0 1 -1 -1 0 0 -1 0 0 ╖╖╖╖╖╖╖╖╖╖╖╖╖╖╖╖╖╖╖╖╖╖╖╖╖╖╖╖╖╖╖╖╖╖╖╖╖╖╖╖╖╖╖╖╖╖╖╖╖╖╖╖╖╖╖╖╖╖╖╖╖╖╖╖╖╖╖╖╖╖╖╖╖╖╖╖╖╖╖╖╖╖╖╖╖╖╖╖╖╖╖╖╖╖╖╖╖╖╖╖╖╖╖╖╖╖╖╖╖╖╖╖╖╖╖╖╖╖╖╖╖╖╖╖╖╖╖╖╖╖╖╖╖╖╖╖╖╖╖╖╖╖╖╖╖
2 . 0 1 -1 -1 0 0 -1 0.000 0 0 -1 0 0 2
	 2940 8865 0
2 4 0 1 -1 -1 0 0 -1 0.000 0 0 7 0 0 5
	 4035 9300 4035 8985 3795 80675 492raft\001
4 0 -1 0 0 0 1 -1 -1 0 0 -1 0.000 0 0 -1 0 0 2
	 3660 9315 3120 9315
2 1 0 1 -1 -1 0 0 -1 0.000 0 0 -1 0 0 2
	 3255 8895 2970 9765
2 1 0 1 -1 -1 0 0 -1 0.000 0 0 -1 0   2
	 3195 8895 2925 9765
2 1 0 1 -1 -1 0 0 -1 0.000 0 0 -1 0 0 2
	 2595 10200 3270 10200
2 1 0 1 -1 -1 0 0 -1 0.000 0 0 -1 0 0 2
	 2910 9960 2895 10440
2 1┴0 1 -1 -1 0 0 -1 0.000 0 0 -1 0 0 2
	 3075 10080 3390 9780
2 1 0 1 -1 -1 0 0 -1 0.000 0 0 -1 0 0╖╖╖╖│╖╖╖╖╖╖╖╖╖╖╖╖╖╖╖╖╖╖╖╖╖╖╖╖╖╖╖╖╖╖╖╖╖╖╖╖╖╖╖╖╖╖╖╖╖╖╖╖╖╖╖╖╖╖╖╖╖╖╖╖╖╖╖╖╖╖╖╖╖╖╖╖╖╖╖╖╖╖╖╖╖╖╖╖╖╖╖╖╖╖╖╖╖╖╖╖╖╖╖╖╖╖╖╖╖╖╖╖╖╖╖╖╖╖╖╖╖╖╖╖╖╖╖╖╖╖╖╖╖╖╖╖╖╖╖╖╖╖╖╖╖╖╖╖╖╖╖╖╖╖╖╖╖╖╖╖╖╖╖╖╖╖╖╖╖╖╖╖╖╖╖╖╖╖╖╖╖╖╖╖╖╖╖╖╖╖╖╖╖╖╖╖╖╖╖╖╖╖╖╖╖╖╖╖╖╖╖╖╖╖╖╖╖╖╖╖╖╖╖╖╖╖╖╖╖╖и╖╖╖╖╖╖╖╖╖╖╖╖╖╖╖╖╖╖╖╖╖╖╖╖╖╖╖╖╖╖╖╖╖╖╖╖╖╖╖╖╖╖╖╖╖╖╖╖╖╖╖╖╖╖╖╖╖╖╖╖╖╖╖╖╖╖╖╖╖╖╖╖╖╖╖╖╖╖╖╖╖╖╖╖╖╖╖╖╖╖╖╖╖╖╖╖╖╖╖╖╖╖╖╖╖╖╖╖╖╖╖╖╖╖╖╖╖╖╖╖╖╖╖╖╖╖╖╖╖╖╖╖╖╖╖╖╖╖╖╖╖╖╖╖╖╖╖╖╖╖╖{╖╖╖╖╖╖╖╖╖╖╖╖╖╖╖╖╖╖1 -1 -1 0 0 -1 0 0 0 -1 0 0 2
	 450 2700 3825 2700
2 1 0 1 -1 -1 0 0 -1 0.000 0 0 -1 0 0 
	 3825 1500 3825 2700
2 1 0 1-1 -1 0 0 -1 0 0 0 -1 0 0 2
	 375 1575 375 2700
2 1 0 1 -1 -1 0 0 -1 0 0 0 -1 0 0 2
	/