#FIG 3.2
Portrait
Center
Inches
Letter 
100.00
Single
-2
# A ligcocks
1200 2
5 1 0 1 -1 -1 0 0 -1 0.000 0 1 0 0 3465.000 1420.005 3540 1380 3465 1335 3390 1380
5 1 0 1 -1 -1 0 0 -1 0.000 0 1 0 0 4980..005 5055 1350 4980 1305 4905 1350
5 1 0 1 -1 -1 0 0 -1 0.000 0 1 0 0 570 4170 400 4230 0 4995 4230 5385
5 1 0 1 -1 -1 0 0 -1 0.000 0 0 0 0 6325.170 11296.500 5880 9135 6285 9090 6690 9120
5 1 0 1 -1 -1 0 0 -1 0.000 0 1 0 0 6340.170 6943.500 5895 9105 6300 9150 6705 9120
5 1 0 1 -1 -1 0 0 -1 0.000 0 1 0 0 452.040 6317.040 435 6225 360 6300 420 6405
5 1 0 1 -1 -1 0 0 -1 0.000 0 1 0 0 3442.500 7672.500 3510 7665 3435 7605 3375 7680
5 1 0 1 -1 -1 0 0 -1 0.000 0 0 0 0 3442.500 7912.500 3510 7920 3435 7980 3375 7905
5 1 0 1 -1 -1 0 0 -1 0.000 0 1 0 0 3157.500 6697.500 3165 6675 3135 6690 3165 6720
5 1 0 1 -1 -1 0 0 -1 0.000 0 1 0 0 3917..495 3840 7230 3870 7305 3930 7320
5 1 0 1 -1 -1 0 0 -1 0.000 0 1 0 0 3982.500 6907.500 3990 6855 3930 6900 3990 6960
5 1 0 1 -1 -1 0 0 -1 0.000 0 0 0 0 7977.960 6317.040 7995 6225 8070 6300 8010 6405
5 1 0 1 -1 -1 0 0 -1 0.000 0 0 0 0 4987.500 7672.500 4920 7665 4995 7605 5055 7680
5 1 0 1 -1 -1 0 0 -1 0.000 0 1 0 0 4 6907.500 4440 6855 4500 6900 4440 6960
5 1 0 1 -1 -1 0 0 -1 0.000 0 1 0 0 3855..195 3795 7290 3810 7380 3870 7395
5 1 0 1 -1 -1 0 0 -1 0.000 0 0 0 0 4574.670 7326.195 4635 7290 4620 7380 4560 7395
5 1 0 1 -1 -1 0 0 -1 0.000 0 0 0 0 3646.185 9252.239 3705 9225 3690 9300 3630 9315
6 345 1470 3825 2700
5 1 0 1 -1 -1 0 0 -1 0.000 0 1 0 0 477.495 1602.495 480 1500 405 1530 375 1605
2 1 0 1 -1 -1 0 0 -1 0.000 0 0 -1 0 0 2
	 3825 1500 450 1500
2 1 0 1 -1 -1 0 0 -1 0.000 0 0 -1 0 0 2
	 3825 1800 450 1800
2 1 0 1 -1 -1 0 0 -1 0.000 0 0 -1 0 0 2
	 3825 2325 450 2325
2 1 0 1 -1 -1 0 0 -1 0.000 0 0 -1 0 0 2
	 450 2400 2325 2400
2 1 0 1 -1 -1 0 0 -1 0.000 0 0 -1 0 0 2
	 2325 2400 2325 2700
2 1 0 1 -1 -1 0 0 -1 0.000 0 0 -1 0 0 2
	 450 2700 3825 2700
2 1 0 1 -1 -1 0 0 -1 0.000 0 0 -1 0 0 2
	 3825 1500 3825 2700
2 1 0 1 -1 -1 0 0 -1 0.000 0 0 -1 0 0 2
	 375 1575 375 2700
2 1 0 1 -1 -1 0 0 -1 0.000 0 0 -1 0 0 2
	 375 2700 525 2700
-6
6 4125 270 4335 465
3 0 0 1 -1 -1 0 0 -1 0.000 0 0 0 3
	 4230 270 4140 330 4125 465
	 0.000 1.000 0.000
3 0 0 1 -1 -1 0 0 -1 0.000 0 0 0 3
	 4230 270 4320 330 4335 465
	 0.000 1.000 0.000
-6
6 3975 585 4200 1185
2 1 0 1 -1 -1 0 0 -1 0.000 0 0 -1 0 0 2
	 3975 585 4200 585
2 1 0 1 -1 -1 0 0 -1 0.000 0 0 -1 0 0 2
	 4200 585 4200 1185
-6
6 3150 4575 4170 5355
5 1 0 1 -1 -1 0 0 -1 0.000 0 1 0 0 3266.250 4955.625 3225 4845 3180 4875 3150 4935
2 1 0 1 -1 -1 0 0 -1 0.000 0 0 -1 0 0 2
	 4095 4575 3210 4830
2 1 0 1 -1 -1 0 0 -1 0.000 0 0 -1 0 0 2
	 3165 4935 3165 5355
2 1 0 1 -1 -1 0 0 -1 0.000 0 0 -1 0 0 2
	 3150 5355 4050 5355
2 1 0 1 -1 -1 0 0 -1 0.000 0 0 -1 0 0 2
	 4050 5355 4170 5115
2 1 0 1 -1 -1 0 0 -1 0.000 0 0 -1 0 0 2
	 3165 5070 4155 5070
-6
6 4650 1470 8130 2700
5 1 0 1 -1 -1 0 0 -1 0.000 0 0 0 0 7997.505 1602.495 7995 1500 8070 1530 8100 1605
2 1 0 1 -1 -1 0 0 -1 0.000 0 0 -1 0 0 2
	 4650 1500 8025 1500
2 1 0 1 -1 -1 0 0 -1 0.000 0 0 -1 0 0 2
	 4650 1800 8025 1800
2 1 0 1 -1 -1 0 0 -1 0.000 0 0 -1 0 0 2
	 4650 2325 8025 2325
2 1 0 1 -1 -1 0 0 -1 0.000 0 0 -1 0 0 2
	 8025 2400 6150 2400
2 1 0 1 -1 -1 0 0 -1 0.000 0 0 -1 0 0 2
	 6150 2400 6150 2700
2 1 0 1 -1 -1 0 0 -1 0.000 0 0 -1 0 0 2
	 8025 2700 4650 2700
2 1 0 1 -1 -1 0 0 -1 0.000 0 0 -1 0 0 2
	 4650 1500 4650 2700
2 1 0 1 -1 -1 0 0 -1 0.000 0 0 -1 0 0 2
	 8100 1575 8100 2700
2 1 0 1 -1 -1 0 0 -1 0.000 0 0 -1 0 0 2
	 8100 2700 7950 2700
-6
6 4305 4575 5325 5355
5 1 0 1 -1 -1 0 0 -1 0.000 0 0 0 0 5208.750 4955.625 5250 4845 5295 4875 5325 4935
2 1 0 1 -1 -1 0 0 -1 0.000 0 0 -1 0 0 2
	380 4575 5265 4830
2 1 0 1 -1 -1 0 0 -1 0.000 0 0 -1 0 0 2
	 5310 4935 5310 5355
2 1 0 1 -1 -1 0 0 -1 0.000 0 0 -1 0 0 2
	 5325 5355 4425 5355
2 1 0 1 -1 -1 0 0 -1 0.000 0 0 -1 0 0 2
	 4425 5355 4305 5115
2 1 0 1 -1 -1 0 0 -1 0.000 0 0 -1 0 0 2
	 5310 5070 4320 5070
-6
1 3 0 1 -1 -1 0 0 -1 0.000 1 0.0000 2910 10200 90 90 2910 10200 2925 10290
1 3 0 1 -1 -1 0 0 -1 0.000 1 0.0000 2910 10200 180 180 2910 10200 3075 10260
1 3 0 1 -1 -1 0 0 -1 0.000 1 0.0000 6630 9480  0 -1 6630 9480 6675 9525
1 3 0 1