#FIG 3.2
Lanpe
Center
In
Letter 
100.00
le
-2
# 
1200 2
5 1 0 7 26 7 0 0 -1 0 0 1 1 1 9111 6757 7050 6300 8025 8625 0 7350
	2 0 7.00.00 00
	1 0 7.00.00 00
2 2 5 3 0 7 0 0 -1 0.000 0 0 -1 0 0 5
	 5700 4425 8325 4425 8325 6300 5700 6300 5700 4425
2 1 0 8 4 7 0 0 -1 0 0 0 -1 0 1 2
	1 0 4.00.00 00
	0 5325 3225 5325
2 1 0 8 4 7 0 0 -1 0 0 0 -1 00 0 -1 0.00 6405
5 1 0 1 -1 -1 0 05 3435 7605 3375 7680
5 1 0 1 -1 -1 0 0 -1 0 0 0 0 0 3440 7900 3510 7920 3435 7980 3375 7905
5 1 0 1 -1 -1 0 0 -1 0.000 0 1 0 0 .5007.50675 3135 6690 6500 3990 6855 393
5 1 0 1 -1 -1 0 0 -1 0 0 0 0 0 7970 6340 7995 6225 8070 6300 80675 412raft\001
4 0 -1 0 0 0 12 0.0000 0 180 2520 6675 4935 contact: ph 6900 4440 6960
510 7380 3870 739477.495 1602.495 480 1500 405 1530 0 -1 0.000 0 0 -1 0 0 2
	 3825 1500 450 1500
2 1 0 1 -1 -1 0 0 -1 0.000 0 0 -1 0 0 2
	 3825 1800 450 1800
2 1 0 1 -1 -1 0 2
	 3825 2325 450 2325
2 1 0 1 -1 -1 0 0 -1 0.000 0 0 -1 0 0 2
	 450 2400 2325 2400
2 1 0 1 -1 -1 0 0 -1 0.000 0 0 -1 0 0 2
	 2325 2400 2325 2700
2 1 0 1 -1 -1 0 0 -1 0.000 0 0 -1 0 0 2
	 450
	 3150 5355 4050 5355
2 1 0 1 -1 -1 0 0 -1 0.000 0 0 -1 0 0 2
	 4050 5355 4170 5
2 1 0 1 -1 -1 0 0 -1 0.000 0 0 -1 0 0 2
	 3165 5070 4155 5070
-6
6 4650 1470 8130 2700
5 1 0 1 -1 -1 0 0 -1 0.000 0 0 0 0 7997.505 1602.495 7995 1500 8070 1530 8100 1605
2 1 0 1 -1 -1 0 0 -1 0.000 0 0 -1 0 0 2
	 4650 1500 8025 1500
2 1 0 1 -1 -1 0 0 -1 0.000 0 0 -1 0 0 2
	 4650 1800 8025 1800
2 1 0 1 -1 -1 0 0 -1 0.000 0 0 -1 0 0 2
	 4650 2325 8025 2325
2 1 0 1 -1 -1 0 0 -1 0.000 0 0 -1 0 0 2
	 8025 2400 6150 2400
2 1 0 1 -1 -1 0 0 -1 0.000 0 0 -1 0 0 2
	 6150 2400 6150 2700
2 1 0 1 -1 -1 0 0 -1 0.000 0 0 -1 0 0 2
	 8025 2700 4650 2700
2 1 0 1 -1 -1 0 0 -1 0.000 0 0 -1 0 0 2
	 4650 1500 4650 2700
2 1 0 1 -1 -1 0 0 -1 0.000 0 0 -1 0 0 2
	 8100 1575 8100 2700
2 1 0 1 -1 -1 0 0 -1 0.000 0 0 -1 0 0 2
	 8100 2700 7950 2700
-6
6 4305 4575 5325 5355
5 1 0 1 -1 -1 0 0 -1 0.000 0 0 0 0 5208.750 4955.625 5250 4845 5295 4875 5325 4935
2 1 0 1 -1 -1 0 0 -1 0.000 0 0 -1 0 0 2
	 4380 4575 5265 4830
2 1 0 1 -1 -1 0  -1 0.000 0 0 -1 0 0 2
	 5310 4935 5310 5355
2 1 0 1 -1 -1 0 0 -1 0.000 0 0 -1 0 0 2
	 5325 5355 4425 5355
2 1 0 1 -1 -1 0 0 -1 0.000 0 0 -1 0 0 2
	 4425 5355 4305 5115
2 1 0 1 -1 -1 0 0 -1 0.000 0 0 -1 0 0 2
	 5310 5070 4320 5070
-6
1 3 0 1 -1 -1 0 0 -1 0.000 1 0.0000 2910 10200 90 90 2910 10200 2925 10290
1 3 0 1 -1 -1 0 0 -1 0.000 1 0.0000 2910 10200 180 180 2910 100 1.000 1.000 01 3 0 1 -1 -1 0 0 -1 0.000 1 0.0000 6630 9480 60 606630 948955 3735 9315
2 1 0 1 -1 -1 0 0 -1 0.000 0 0 -1 0 0 2
	 4%85 585 4260 585
2 1 0 1 -1 -1 0 ﹽ -1 0.000 0 0 -1 0 0 2
	 4260 585 4260 1185
2 1 0 1 -1 -1 0 0 -1 0.000 0 0 -1 0 0 2
	 450 1515 450 2700
2 1 0 1 -1 -1 0 0 -1 0C000 0 0 -1 0 0 2
	 8025 1500 8025 2700
2 1 0 1 -1 -1 0 0 -1 0.000 0 0 -1 0 0 2
	 4170 5700 4170 6315
2 1 0 1 -1 -1 0 0 -1 0.000 0 0 -1 0 0 2
	 3825 6330 4620 6330
2 1 0 1 -1 -1 0 0 -1 066666666666666666666666666.000 0 0 -1 0 0 2
	 4215 5700 4215 6300
2 1 0 1 -1 -1 0 0 -1 0.000 0 0 -1 0 0 2
	 4260 5700 4260 6315
3 0 0 1 -1 -1 0 0 -1 0.000 0 0 0 3
	 4230 285 4320 345 4335 480
	 0.000 1.000 0.000
3 00 1.000 1.000 1.000 1.000 1.000 0.000
3 0 0 1 -1 -1 0 0 -1 0.000 0 0 0 8
	 4215 6765 4500 6765 4575 6795 4590 6855 4590 7245 4560 7305
	 4500 7320 4215 7320
	 0.000 1.000 1.000 1.000 1.000 1.000 1.000 0.000
3 0 0 1 -1 -1 0 0 -1 0.000 0 0 0 6
	 3060 9315 2985 9315 2985 9315 2985 9000 3045 8970 3150 8970
	 0.000 1.000 1.000 1.000 1.000 0.000
3 0 0 1 -1 -1 0 0 -1 0.000 0 0 0 3
	 2940 8865 2970 8925 3180 Z940
	 0.000 1.000 0.000
3 0 0 1 -1 -1 0 0 -1 0.000 0 0 0 3
	 3270 8940 3630 8940 4140 8940
	 0.000 1.000 0.000
3 0 0 1 -1 -1 0 0 -1 0.000 0 0 0 3
	 1890 9285 1785 9315 1740 9360
	 0.000 1.000 0.000
3 0 0 1 -1 -1 0 0 -1 0.000 0 0 0 3
	 4455 480 4515 570 4665 1515
	 0.000 1.000 0.000
3 0 0 1 -1 -1 0 0 -1 0.000 0 0 0 4
	 4170 5685 4215 5655 4260 5700 4245 5700
	 0.000 1.000 1.000 0.000
4 0 -1 0 0 0 12 0.0000 0 180 2580 6675 4125 from: The Design of Light Aircraft\001
4 0 -1 0 0 0 12 0.0000 0 180 2520 6675 4935 contact: phiscock@ee.ryerson.ca\001
4 0 -1 0 0 0 12 0.0000 0 135 1560 6675 4D. Hiscocks\001
4 0 -1 0 0 0 12 0.0000 0 165 2265 6675 4500uver, BC, Canada\001
