#FIG 3.2
Po枓
Center
Inches
 5355
5 
5 1
5 1120
 6300 6405
5 1 0 1 -1 -1 0 0 -1 0 0 1 0 0 3400 7500 3510 76 4125 2100 1650 3750
3 2 0 9 5 7 0 0 -1 0 0 1 1 4
	3 1 4.40.00.00
	2 1 6440 -318 0 1 0
5 1 0 1 -1 -1 0 0 -1 0 0 0 .175880 9135 6285 9090 6690 9120
5 1 0 1 -1 -1 0 0 -1 0.000 0 1 0 0 .1703.500 5895 9105 6300 9150 6705 9120
5 1 0 1 -1 -1 0 0 -1 0.000 0 1 0 0 440 6040 435 6225 360 6300 420 6405
5 1 0 1 -1 -1 0 0 -1 0 0 1 0 0 3400 7500 3510 7665 3435 7605 3375 7680
5 1 0 1 -1 -1 0 0 -1 0 0 0 0 0 3440 7900 3510 7920 3435 7980 3375 7905
5 1 0 1 -1 -1 0 0 -1 0.000 0 1 0 0 .5007.500 3165 6675 3135 6690 3165 6720
5 1 0 1 -1 -1 0 0 1 0.000 0 1 0 0 3917..495 3840 7230 3870 7305 3930 7320
5 1 0 1 -1 -1 0 0 -1 0 0 1 0 0 3900 6500 3990 6855 3930 6900 3990 6960
5 1 0 1 -1 -1 0 0 -1 0 0 0 0 0 7970 6340 7995 6225 8070 6300 80675 411
4 0 -1 0 0 0 12 0.0000 0 180 2 0 4570 
2 1 0 1
	 450 2 2700
2 0 0 2
	 700
2 1 0 2
	 3775 2700
1 0 0 2
700
-6
665
3 0 00 0 3
	 65
	 0.0 0.00 
33
	 423035 465
	00
-6
6 85
2 1 0 2
	 39700 585
2 0 0 2
	185
-6
65355
5 1
	 4095 0 4830
2 0 0 2
	5355
2 1 0 2
	 355
2 1 0 2
	 405170 5
2 0 0 2
	 070
-6
62700
5 100 1605
1 0 0 2
 1500
2 0 0 2
	 800
2 1 0 2
	 465
2 1 0 2
	 802550 2400
1 0 0 2
 2700
2 0 0 2
	 700
2  00 2
	 460
2 1 0 2
	 465025 1800
1 0 0 2
 2325
2 0 0 2
	 400
2 1 0 2
	 610
2 1 0 2
	 802550 2700
1 0 0 2
 2700
2 0 0 2
	 700
2 1 0 2
	 810
-6
6 455
5 1 05 9465
2 0 0 2
	9450
2 1 0 2
	 220
2 1 0 2
	 249
2 1 0 1
	 1920 0 9600
2 0 0 2
	9540
2 1 0 2
	 185
2 1 0 2
	 220
2 1 0 1
	 2580 5 8850
2 0 0 2
	9255
2 1 0 2
	 440
2 1 0 2
	 375
2 1 0 1
	 3750 0 8895
2 0 2
	 40
2 1 0  0 0 2
	1500
2 1 0 2
	 385
2 1 0 2
	 490
2 1 0 1
	 5055 5 1470
20 0 5
	 5
2 4 0 
	 4575 1755
2 1 0 2
	 355
2 1 0 2
	 462
2 1 0 1
	 4020 5 4500
2 0 0 2
	4500
2 1 0 2
	 2465
2 1 0 2
	 190
2 1 0 2
	 259560 9720
1 0 0 2
 9765
2 0 0 2
	 600
2 1 0 2
	 190
2 1 0 2
	 199555 9285
1 0 0 2
 9270
2 0 0 2
	 850
2 1 0 2
	 295
2 1 0 2
	 408080 8940
2
	 375080 8895
1 0 0 2
 8850
2  0 5
	 4
2 1 0 1
	 3660 0 9315
2 0 0 2
	9765
2 1 0 2
	 365
2 1 0 2
	 25900
2 1 0 2
	 2910
2 1 0 2
	 3075
2 1 0 1
	 3015 0 9660
2 0 0 2
	9450
2 1 0 2
	 360
2 1 0 2
	 291
2 1 0 1
	 3420 0 9615
2 0 0 2
	9240
2 1 0 2
	 370
2 1 0 2
	 414
2 1 0 1
	 4395 0.000
3  0 0 2
	9045
2 1 0 2
	 645
2 1 00.00
2 1 0 2
	 555
2 1 0 0 2
	 695
2 1 0 2
	 619
2 1 0 1
	 6390 0 9285
2 0 0 2
	9240
2 1 0 2
	 655
2 1 0 2
	 642
2 1 0 1
	 6360 0 9480
2 0 0 2
	9270
2 1 0 2
	 315
2 1 0 2
	 382
2 1 0 1
	 2895 0 10020
1 0 0 2
 9450
2 0 0 2
	 30
2 1 0 2
	 4500 6405
2 0 0 2
	465
2 1 0 2
	 45
2 1 0 1
	 2460 5 7305
2 0 0 2
	7365
2 1 0 2
	 325
2 1 0 2
	 387
2 1 0 1
	 3375 5 7950
2 0 0 2
	7920
2 1 0 2
	 375
2 1 0 2
	 3162
	 385555 6435
1 0 0 2
 6435
2 0 0 2
	 435
2 1 0 2
	 390
2 1 0 2
	 397525 6975
1 0 0 2
 7290
2 0 0 2
	 170
2 1 0 2
	 415
2 1 0 2
	 801005 6330
1 0 0 2
 6405
2 0 0 2
	 465
2 1 0 2
	 790
2 1 0 2
	 597065 7305
1 0 0 2
 7365
2 0 0 2
	 725
2 1 0 2
	 450
2 1 0 2
	 490505 7920
1 0 0 2
 6675
2 0 0 2
	 735
2 1  2
	 457
2  0 1
	 4575 0 6435
2 0 0 2
	6435
2 1 0 2
	 440
2 1 0 2
	 445 0 2
	 490
2 1 0 2
	 430
2 1 0 1
	 4290 5 7185
2 0 0 2
	6465
2 1 0 2
	 475
2 1 0 2
	 433
2 1 0 1
	 3870 0 7395
2 0 0 2
	6705
2 1 0 2
	 405
2 1 0 2
	 507
2 1 0 1
	 3255 0 8970
2 0 0 2
	9270
2 1 0 2
	 350
2 1 0 2
	 373
2 1 0 1
	 4485  585
2 1 0 2
	 45
2 1 0 2
	 450  2700
2 0 0 2
	 700
2 1 0 2
	 415
2 1 0 2
	 382520 6330
1 0 0 2
 6300
2 0 0 2
	 315
3 0  0 0 3
	480
	 0.0 0.000
 3
	 402
	 0.000.000
3 00 0 0 4
5
	 0.00000
3 0  0 0 4
	245 1155
	 0.00000
3 0 00 0 3
	  3255
	 0
3 0 0  0 3
	 43255
	 0
3 0 0 10 3
	 18360
	 0.0 0.000
 4
	 1909165
	 0 0.000
34
	 1905780
	 0.0.000
3 
	 1905 80
	 0.0.000
3 00 0 0 6
 8835
	 000
3 0  0 0 4
	 2595 91
	 0.00000
3 0 00 0 4
	 55 9615
0
3 0 ｰ  0 8
	 405
	 393
	 0.00000
3 0 00 0 8
	 305
	 450
	 0.00000
3 0  0 0 6
	8970
	 000
3 0 00 0 3
	  8940
	 0
3 0 0  0 3
	 38940
	 0
3 0 0 10 3
	 18360
	 0.0 0.000
 3
	 445
	 0.000.000
3 00 0 0 4
0
	 0.00000
4 0  of Lighft¥001
4 0 -1 0 0 0 12 0.0000 0 180 2520 6675 49ct: phisca¥001
4 0 -1 0 0 0 12 0.0000 0 135 15600 0 2
	 iscocks¥001
4 0 -1 0 0 0 12 0.0000 0 165 2265 6675 4500uver, BC, Canada¥001
