#FIG 2.0
80 2
5 1 0 1 0 0 0 0 0.000 0 0 0 150 197 119 199 154 159 199 199
1 3 0 1 0 0 0 0 0.000 1 0.000 159 159 5 5 159 159 159 164
2 1 1 1 0 0 0 1 0 0 0
	 159 164 159 199 9999 999
2 1 0 1 0 0 0 0 0.000 0 0
	 159 159 159 159 9999 9999
2 1 0 1 0 0 0 0 0 0 0
	 79 79 479 79 9999 9999
2 1 0 1 0 0 0 0 0 0 0
	 199 199 479 199 9999 9999
2 1 0 1 0 0 0 0 0.000 0 0
	 74 199 119 199 9999 9999
2 1 0 1 0 0 0 0 0.000 1 0
	0 0 1.000 4 8.000
	 79 179 109 179 9999 9999
2 1 0 1 0 0 0 0 0.000 1 0
	0 0 1.000 4 8.000
	 79 164 119 164 9999 9999
2 1 0 1 0 0 0 0 0.000 1 0
	0 0 1.000 4 8.000
	 79 144 124 144 9999 9999
2 
	0 