	6 
2 1
5
6 2
	00
2 4 9999
4 2  
2 1
	  76 4125 0 3N50
3 2 0 9 5 7 00 1 	3 1
	6  2
	00
2 4 9999 9999
4 2  
2 1
6 4125 2100 1650 3750
3 2 0 9 5 70 0 1 1 4
	3 1
	00
2 4 9999 9999
4 2  
2 1
6 4125 2100 1650 
99
4 2  
2 1
	  76 4125 2100 1650 3750
3 2 0 9 5 7 0 0 -1 0 0 1 1 4
	3 1
	6 
2 1
5
6 2
	00
2 4 9999 9999
4 2  
2 1
6 4125 2100 1650 3750
3 2 0 9 5 7 0 0 -1 0 0 1 1 4
	3 1
	00
2 4 9999 9999
4 2  
2 1
	00
2 4 9999 9999
4 2  
2 1
6 4125 2100 1650 
99
4 2  
2 1
	  76 4125 2100 1650 3750
3 2 0 9 5 7 0 0 -1 0 0 1 1 4
	3 1
	6 
2 1
5
6 2
	00
2 4 9999 9999
4 2  
2 1
6 4125 2100 1650 3750
3 2 0 9 5 7 0 0 -1 0 0 1 1 4
	3 1
	00
2 4 9999 90 1650 
3