#FIG 3.00.00500 4920 7920 4995 7980 055 79055 
5 1320
60
550 3750
3 2 0 9 5 7 0 0 -1 0 0 1 1 4
	3 1 4.40 10 0 680
5 1 0 1 05
5 1 0 1 -0
5 1  1 -1 -1 0 0 -1 0 0 1 0 0 3917..495 3840 7230 3870 7305 3930 7320
5 1 0 1 -1 -1 0 0 -1 0 0 1 0 0 3900 6500 3990 6855 3930 6900 3990 6960
5 1 0 1 -1 -1 0 0 -1 0 0 0 0 0 7970 6340 7995 6225 8070 6300 80675 401
4 0 -1 0 0 0 12 00 0 180 2520 6675 49p 6 450 2400 2325 2400
2 1 0   -1 -1 0 0 -1 0.000 0 0 -1 0 0 2
	 2325 2400 2325 2700
2 1 0 1 -1 -1 0 0 -1 0.000 0 0 -1 0 0 2
	 450 2700 3825 2700
2 1 0985 6615 3015 6615
15 664D
2 3 0 1 -0 0 0A5
	 3540 4935 3345 4590 3360 4560 3390 4%60 3540 493600 3975 3600 4200
2 3 0 劔劔劔0 0 20 0100 3735 5100
1 4 0 3 -1 -1 0 0 20 0.000 1 0.0000 3615 5100 45 45 3585 5100 3660 5100
1 3 0 1 -1 -1 0 0 20 0.000 1 0.0000 2985 6615 30 30 2985 6615 3015 6615
1 3 0 1 -1 -1 0 0 20 0.000 1 0.0030 3795 590 3360 4560 3390 4560 3540 4935
2 1 0 3 -1 -1 0 0 -1 0.000 0 0 0 0 0 2
	 5325 5775 5325 5850
2 1 0 3 -1 -1 0 0 -1 0.000 0 0 0 0 0 2
	 5325 5325 5325 5400
2 3 0 1 -1 -1 0 0 20 0.000 0 0 0 0 0 7
	 6705 5670 6675 5715 6675 6045 6705 6090 6735 6045 6735 5715
	 6705 5670
2 3 0 1 -1 -1 0 0 20 0.000 0 0 0 0 0 7
	 6705 5190 6675 5235 6675 5565 6705 5610 6735 5565 6735 5235
	 6705 5190
2 3 0 1 -1 -1 0 0 20 0.000 0 0 0 0 0 7
	 6705 5640 6660 5610 6330 5610 6285 5640 6330 5670 6660 5670
	 6705 5640
2 3 0 1 -1 -1 0 0 20 0.000 0 0 0 0 0 7
	 5985 6090 5940 6060 5610 6060 5565 6090 5610 6120 5940 6120
	 5985 6090
2 3 0 1 -1 -1 0 0 20 0.000 0 0 0 0 0 7
	 5550 5655 5520 5700 5520 6030 5550 6075 5580 6030 5580 5700
	 5550 5655
2 3 0 1 -1 -1 0 0 20 0.000 0 0 0 0 0 7
	 6000 5190 5970 5235 5970 5565 6000 5610 6030 5565 6030 5235
	 6000 5190
2 3 0 1 -1 -1 0 0 20 0.000 0 0 0 0 0 7
	 5970 5175 5925 5145 5595 5145 5550 5175 5595 5205 5925 5205
	 5970 5175
2 3 0 1 -1 -1 0 0 20 0.000 0 0 0 0 0 7
	 5175 5655 5145 5700 5145 6030 5175 6075 5205 6030 5205 5700
	 5175 5655
2 3 0 1 -1 -1 0 0 20 0.000 0 0 0 0 0 7
	 5175 5175 5145 5220 5145 5550 5175 5595 5205 5550 5205 5220
	 5175 5175
2 3 0 1 -1 -1 0 0 20 0.000 0 0 0 0 0 7
	 5970 5625 5925 5595 5595 5595 5550 5625 5595 5655 5925 5655
	 5970 5625
2 3 0 1 -1 -1 0 0 20 0.000 0 0 0 0 0 7
	 4725 5655 4695 5700 4695 6030 4725 6075 4755 6030 4755 5700
	 4725 5655
2 3 0 1 -1 -1 0 0 20 0.000 0 0 0 0 0 7
	 4725 5175 4695 5220 4695 5550 4725 5595 4755 5550 4755 5220
	 4725 5175
2 3 0 1 -1 -1 0 0 20 0.000 0 0 0 0 0 7
	 6285 5190 6255 5235 6255 5565 6285 5610 6315 5565 6315 5235
	 6285 5190
2 1 0 1 -1 -1 0 0 20 0.000 0 0 0 0 0 2
350 5100 4125 5100
2 1 0 1 -1 -1 0 0 -1 0.000 0 0 0 0 0 2
	 3600 5850 3600 6075
2 1 0 1 -1 -1 0 0 -1 0.000 0 0 0 0 0 2
	 3600 3975 360004200
2 3 0 1 -1 -1 0 0 20 0.000 0 0 0 0 0 5
	 3735 5250 4110 5670 4095 5715 4050 5700 3735 5250
2 1 0 2 -1 -1 0 0 -1 0.000 0 0 0 0 0 2
	 6315 4635 6510 4635
2 1 0 2 -1 -1 0 0 -1 0.000 0 0 0 0 0 2
	 6330 4305 6540 4305
2 1 0 2 -1 -1 0 0 -1 5.000 0 0 0 0 0 2
	 6360 3960 6555 3960
2 1 0 2 -1 -1 0 0 -1 0.000 0 0 0 0 0 2
	 6570 4320 6540 4620
2 1 0 2 -1 -1 0 0 -1 0.000 0 0 0 0 0 2
	 6600 3975 6570 4275
2 1 0 2 -1 -1 0 0 -1 0.000 0 0 0 0 0 2
330 3975 6300 4275
2 1 0 2 -1 -1 0 0 -1 0.000 0 0 0 0 0 2
	 6075 4320 6045 4620
2 1 0 2 -1 -1 0 0 -1 0.000 0 0 0 0 0 2
	 6105 3975 6075 4275
2 1 0 1 -1 -1 0 0 -1 0.000 0 0 0 0 0 2
	 4200 6300 2700 6300
2 2 0 1 -1 -1 0 0 -1 0.000 0 0 0 0 0 5
	 4875 6300 4200 6300 4200 6825 4875 6825 4875 6300
2 2 0 1 -1 -1 0 0 -1 0.000 0 0 0 0 0 5
	 4875 6300 5550 6300 5550 6825 4875 6885 4875 6300
2 2 0 1 -1 -1 0 0 -1 0.000 0 0 0 0 0 5
	 6225 6300 5550 6300 5550 6825 6225 6825 6225 6300
2 1 0 1 -1 -1 0 0 -1 0.000 0 0 0 0 0 2
	 6900 6300 6225 6300
2 1 0 1 -1 -1 0 0 -1 0.000 0 0 0 0 0 2
	25 3525 6600 3525
2 1 0 1 -1 -1 0 0 -1 0.000 0 0 0 0 0 2
	 3825 5 6600 3375
2 1 0 1 -1 -1 0 0 -1 0.000 0 0 0 0 0 2
	 3825 3300 6600 3300
2 3 0 1 -1 -1 0 0 3 0.000 0 0 0 0 0 17
	 2850 3000 2850 2775 4050 2775 4050 2475 4350 2475 4350 2775
	 4650 2775 4650 2475 4950 2475 4950 2775 5250 2775 5250 2475
	 5550 2475 5550 2775 6750 2775 6750 3000 2850 3000
2 3 0 1 -1 -1 0 0 3 0.000 0 0 0 0 0 5
	 2925 2700 4050 2700 4050 2175 3075 2175 2925 2700
2 3 0 1 -1 -1 0 0 3 0.000 0 0 0 0 0 5
	 4050 2100 4050 1575 3255 1575 3105 2100 4050 2100
2 3 0 1 -1 -1 0 0 3 0.000 0 0 0 0 0 5
	 4050 1500 4050 975 3360 975 3270 1500 4050 1500
2 3 0 1 -1 -1 0 0 3 0.000 0 0 0 0 0 5
	 3375 900 4050 900 4050 375 3420 375 3375 900
2 2 0 1 -1 -1 0 0 3 0.000 0 0 0 0 0 5
	 4050 1875 405 75 5250 675 5550 675 5550 75 5250 75
2 2 0 1 -1 -1 0 0 3 0.000 0 0 0 0 0 5
	 4650 1875 4650 2475 4950 2475 4950 1875 4650 1875
2 2 0 1 -1 -1 0 0 3 0.000 0 0 0 0 0 5
	 4350 1575 4350 2175 4650 2175 4650 1575 4350 1575
2 2 0 1 -1 -1 0 0 3 0.000 0 0 0 0 0 5
	 4050 1275 4050 1875 4350 1875 4350 1275 4050 1275
2 2 0 1 -1 -1 0 0 3 0.000 0 0 0 0 0 5
	 4350 975 4350 1575 4650 1575 4650 975 4350 975
2 2 0 1 -1 -1 0 0 3 0.000 0 0 0 0 0 5
	 4650 1275 4650 1875 4950 1875 4950 1275 4650 1275
2 2 0 1 -1 -1 0 0 3 0.000 0 0 0 0 0 5
	 4950 2175 4950 2775 5250 2775 5250 2175 4950 2175
2 2 0 1 -1 -1 0 0 3 0.000 0 0 0 0 0 5
	 4950 1575 4950 2175 5250 2175 5250 1575 4950 1575
2 2 0 1 -1 -1 0 0 3 0.000 0 0 0 0 0 5
	 5250 1875 5250 2475 5550 2475 5550 1875 5250 1875
2 2 0 1 -1 -1 0 0 3 0.000 0 0 0 0 0 5
	 5250 1275 5250 1875 5550 1875 5550 1275 5250 1275
2 2 0 1 -1 -1 0 0 3 0.000 0 0 0 0 0 5
	 4950 975 4950 1575 5250 1575 5250 975 4950 975
2 2 0 1 -1 -1 0 0 3 0.000 0 0 0 0 0 5
	 4650 675 4650 1275 4950 1275 4950 675 4650 675
2 2 0 1 -1 -1 0 0 3 0.000 0 0 0 0 0 5
	 4050 675 4050 1275 4350 1275 4350 675 4050 675
2 2 0 1 -1 -1 0 0 3 0.000 0 0 0 0 0 5
	 4350 375 4350 975 46550 375 4