#FIG 3.2
Po枓
Center
Inches
 5355
5 
5 1
5 1120
 6300 6405
5 1 0 1 -1 -1 0 0 -1 0 0 1 0 0 3400 7500 3510 76 4125 2100 1650 3750
3 2 0 9 5 7 0 0 -1 0 0 1 1 4
	3 1 4.40.00.00
	2 1 6.60.00.00
	 1575 690 9120
5 1 0 1 -1 -1 0 0 -1 0.000 .1703.500 5895 980 3375 7905
5 1 0 1 -1 -1 0 0 -1 0.000 0 1 0 0 .5007.500 3165 6675 3135 6690 3165 6720
5 1 0 1 -1 -1 0 0 -1 0.000 0 1 0 0 3917..495 3840 7230 330 6900 3990 6960
5 1 0 1 -1 -1 0 0 -1 0 0 0 0 0 7970 6340 7995 6225 8070 6300 8010 6405
5 1 0 1 -1 -1 0 0 -1 0.000 0 0 0 0 .5002.500 4920 7665 4995 7605 5055 7680
5 1 0 1 -1 -1 0 0 -1 0.000 0 1 0 0 4500 .500 4920 7920 4995 7980 5055 7905
5 1 0 1 -1 -1 0 0 -1 0 0 0 0 0 5200 6500 5265 6675 5295 6690 5265 6720
5 1 0 1 -1 -1 0 0 -1 0 0 0 0 0 4515 7295 4590 7230 4560 7305 4500 7320
5 1 0 1 -1 -1 0 0 -1 0.000 0 0 0 0 .5007.500 4440 6855 4500 6900 4440 6960
ｨ 1 5
5 