#FIG 3.2
Port
Center
Inches
er 
100.00
Se
-2
# As
1200 2
5 1 0 1 -1 -1 0 0 -1 0.000 0 1 0 0 .0000.005 3540 1380 3465 1335 3390 1380
5 1 0 1 -1 -1 0 0 -1 0.000 0 1 0 0 4980..005 5055 1350 4980 1305 4905 1350
5 1 0 1 -1 -1 0 0 -1 0 0 1 0 0 570 4170 400 4230 0 4995 4230 5385
5 1 0 1 -1 -1 0 0 -1 0.000 0 0 0 0 .17096.500 5880 9135 6285 9090 6690 9120
5 1 0 1 -1 -1 0 0 -1 0.000 0 1 0 0 .1703.500 5895 9105 6300 9150 6705 9120
5 1 0 1 -1 -1 0 0 -1 0.000 0 1 0 0 440 6040 435 6225 360 6300 420 6405
5 1 0 1 -1 -1 0 0 -1 0 0 1 0 0 3400 7500 3510 7665 3435 7605 3375 7680
5 1 0 1 -1 -1 0 0 -1 0 0 0 0 0 3440 7900 3510 7920 3435 7980 3375 7905
5 1 0 1 -1 -1 0 0 -1 0.000 0 1 0 0 .5007.500 3165 6675 3135 6690 3165 6720
5 1 0 1 -1 -1 0 0 -1 0.000 0 1 0 0 3917..495 3840 7230 3870 7305 3930 7320
5 1 0 1 -1 -1 0 0 -1 0 0 1 0 0 3900 6500 3990 6855 3930 6900 3990 6960
5 1 0 1 -1 -1 0 0 -1 0 0 0 0 0 7970 6340 7995 6225 8070 6300 8010 6405
5 1 0 1 -1 -1 0 0 -1 0.000 0 0 0 0 .5002.500 4920 7665 4995 7605 5055 7680
5 1 0 1 -1 -1 0 0 -1 0.000 0 1 0 0 4500 .500 4920 7920 4995 7980 5055 7905
5 1 0 1 -1 -1 0 0 -1 0 0 0 0 0 5200 6500 5265 6675 5295 6690 5265 6720
5 1 0 1 -1 -1 0 0 -1 0 0 0 0 0 4515 7295 4590 7230 4560 7305 4500 7320
5 1 0 1 -1 -1 0 0 -1 0.000 0 0 0 0 .5007.500 4440 6855 4500 6900 4440 6960
5 1 0 1 -1 -1 0 0 -1 0.000 0 1 0 0 3855..195 3795 7290 3810 7380 3870 7395
5 1 0 1 -1 -1 0 0 -1 0 0 0 0 0 4570 7195 4635 7290 4620 7380 4560 7395
5 1 0 1 -1 -1 0 0 -1 0 0 0 0 0 3645 9239 3705 9225 3690 9300 3630 9315
6 345 1470 3825 2700
5 1 0 1 -1 -1 0 0 -1 0 0 1 0 0.4952.495 480 1500 405 1530 375 1605
2 1 0 1 -1 -1 0 0 -1 0.000 0 0 -1 0 0 2
	 3825 1500 450 1500
2 1 0 1 -1 -1 0 0 -1 0 0 0 -1 0 0 2
	 3825 1800 450 1800
2 1 0 1 -1 -1 0 0 -1 0 0 0 -1 0 0 2
	0 0 -1 0.000 0 0 0 039 3705 9225 3690 9300 3630 9315
6 345 1470 3825 2700
5 1 0 1 -1 -1 0 0 -1 0.000 0 1 0 0 477.495 1602.495 480 1500 405 1530 375 0
2 1 0 1 -1 -1 0 0 -1 0.000 0 0 -1 0 0 2
	 3825 1800 450 1800
2 1 0 1 -1 -1 0 0 -1 0.000 0 0 -1 0 0 2
	 3825 2325 450 2325
2 1 0 1 -1 -1 0 0 -1 0.000 0 0 -1 0 0 2
	 450 2400 2325 2400
2 1 0 1 -1 -1 0 0 -1 0.000 0 0 -1 0 0 2
	 2325 2400 2325 2700
2 1 0 1 -1 -1 0 0 -1 0.000 0 0 -1 0 0 2
	 450 2700 3825 2700
2 1 0 1 -1 -1 0 0 -1 0.000 0 0 -1 0 0 2
	 3825 1500 3825 2700
2 1 0 1 -1 -1 0 0 -1 0.000 0 0 -1 0 0 2
	 375 1575 375 2700
2 1 0 1 -1 -1 0 0 -1 0.000 0 0 -1 0 0 2
	 375 2700 525 2700
-6
6 4125 270 4335 465
3 0 0 1 -1 -1 0 0 -1 0.000 0 0 0 3
	 4230 270 4140 330 4125 465
	 0.000 1.000 0.000
3 0 0 1 -1 -1 0 0 -1 0.000 0 0 0 3
	 4230 270 4320 330 4335 465
	 0.000 1.000 0.000
-6
6 3975 585 4200 1185
2 1 0 1 -1 -1 0 0 -1 0.000 0 0 -1 0 0 2
	 3975 585 4200 585
2 1 0 1 -1 -1 0 0 -1 0.000 0 0 -1 0 0 2
	 4200 585 4200 1185
-6
6 3150 4575 4170 5355
5 1 0 1 -1 -1 0 0 -1 0.000 0 1 0 0 3266.250 4955.625 3225 4845 3180 4875 3150 4935
2 1 0 1 -1 -1 0 0 -1 0.000 0 0 -1 0 0 2
	 4095 4575 3210 4830
2 1 0 1 -1 -1 0 0 -1 0.000 0 0 -1 0 0 2
	 3165 4935 3165 5355
2 1 0 1 -1 -1 0 0 -1 0.000 0 0 -1 0 0 2
	 3150 5355 4050 5355
2 1 0 1 -1 -1 0 0 -1 0.000 0 0 -1 0 0 2
	 4050 5355 4170 5115
2 1 0 1 -1 -1 0 0 -1 0.000 0 0 -1 0 0 2
	 3165 5070 4155 5070
-6
6 4650 1470 8130 2700
5 1 0 1 -1 -1 0 0 -1 0.000 0 0 0 0 7997.505 1602.495 7995 1500 8070 1530 8100 1605
2 1 0 1 -1 -1 0 0 -1 0.000 0 0 -1 0 0 2
	 4650 1500 8025 1500
2 1 0 1 -1 -1 0 0 -1 0.000 0 0 -1 0 0 2
	 4650 1800 8025 1800
2 1 0 1 -1 -1 0 0 -1 0.000 0 0 -1 0 0 2
	 4650 2325 8025 2325
2 1 0 1 -1 -1 0 0 -1 0.000 0 0 -1 0 0 2
	 8025 2400 6150 2400
2 1 0 1 -1 -1 0 0 -1 0.000 0 0 -1 0 0 2
	 6150 2400 6150 2700
2 1 0 1 -1 -1 0 0 -1 0.000 0 0 -1 0 0 2
	 8025 2700 4650 2700
2 1 0 1 -1 -1 0 0 -1 0.000 0 0 -1 0 0 2
	 4650 1500 4650 2700
2 1 0 1 -1 -1 0 0 -1 0.000 0 0 -1 0 0 2
	 8100 1575 8100 2700
2 1 0 1 -1 -1 0 0 -1 0.000 0 0 -1 0 0 2
	 8100 2700 7950 2700
-6
6 4305 4575 5325 5355
5 1 0 1 -1 -1 0 0 -1 0.000 0 0 0 0 5208.750 4955.625 5250 4845 5295 4875 5325 4935
2 1 0 1 -1 -1 0 0 -1 0.000 0 0 -1 0 0 2
	 4380 4575 5265 4830
2 1 0 1 -1 -1 0 0 -1 0.000 0 0 -1 0 0 2
	 5310 4935 5310 5355
2 1 0 1 -1 -1 0 0 -1 0.000 0 0 -1 0 0 2
	 5325 5355 4425 5355
2 1 0 1 -1 -1 0 0 -1 0.000 0 0 -1 0 0 2
	 4425 5355 4305 5115
2 1 0 1 -1 -1 0 0 -1 0.000 0 0 -1 0 0 2
	 5310 5070 4320 5070
-6
1 3 0 1 -1 -1 0 0 -1 0.000 1 0.0000 2910 10200 90 90 2910 10200 2925 10290
1 3 0 1 -1 -1 0 0 -1 0.000 1 0.0000 2910 10200 180 180 2910 10200 3075 10260
1 3 0 1 -1 -1 0 0 -1 0.000 1 0.0000 6630 9480 60 60 6630 9480 6675 9525
1 3 0 1 -1 -1 0 0 -1 0.000 1 0.0000 4215 6930 675 675 4215 6930 3555 7065
1 3 0 1 -1 -1 0 0 -1 0.000 1 0.0000 4215 6930 90 90 4215 6930 4125 6960
1 3 0 1 -1 -1 0 0 -1 0.000 0 -0.0000 4215 6930 675 675 4215 6930 4875 7065
1 3 0 1 -1 -1 0 0 -1 0.000 0 -0.0000 4215 6930 90 90 4215 6930 4305 6960
2 1 0 1 -1 -1 0 0 -1 0.000 0 0 -1 0 0 2
	 4020 480 4455 480
2 1 0 1 -1 -1 0 0 -1 0.000 0 0 -1 0 0 2
	 4050 615 3990 1140
2 1 0 1 -1 -1 0 0 -1 00 0 0 -1 0 0 2
	 3405 1395 3405 1500
2 1 0 1 -1 -1 0 0 -1 0.000 0 0 -1 0 0 2
	 3540 1380 3540 1485
2 1 0 1 -1 -1 0 0 -1 0.000 0 0 -1 0 0 2
	 4905 1380 4905 1485
2 1 0 1 -1 -1 0 0 -1 0.000 0 0 -1 0 0 2
	 5055 1365 5055 1470
2 4 0 1 -1 -1 0 0 -1 0.000 0 0 7 0 0 5
	 4170 1755 4170 1590 3900 1590 3900 1755 4170 1755
2 4 0 1 -1 -1 0 0 -1 0.000 0 0 7 0 0 5
	 4575 1755 4575 1590 4305 1590 4305 1755 4575 1755
2 1 0 1 -1 -1 0 0 -1 0.000 0 0 -1 0 0 2
	 3825 2715 4185 5055
2 1 0 1 -1 -1 0 0 -1 0.000 0 0 -1 0 0 2
	 4620 2715 4260 5055
2 1 0 1 -1 -1 0 0 -1 0.000 0 0 -1 0 0 2
	 4020 3285 4215 4500
2 1 0 1 -1 -1 0 0 -1 0.000 0 0 -1 0 0 2
	 4440 3285 4245 4500
2 1 0 1 -1 -1 0 0 -1 0.000 0 0 -1 0 0 2
	 2265 10530 6945 9465
2 1 0 1 -1 -1 0 0 -1 0.000 0 0 -1 0 0 2
	 1980 9345 2520 9450
2 1 0 1 -1 -1 0 0 -1 0.000 0 0 -1 0 0 2
	 2595 9180 2460 9720
2 1 0 1 -1 -1 0 0 -1 0.000 0 0 -1 0 0 2
	 2490 9630 2835 9765
2 1 0 1 -1 -1 0 0 -1 0.000 0 0 -1 0 0 2
	 1920 9495 1920 9600
2 1 0 1 -1 -1 0 0 -1 0.000 0 0 -1 0 0 2
	 1980 9195 1980 9540
2 1 0 1 -1 -1 0 0 -1 0.000 0 0 -1 0 0 2
	 1995 9285 2355 9285
2 1 0 1 -1 -1 0 0 -1 0.000 0 0 -1 0 0 2
	 2205 9270 2550 9270
2 1 0 1 -1 -1 0 0 -1 0.000 0 0 -1 0 0 2
	 2580 9165 2925 8850
2 1 0 1 -1 -1 0 0 -1 0.000 0 0 -1 0 0 2
	 2940 8865 2925 9255
2 1 0 1 -1 -1 0 0 -1 0.000 0 0 -1 0 0 2
	 4080 8820 4080 8940
2 1 0 1 -1 -1 0 0 -1 0.000 0 0 -1 0 0 2
	 3750 8850 3750 8895
2 1 0 1 -1 -1 0 0 -1 0.000 0 0 -1 0 0 2
	 3750 8895 4080 8895
2 1 0 1 -1 -1 0 0 -1 0.000 0 0 -1 0 0 2
	 2955 8850 4080 8850
2 4 0 1 -1 -1 0 0 -1 0.000 0 0 7 0 0 5
	 4035 9300 4035 8985 3795 8985 3795 9300 4035 9300
2 1 0 1 -1 -1 0 0 -1 0.000 0 0 -1 0 0 2
	 3660 9315 3120 9315
2 1 0 1 -1 -1 0 0 -1 0.000 0 0 -1 0 0 2
	 3255 8895 2970 9765
2 1 0 1 -1 -1 0 0 -1 0.000 0 0 -1 0 0 2
	 3195 8895 2925 9765
2 1 0 1 -1 -1 0 0 -1 0.000 0 0 -1 0 0 2
	 2595 10200 3270 10200
2 1 0 1 -1 -1 0 0 -1 0.000 0 0 -1 0 0 2
	 2910 9960 2895 10440
2 1 0 1 -1 -1 0 0 -1 0.000 0 0 -1 0 0 2
	 3075 10080 3390 9780
2 1 0 1 -1 -1 0 0 -1 0.000 0 0 -1 0 0 2
	 3015 9660 3390 9660
2 1 0 1 -1 -1 0 0 -1 0.000 0 0 -1 0 0 2
	 3390 9660 3735 9450
2 1 0 1 -1 -1 0 0 -1 0.000 0 0 -1 0 0 2
	 3600 9360 3690 9360
2 1 0 1 -1 -1 0 0 -1 0.000 0 0 -1 0 0 2
	 2910 9780 3435 9780
2 1 0 1 -1 -1 0 0 -1 0.000 0 0 -1 0 0 2
	 3420 9780 3750 9615
2 1 0 1 -1 -1 0 0 -1 0.000 0 0 -1 0 0 2
	 3435 9780 6690 9240
2 1 0 1 -1 -1 0 0 -1 0.000 0 0 -1 0 0 2
	 3765 9600 5985 9270
2 1 0 1 -1 -1 0 0 -1 0.000 0 0 -1 0 0 2
	 4140 8955 4395 9060
2 1 0 1 -1 -1 0 0 -1 0.000 0 0 -1 0 0 2
	 4395 9060 6000 9165
2 1 0 1 -1 -1 0 0 -1 0.000 0 0 -1 0 0 2
	 4110 8940 5880 9045
2 1 0 1 -1 -1 0 0 -1 0.000 0 0 -1 0 0 2
	 6225 8295 5895 9045
2 1 0 1 -1 -1 0 0 -1 0.000 0 0 -1 0 0 2
	 6225 8295 6690 8295
2 1 0 1 -1 -1 0 0 -1 0.000 0 0 -1 0 0 2
	 6195 8355 6705 8355
2 1 0 1 -1 -1 0 0 -1 0.000 0 0 -1 0 0 2
	 6390 8295 6390 9285
2 1 0 1 -1 -1 0 0 -1 0.000 0 0 -1 0 0 2
	 6705 8295 6705 9240
2 1 0 1 -1 -1 0 0 -1 0.000 0 0 -1 0 0 2
	 6195 8355 6705 8355
2 1 0 1 -1 -1 0 0 -1 0.000 0 0 -1 0 0 2
	 6420 9300 6645 9480
2 1 0 1 -1 -1 0 0 -1 0.000 0 0 -1 0 0 2
	 6360 9315 6630 9480
2 1 0 1 -1 -1 0 0 -1 0.000 0 0 -1 0 0 2
	 2595 9270 2670 9270
2 1 0 1 -1 -1 0 0 -1 0.000 0 0 -1 0 0 2
	 3825 2715 4650 2715
2 1 0 1 -1 -1 0 0 -1 0.000 0 0 -1 0 0 2
	 3825 1500 4665 1500
2 1 0 1 -1 -1 0 0 -1 0.000 0 0 -1 0 0 2
	 2895 9795 2910 10020
2 1 0 1 -1 -1 0 0 -1 0.000 0 0 -1 0 0 2
	 1905 9270 1905 9450
2 1 0 1 -1 -1 0 0 -1 0.000 0 0 -1 0 0 2
	 420 6225 3825 6330
2 1 0 1 -1 -1 0 0 -1 0.000 0 0 -1 0 0 2
	 450 6225 450 6405
2 1 0 1 -1 -1 0 0 -1 0.000 0 0 -1 0 0 2
	 450 6345 3795 6465
2 1 0 1 -1 -1 0 0 -1 0.000 0 0 -1 0 0 2
	 450 6405 3765 6540
2 1 0 1 -1 -1 0 0 -1 0.000 0 0 -1 0 0 2
	 2460 6495 3765 7305
2 1 0 1 -1 -1 0 0 -1 0.000 0 0 -1 0 0 2
	 2355 6495 3765 7365
2 1 0 1 -1 -1 0 0 -1 0.000 0 0 -1 0 0 2
	 3780 7380 3540 7725
2 1 0 1 -1 -1 0 0 -1 0.000 0 0 -1 0 0 2
	 3870 7395 3525 7800
2 1 0 1 -1 -1 0 0 -1 0.000 0 0 -1 0 0 2
	 3375 7665 3375 7950
2 1 0 1 -1 -1 0 0 -1 0.000 0 0 -1 0 0 2
	 3525 7650 3525 7920
2 1 0 1 -1 -1 0 0 -1 0.000 0 0 -1 0 0 2
	 3150 6675 3765 6675
2 1 0 1 -1 -1 0 0 -1 0.000 0 0 -1 0 0 2
	 3165 6735 3765 6735
2 1 0 1 -1 -1 0 0 -1 0.000 0 0 -1 0 0 2
	 3855 6360 3855 6435
2 1 0 1280 6705
2 1 0 1