#FIG 3.2
Port
Ce.00
Se
-2
# As
12
5 55
50 42900
2 2 0 3 0 7 0 0 -1 0 0 0 -1 0 0 5
	 5700 4425 8325 4425 8325 6300 5700 6300 5700 4425
2 1 0 8 4 7 0 0 -1 0 0 0 -1 0 1 2
	1 0 4.00.00 00
00 5325 3225 5325
2 1 0 8 4 7 0 0 -1 0 0 0 -1 0 1 2
	2 0 5.00.00 00
	 7050 4425 7050 2325
2 1 0 16 1 7 0 0 -1 0.000 0 0 -1 1 1 3
	3 0 5.00.00.00
	2 1 5.00.00.00
75 2100 4125 2100 1650 3750
3 2 0 9 5 7 0 0 -1 0 0 1 1 4
	3 1 4.00 240.00.00
	2 1 6.00 360.00.00
	 1575 8325 4200 8025 1725 7125 4050 6450
	00 -1.000 -1 0.000
3 0 0 11 31 7 0 0 -1 0 0 1 1 4
	0 0 11.0 3375 7680
5 1 0980 3375 7905
5 1 0 1 -1 -1 0 0 6697 00
3 0 -1 3165 6675 31ﮰ5 6690 3165 6720
5 1 0 1-1 0 0 -1 0.000 01 -1 0 0 -1 7245 3840 7230 3870 7305 3930 7320
