#FIG 3.21380 5 3390 1380
5 1 50
0
5 0
5 
5 105
5 1 -1
5 1 0 
5 1 0 1 -1 -1 0 0 -1 0.000 0 1 0 0 .5007.500 3165 6675 3135 6690 3165 6720
5 1 0 1 -1 -1 0 0 -1 0 0 1 0 0 3917..495 3840 7230 3870 7305 3930 7320
5 1 0 1 -1 -1 0 0 -1 0 0 1 0 0 3900 6500 3990 6855 3930 6900 3990 6960
5 1 0 1 -1 -1 0 0 -1 0 0 0 0 0 7970 6340 7995 6225 8070 6300 80675 412
4 0 -1 0 0 0 12 00 0 180 2520 6675 4act: ph960
95
5 2
	 444
2 10 2
5
2 2
	 895
0
2 
	 4t\001
4 0 -1 0 0 0 1 0 -1 0.0 0  0 2
	 315
2 2
	9765
2 1
	 365
2
2 .
	 2 0
25
	 ft\001
4 0 -1 0 0 0 1 -1-1 0 0 00 0 2
	 315
0 2
5
2 2
	 765
0 2
200
0 2
40
2 2
	暍毽-6
6
5 1935
2