#FIG 3.2
Lanpe
Center
In
Letter 
100.00
le
-2
#1905
5 17520
4 1 0 1 -1 -1 0 0 -1 5895 9  420 6405
5 0
5 7
	 235
190
 7
	5205
	 5
2 30 7
0
	 5
2 
	 520
	75
27
	 
	 6
2 10 2
0
2 
	 300
22
	 525
4375
5
	 5
2
75
2
	 4
2 2 5
	675
5
	 0
2
100
5
	 500
5
	 
2 3 5
2
2 3 5
	00
2
	 5
2 3 5
	00
 9150 6705 9120
5 1 0 1 -1 -1 0 0 -1 0.0070 0 0 1 0 0 440 6040 435 6225 360 6300 420 6405
5 1 0 1 -1
5 1 0 1 -1 -1 0 0 -1 0 0 0 0 0 3440 7900 3510 790000000000000000000000000000000000000000000000000000000000000000000000000000000000000000000000000000000000000000000000000000000000000000000000000000000000000000000000000000000000035 8985 3795 80675 492raft\001
4 0 -1 0 0 0 1 -1 -1 0 0 -1 0.000 0 0 -1 0 0 2
	 3660!9315 3120 9315
2 1 0 1 -1 -1 0 0 -1 0.000 0 0 -1 0 0 2
	 3255 8895 2970 9765
2 1 0 1 -1 -1 0 0 -1 0.000 0 0 -1 0   2
	 3195 8895 2925 9765
2 1 0 1 -1 -1 0 0 -1 0.000 0 0 -1 0 0 2
	 2595 10200 3270 10200
2 1 0 1 -1 -1 0 0 -1 0.000 0 0 -1 0 0 2
	 2910 9960 2895 10440
2   1 -1 -1 0 0 -1 0.000 0 0 -1 0 0 2
	 3075 10080 3390 9780
2 1 0 1 -1 -1 0 0 -1 0.000 0 0 -1 0 0╖╖╖╖│╖╖╖╖╖╖╖╖╖╖╖╖╖╖╖╖╖╖╖╖╖╖╖╖╖╖╖╖╖╖╖╖╖╖╖╖╖╖╖╖╖╖╖╖╖╖╖╖╖╖╖╖╖╖╖╖╖╖╖╖╖╖╖╖╖╖╖╖╖╖╖╖╖╖╖╖╖╖╖╖╖╖╖╖╖╖╖╖╖╖╖╖╖╖╖╖╖╖╖╖╖╖╖╖╖╖╖╖╖╖╖╖╖╖╖╖╖╖╖╖╖╖╖╖╖╖╖╖╖╖╖╖╖╖╖╖╖╖╖╖╖╖╖╖╖╖╖╖╖╖╖╖╖╖╖╖╖╖╖╖╖╖╖╖╖╖╖╖╖╖╖╖╖╖╖╖╖╖╖╖╖╖╖╖╖╖╖╖╖╖╖╖╖╖╖╖╖╖╖╖╖╖╖╖╖╖╖╖╖╖╖╖╖╖╖╖╖╖╖╖╖╖╖╖╖╖╖╖╖╖╖╖╖╖╖╖╖╖╖╖╖╖╖╖╖╖╖╖╖╖╖╖╖╖╖╖╖╖╖╖╖╖╖╖╖╖╖╖╖╖╖╖╖╖╖╖╖╖╖╖╖╖╖╖╖╖╖╖╖╖╖╖╖╖╖╖╖╖╖╖╖╖╖╖╖
2 . 0 1 -1 -1 0 0 -1 0.000 0 0 -1 0 0 2
	 2940 8865 0
2 4 0 1 -1 -1 0 0 -1 0.000 0 0 7 0 0 5
	 4035 9300 4035 8985 3795 80675 492raft\001
4 0 -1 0 0 0 1 -1 -1 0 0 -1 0.000 0 0 -1 0 0 2
	 3660 9315 3120 9315
2 1 0 1 -1 -1 0 0 -1 0.000 0 0 -1 0 0 2
	 3255 8895 2970 9765
2 1 0 1 -1 -1 0 0 -1 0.000 0 0 -1 0  
2 1 0 1 -1 -1 0 0 -1 0.000 0 0 -1 0 0 2
	 2595 10200 3270 10200
2 1 0 1 -1 -1 0 0 -1 0.000 0 0 -1 0 0 2
	 2910 9960 2895 10440
2 1┴0 1 -1 -1 0 0 -1 0.000 0 0 -1 0 0 2
	 3075 10080 3390 9780
2 1 0 1 -1 -1 0 0 -1 0.000 0 0 -1 0 0╖╖╖╖│╖╖╖╖╖╖╖╖╖╖╖╖╖╖╖╖╖╖╖╖╖╖╖╖╖╖╖╖╖╖╖╖╖╖╖╖╖╖╖╖╖╖╖╖╖╖╖╖╖╖╖╖╖╖╖╖╖╖╖╖╖╖╖╖╖╖╖╖╖╖╖╖╖╖╖╖╖╖╖╖╖╖╖╖╖╖╖╖╖╖╖╖╖╖╖╖╖╖╖╖╖╖╖╖╖╖╖╖╖╖╖╖╖╖╖╖╖╖╖╖╖╖╖╖╖╖╖╖╖╖╖╖╖╖╖╖╖╖╖╖╖╖╖╖╖╖╖╖╖╖╖╖╖╖╖╖╖╖╖╖╖╖╖╖╖╖╖╖╖╖╖╖╖╖╖╖╖╖╖╖╖╖╖╖╖╖╖╖╖╖╖╖╖╖╖╖╖╖╖╖╖╖╖╖╖╖╖╖╖╖╖╖╖╖╖╖╖╖╖╖╖╖╖╖╖╖╖╖╖╖╖╖╖╖╖╖╖╖╖╖╖╖╖╖╖╖╖╖╖╖╖╖╖╖╖╖╖╖╖╖╖╖╖╖╖╖╖╖╖╖╖╖╖╖╖╖╖╖╖╖╖╖╖╖╖╖╖╖╖╖╖╖╖╖╖╖╖╖╖╖╖╖╖╖╖╖╖╖╖╖╖╖╖╖╖╖╖╖╖╖╖╖╖╖╖╖0000000000000000000000000000000000000000000000000000000000000000000000000000000000000000000000000000000000000000000000000000000000000000000000000000000000000000000000000000000000000000000000000000000000035 8985 3795 80675 492raft\001
4 0 -1 0 0 0 1 -1 -1 0 0 -1 0.000 0 0 -1 0 0 2
	 3660!9315 3120 9315
2 1 0 1 -1 -1 0 0 -1 0.000 0 0 -1 0 0 2
	 3255 8895 2970 9765
2 1 0 1 -1 -1 0 0 -1 0.000 0 0 -1 0   2
	 3195 8895 2925 9765
2 1 0 1 -1 -1 0 0 -1 0.000 0  -1 0 0 2
	 2595 10200 3270 10200
2 1 0 1 -1 -1 0 0 -1 0.000 0 0 -1 0 0 2
	 2910 9960 2895 10440
2   1 -1 -1 0 0 -1 0.000 0 0 -1 0 0 2
	 3075 10080 3390 9780
2 1 0 1 -1 -1 0 0 -1 0.000 0 0 -1 0 0╖╖╖╖│╖╖╖╖╖╖╖╖╖╖╖╖╖╖╖╖╖╖╖╖╖╖╖╖╖╖╖╖╖╖╖╖╖╖╖╖╖╖╖╖╖╖╖╖╖╖╖╖╖╖╖╖╖╖╖╖╖╖╖╖╖╖╖╖╖╖╖╖╖╖╖╖╖╖╖╖╖╖╖╖╖╖╖╖╖╖╖╖╖╖╖╖╖╖╖╖╖╖╖╖╖╖╖╖╖╖╖╖╖╖╖╖╖╖╖╖╖╖╖╖╖╖╖╖╖╖╖╖╖╖╖╖╖╖╖╖╖╖╖╖╖╖╖╖╖╖╖╖╖╖╖╖╖╖╖╖╖╖╖╖╖╖╖╖╖╖╖╖╖╖╖╖╖╖╖╖╖╖╖╖╖╖╖╖╖╖╖╖╖╖╖╖╖╖╖╖╖╖╖╖╖╖╖╖╖╖╖╖╖╖╖╖╖╖╖╖╖╖╖╖╖╖╖╖╖╖╖╖╖╖╖╖╖╖╖╖╖╖╖╖╖╖╖╖╖╖╖╖╖╖╖╖╖╖╖╖╖╖╖╖╖╖╖╖╖╖╖╖╖╖╖╖╖╖╖╖╖╖╖╖╖╖╖╖╖╖╖╖╖╖╖╖╖╖╖╖╖╖╖╖╖╖╖╖╖╖╖╖╖╖╖╖╖╖╖╖╖╖╖╖╖╖╖╖╖╖╖╖╖╖╖╖╖╖╖╖╖╖╖╖╖╖╖╖╖╖╖╖╖╖╖╖╖╖╖╖╖╖╖╖╖╖╖╖╖╖╖╖╖╖╖╖╖╖╖╖╖╖╖╖╖╖╖╖╖╖╖╖╖╖╖╖╖╖╖╖╖╖╖╖╖╖╖╖╖╖╖╖╖╖╖╖╖╖╖╖╖╖╖╖╖╖╖╖╖╖╖╖╖╖╖╖╖╖╖╖╖╖╖╖╖╖╖╖╖╖╖╖╖╖╖╖╖╖╖╖╖╖╖╖╖╖╖╖╖╖╖╖╖╖╖╖╖╖╖╖╖╖╖╖╖╖╖╖╖╖╖╖╖╖╖╖╖╖╖╖╖╖╖╖╖╖╖╖╖╖╖╖╖╖╖╖╖╖╖╖╖╖╖╖╖╖╖╖╖╖╖╖╖╖╖╖╖╖╖╖╖╖╖╖╖╖╖╖╖╖╖╖╖╖╖╖╖╖╖╖╖╖╖╖╖╖╖7╖╖╖╖╖╖╖╖╖╖╖╖╖╖╖╖╖╖╖╖╖╖╖╖╖╖╖╖╖╖╖╖╖╖╖╖╖╖╖╖╖╖╖╖╖╖╖╖╖╖╖╖╖╖╖╖╖╖╖╖╖╖╖╖╖╖╖╖╖╖╖╖╖╖╖╖╖╖╖╖╖╖╖╖╖╖╖╖╖╖╖╖╖╖╖╖╖╖╖╖╖╖╖╖╖╖╖╖╖╖╖╖╖╖╖╖╖╖╖╖╖╖╖╖╖╖╖╖╖╖╖╖╖╖╖╖╖╖╖╖╖╖╖╖╖╖╖╖╖╖╖╖╖╖╖╖╖╖╖╖╖╖╖╖╖╖╖╖╖╖╖╖╖╖╖╖╖╖╖╖╖╖╖╖╖╖╖╖╖╖╖╖╖╖╖╖╖╖╖╖╖╖╖╖╖╖╖╖╖╖╖╖╖╖╖╖╖╖╖╖╖╖╖╖╖╖╖╖╖╖╖╖╖╖╖╖╖╖╖╖╖╖╖╖╖╖╖╖╖╖╖╖╖╖╖╖-6
6 3150 4575 4170 5355
5 1 0 1 -1 -1 -1 0  0 0 1 0 0 3266.2955.625 3225 4845 3180 4875 3150 493