#FIG 3.2
Port
Center
Inches
er 
100.00
Se
-2
# As
1200 2
5 1 0 1 -1 -1 0 0 -1 0.000 0 1 0 0 .0000.005 3540 1380 3465 1335 3390 1380
5 1 0 1 -1 -1 0 0 -1 0.000 0 1 0 0 4980..005 5055 1350 4980 1305 4905 1350
5 1 0 1 -1 -1 0 0 -1 0 0 1 0 0 570 4170 400 4230 0 4995 4230 120
5 1 0 1 -1 -1 0 0 -1 0.00-0 0 0 1 0 40 435 6225 360 6300 420 6405
5 1 0 1 -1
5 1 0 1 -1 -1 0 0 -1 0 0 0 0 0 3440 7900 3510 7920 3435 7980 3375 7905
5 1 0 1 -1 -1 0 0 -1 0.000 0 1 0 0 .5007.500 3165 6675 3135 6690 3165 6720
5 1 0 1 -1 -1 0 0 -1 0 0 1 0 0 3917..495 3840 7230 3870 7305 3930 7320
5 1 0 1 -1 -1 0 0 -1 0 0 1 0 0 3900 6500 3990 6855 3930 6900 3990 6960
5 1 0 1 -1 -1 0 0 -1 0 0 0 0 0 7970 6340 7995 6225 8070 6300 80675 412
4 0 -1 0 0 0 12 00 0 180 2520 6675 4 ph 60
55
5 500
 2
	 375
2 1
	 395
2
2 40 5
raft\001
4 0 -1 0 0 0 1 0 -1 0.0 0 -0 2
5
2 2
	 ···
0 2
0
2 
	 4t\001
4 0 -1 0 0 0 1 -1 -1 00 0  0 2
	 315
2 2
	 325
2 1
	 365
2 2
	···
0 2
0
2 
	 4t\001
4 0 -1 0 0 0 1 -1 -1 0 0 -1 0.
	 315
2 2
	9765
2 1
	 365
2 2
	00
2{···