#FIG 3.2
Port
Center
Inches
er 
100.00
Se
-2
# As
1200 7520
4 1 0 11-1 -1 0 0 -1 5895 9  420 6407
	 235
190
\4R\001
4 1 -1 0 0 18 14 00 0 0 0 0 0 5
	(
2
 600
 2
	6420
 5
750
 5
	25
25
	 5
2 
	 2
 5
885
 5
	00
25
	 0
	75
2
	 5
25
(25
2
5
	2@
2
	 
2
	25
2
	 5
2
	25
2
	 4
2
(25
2
	 4

	25
2
	 4
2
	25
2
	 4
2
	5
5
325
5
	 5
5
0
5
000
ã
	 0
5
800
17
	5725
	²	00
22
5
 @
	 301
24
0
2 
	 350
22
0
 2
	6420
25
750
 5
	25
25
	 5
2 
	 2
25
885
 5
	00
25
2 5
	75
2
	 5
25
(25
2
	 2 5
	25
2
	 4
0 5
700
5
	 0
2 0 5
0
2 0 5
00
2
	 4
5
	75da\001