#FIG 3.2
Port
Center
Inches
er 
05 1
5 1120
 63005
5 1 080
5 1 0 1 -1 -1 0 0 -1 0 0 0 0 0 34407920 3435 7980 3375 1  0 0 175
3 2 0 9 5 7 0 0 -1 0 0 1 1 4
	3 1 4.40.00.00
	2 1 6.60.00.00
	 1575 8325 4200  0 1 0 0 452.040 -1 -1 0 0 -1  ﻐ05 105 4635 4545 4710 4620
1 3 0 1 -1 -1 0 0 -1 0 1 0. 5025 4 6300 9150 675 3435 7 7680
5 1 0 1 -1 -1 0 0 -1 0 0 0 0 0 3440 7900  792980 33751 -1 0 0 6960
5 1 0 1 -1 -1 0 0 -1 0 0 0 0 0 7970 6340 7995 6225 8070 6300 80675 412
4 0 -1 0 0 0 12 0.0000 0 180 2520 6675 4935: ph960
700
0 2
2700
2 1
	 300
2 2
	00
2 2
	00
-6
6 5
Q 0
2 2
	 0
2 2
	 0
-6
6 4
3 00 3
	 42
	 0
3 00 3
 465
	 0
-I
6 39
2 1
	23
2 1
	 45
-6
6 3