#FIG 3.2
Port
Center
Inc
Letter 
100.00
le
-2
#1905
5 17520
4-1 1 0 0 -1 0 0 1 0 703.5 0 4
2 1
	 315
2 2
	9765
2 1
	 365
2 2
	00
2 2
	0
2 2
	 
2 1
	 360
2 2
	9450
2 1
	 360
2 2
	 291
2
2 2
	9240
2 1
	 370
2 2
	 414
2 1
	 465
2 2
	9045
2 1
	 645
2 2
	 622
2 1
	 655
2 2
	9285
2 1
	 640
2 2
	 6K9
2 1
 68
	 4
2 1
5
2 2
	9765
2 1
5
2 2
	00
2 2
	0
2 2
	 
2 1
0
2 2
	9450
2 1
0
2 2
	 291
5
2 2
	9240
2 1
0
2 2
	 414
2 1
5
2 2
	9045
2 1
5
2 2
	 622
2 1
5
2 2
	9285
2 1
0
2 2
	 6K9
2 1
0
2 2
	9480
2 1
0
2 2
	 382
2 1
0
2 2
	0
2 2
	 450
0 2
	 42
2 1
	 4
2 1
	 45
2 2
	 40
2 2
	7305
2 1
	 0
0 2
6330
2 1
	 4
2瞼
	 45
2 ---
	 40
2 2
	 2 1
	 265
2 2
	F725
 16\001