#FIG 3.2
Lanpe
Center
In
Letter 
100.00
le
-2
# lan
1200 2
5 1 0 1 -1 -1 0 0 -1 0 0 1 0 0 1500 6500 825 6150 1050 6750 1650 6975
5 1 0 1 -1 -1 0 0 -1 0.000 0 0 0 0 0 6300 1 6375 11250 5775 11925 5475
5 1 0 1 -1 -1 0 0 -1 0.000 0 0 0 0 5210 .210 6060 4635 6000 4800 5835 4860
5 1 0 1 -1 -1 0 0 -1 0 0 1 0 0 7000 1000 6525 1800 6675 2250 7125 2400
5 1 0 1 -1 -1 0 0 -1 0 0 0 0 00.0075.000 9525 1800 9375 2250 8925 2400
5 1 0 1 -1 -1 0 0 -1 0.000 0 0 0 0 .5007.500 7050 4725 6825 5325 6225 5550
5 1 0 1 -1 -1 0 0 -1 0.000 0 1 0 0 2000 5490 105 105 4635 4545 4710 4620
1 3 0 1 -1 -1 0 0 -1 0.000 1 0. 5025 4545 75 75 5025 4545 5100 4545
1 3 0 1 -1 -1 0 0 -1 0.000 1 0. 5025 4800 105 105 5025 4800 5100 4875
1 3 0 1 -1 -1 0 0 -1 0 1 00 4635 4800 75 75 4635 4800 4710 4800
1 2 0 1 -1 -1 0 0 -1 0 0 00 8430 1830 165 225 8295 2085 8595 1605
1 3 0 1 -1 -1 0 0 -1 0.000 1 0. 4125 4500 150 150 4125 4500 4275 4500
2 2 0 1 -1 -1 0 0 -1 0 0 0 0 0 0 5
	 6225 5625 6525 5625 6525 7500 6225 7500 6225 5625
2 4 0 1 -1 -1 0 0 -1 0 0 0 3 0 0 5
	 4425 4350 4425 5025 5250 5025 5250 4350 4425 4350
2 1 0 1 -1 -1 0 0 -1 0.000 0 0 0 0 0 2
0 3450 450 3450
2 1 0 1 -1 -1 0 0 -1 0.000 0 0 0 0 0 2
	 300 5550 450 5550
2 1 0 1 -1 -1 0 0 -1 0 0 0 0 0 0 2
	 300 4350 450 4350
2 1 0 1 -1 -1 0 0 -1 0 0 0 0 0 0 2
	 300 4650 450 4650
2 1 0 1 -1 -1 0 0 -1 0.000 0 0 0 0 0 2
5 3450 375 4350
2 1 0 1 -1 -1 0 0 -1 0.000 0 0 0 0 0 2
	 375 4650 375 5550
2 1 0 2 -1 -1 0 0 -1 0 0 0 0 0 0 2
	 1650 6150 1650 69730 4560 7305 4500 7320
5 1 0 1 -1 -1 0 0 -1 0.000 0 0 0 0 4447.500 6907.500 4440 6855 4500 6900 4440 6960
5 1 0 1 -1 -1 0 0 -1 0.000 0 1 0 0 3855..195 3795 7290 3810 7380 3870 7395
5 1 0 1 -1 -1 0 0 -1 0.000 0 0 0 0 4574.670 7326.195 4635 7290 4620 7380 4560 7395
5 1 0 1 -1 -1 0 0 -1 0.000 0 0 0 0 3646.185 9252.239 3705 9225 3690 9300 3630 9315
6 345 1470 3825 2700
5 1 0 1 -1 -1 0 0 -1 0.000 0 1 0 0 477.495 1602.495 480 1500 405 1530 375 1605
2 1 0 1 -1 -1 0 0 -1 0.000 0 0 -1 0 0 2
	 3825 1500 450 1500
2 1 0 1 -1 -1 0 0 -1 0.000 0 0 -1 0 0 2
	 3825 1800 450 1800
2 1 0 1 -1 -1 0 0 -1 0.000 0 0 -1 0 0 2
	 3825 2325 450 2325
2 1 0 1 -1 -1 0 0 -1 0.000 0 0 -1 0 0 2
	 450 2400 2325 2400
2 1 0 1 -1 -1 0 0 -1 0.000 0 0 -1 0 0 2
	 2325 2400 2325 2700
2 1 0 1 -1 -1 0 0 -1 0.000 0 0 -1 0 0 2
	 450 2700 3825 2700
2 1 0 9 -1 -1 0 0 -1 0.000 0 0 -1 0 0 2
	 3825 1500 3825 2700
2 1 0 1 -1 -1 0 0 -1 0.000 0 0 -1 0 0 2
	 375 1575 375 2700
2 1 0 1 -1 -1 0 0 -1 0.000 0 0 -1 0 0 2
	 375 2700 525 2700
-6
6 4125 270 4335 465
3 0 0 1 -1 -1 0 0 -1 0.000 0 0 0 3
	 4230 270 4140 330 4125 465
	 0.000 1.000 0.000
3 0 0 1 -1 -1 0 0 -1 0.000 0 0 0 3
	 4230 270 4320 330 4335 465
	 0.000 1.000 0.000
-6
6 39150 4575 4170 5355
5 1 0 1 -1 -1 0 0 -1 0.000 0 1 0 0 3266.250 4955.625 3225 4845 3180 4875 3150 4935
2 1 0 1 -1 -1 0 0 -1 0.000 0 0 -1 0 0 2
	 4095 4575 3210 4830
2 1 0 1 -1 -1 0 0 -1 0.000 0 0 -1 0 0 2
	 3165 4935 3165 5355
2 1 0 1 -1 -1 0 0 -1 0.000 0 0 -1 0 0 2
	 3150 5355 4050 5355
2 1 0 1 -1 -1 0 0 -1 0.000 0 0 -1 0 0 2
	 4050 5355 4170 5115
2 1 0 1 -1 -1 0 0 -1 0.000 0 0 -1 0 0 2
	 3165 5070 4155 5070
-6
6 4650 1470 8130 2700
5 1 0 1 -1 -1 0 0 -1 0.000 0 0 0 0 7997.505 1602.495 7995 1500 8070 1530 8100 1605
2 1 0 1 -1 -1 0 0 -1 0.000 0 0 -1 0 0 2
	 4650 1500 8025 1500
2 1 0 1 -1 -1 0 0 -1 0.000 0 0 -1 0 0 2
	 4650 1800 8025 1800
2 1 0 1 -1 -1 0 0 -1 0.000 0 0 -1 0 0 2
	 4650 2325 8025 2325
2 1 0 1 -1 -1 0 0 -1 0.000 0 0 -1 0 0 2
	 8025 2400 6150 2400
2 1 0 1 -1 -1 0 0 -1 0.000 0 0 -1 0 0 2
	 6150 2400 6150 2700
2 1 0 1 -1 -1 0 0 -1 0.000 0 0 -1 0 0 2
	 8025 2700 4650 2700
2 1 0 1 -1 -1 0 0 -1 0.000 0 0 -1 0 0 2
	 4650 1500 4650 2700
2 1 0 1 -1 -1 0 0 -1 0.000 0 0 -1 0 0 2
	 8100 1575 8100 2700
2 1 0 1 -1 -1 0 0 -1 0.000 0 0 -1 0 0 2
	 8100 2700 7950 2700
-6
6 4305 4575 5325 5355
5 1 0 1 -1 -1 0 0 -1 0.000 0 0 0 0 5208.750 4955.625 5250 4845 5295 4875 5325 4935
2 1 0 1 -1 -1 0 0 -1 0.000 0 0 -1 0 0 2
	 4380 4575 5265 4830
2 1 0 1 -1 -1 0 0 -1 0.000 0 0 -1 0 0 2
	 5310 4935 5310 5355
2 1 0 1 -1 -1 0 0 -1 0.000 0 0 -1 0 0 2
	 5325 5355 4425 5355
2 1 0 1 -1 -1 0 0 -1 0.000 0 0 -1 0 0 2
	 4425 5355 4305 5115
2 1 0 1 -1 -1 0 0 -1 0.000 0 0 -1 0 0 2
	 5310 5070 4320 5070
-6
1 3 0 1 -1 -1 0 0 -1 0.000 1 0.0000 2910 10200 90 90 2910 10200 2925 10290
1 3 0 1 -1 -1 0 0 -1 0.000 1 0.0000 2910 10200 180 180 2910 10200 3075 10260
1 3 0 1 -1 -1 0 0 -1 0.000 1 0.0000 6630 9480 60 60 6630 9480 6675 9525
1 3 0 2
	 490