#FIG 3.2
Port
Center
Inches
er 
1100.00
le
-2
# 
1200 2
5 1 0 7 26 7 0 0 -1 0 0 1 1 1 9111 6757 7050 6300 81380 5 3390 1380
5 1 0 1 -1 -5 1350
5 1	 294070 8925 318 0 1 0
5 1 0 1 -1 -1 0 0 -1 0.000 0 0 0 0 .17096.500 5880 9135 6285 9090 6690 9120
5 1 0 1 -1 -1 0 0 -1 0.000 0 1 0 0 .1703.500 5895 9105 6300 9150 6705 9120
5 1 0 1 -1 -1 0 0 -1 0.000 0 1 0 0 440 6040 435 6225 360 6300 420 6405
5 1 0 1 -1 -1 0 0 -1 0 0 1 0 0 3400 7500 3510 7665 3435 7605 3375 7680
5 1 0 1 -1 -1 0 0 -1 0 0 0 0 0 3440 7900 3510 7920 3435 7980 3375 7905
5 1 0 1 -1 -1 0 0 -1 0.000 0 1 0 0 .5007.500 3165 6675 3135 6690 3165 6720
5 1 0 1 -1 -1 0 0 1 0.000 0 1 0 0 3917..495 3840 7230 3870 7305 3930 7320
5 1 0 1 -1 -1 0 0 -1 0 0 1 0 0 3900 6500 3990 6855 3930 6900 3990 6960
5 1 0 1 -1 -1 0 0 -1 0 0 0 0 0 7970 6340 7995 6225 8070 6300 80675 411
4 0 -1 0 0 0 12 0.0000 0 180 2520 6675440 6960
5 1 0 1 2
	 39700 585
2 0 0 2
	185
-6
65355
5 1
	 4095 0 4830
2 0 0 2
	5355
2 1 0 2
	 355
2 1 0 2
	 405170 5
2 0 0 2
	 070
-6
62700
5 15
2 1 0 2
	 802550 2400
1 0 0 2
 2700
2 0 0 2
	 700
2  00 2
	 460
2 1 0 2
	 465025 1800
1 0 0 2
 2325
2 0 0 2
	 400
2 1 0 2
	 610
2 1 0 2
	 802550 2700
1 0 0 2
 2700
2 0 0 2
	 700
2 1 0 2
	 810
-6
6 455
5 1 05 9465
2 0 0 2
	9450
2 1 0 2
	 220
2 1 0 2
	 249
2 1 0 1
	 1920 0 9600
2 0 0 2
	9540
2 1 0 2
	 185
2 1 0 2
	 220
2 1 0 1
	 2580 5 8850
2 0 0 2
	9255
2 1 0 2
	 440
2 1 0 2
	 375
2 1 0 1
	 3750 0 8895
2 0 2
	 40
2 1 0  0 0 2
	1500
2 1 0 2
	 385
2 1 0 2
	 490
2 1 0 1
	 5055 5 1470
20 0 5
	 5
2 4 0 
	 4575 1755
2 1 0 2
	 355
2 1 0 2
	 462
2 1 0 1
	 4020 5 4500
2 0 0 2
	4500
2 1 0 2
	 2465
2 1 0 2
	 190
2 1 0 2
	 259560 9720
1 0 0 2
 9765
2 0 0 2
	 600
2 1 0 2
	 190
2 1 0 2
	 199555 9285
1 0 0 2
 9270
2 0 0 2
	 850
2 1 0 2
	 295
2 1 0 2
	 408080 8940
2
	 375080 8895
1 0 0 2
 8850
2  0 5
	 4
2 1 0 1
	 3660 0 9315
2 0 0 2
	9765
2 1 0 0 2
	4500
2 1 0 2
	 2465
2 1 0 2
	 190
2 1 0 2
	 259560 9720
1 0 0 2
 9765
2 0 0 2
	 600
2 1 0 2
	 190
2 1 0 2
	 199555 9285
1 0 0 2
 9270
2 0 0 2
	 850
2 1 0 2
	 295
2 1 0 2
	 408080 8940
1 0 0 2
 8895
2 0 0 2
	 895
2 1 0 2
	 290
2 4 0 
	 4035 9300
2 1 0 2
	 315
2 1 0 2
	 325
2 1 0 1
	 3195 5 9765
2 0 0 2
	 10200
2 0 0 2
	10440
2 0 0 2
	 9780
2 1 0 2
	 360
2 1 0 2
	 339
2 1 0 1
	 3600 0 9360
2 0 0 2
	9780
2 1 0 2
	 315
2 1 0 2
	 343
2 1 0 1
	 3765 5 9270
2 0 0 2
	9060
2 1 0 2
	 465
2 1 0 2
	 411
2 1 0 1
	 6225 5 9045
2 0 0 2
	8295
2 1 0 2
	 655
2 1 0 2
	 639
2 1 










































































































































































































































































0 2
	 670
2 1 0 2
	 619505 8355
1 0 0 2
 9480
2 0 0 2
	 480
2 1 0 2
	 250
2 1 0 2
	 382550 2715
1 0 0 2
 1500
2 0 0 2
	 0020
2 1 0 2
	 150
2 1 0 2
	 42025 6330
1 0 0 2
405
2 1 0 2
	 45
2 1 0 1
	 450 6 6540
2 0 0 2
	 305
2 1 0 2
	 235
2 1 0 2
	 378040 7725
1 0 0 2
 7800
2 0 0 2
	 950
2 1 0 2
	 350
2 1 0 2
	 315065 6675
1 0 0 2
 6735
2 0 0 2
	 435
2 1 0 2
	 385
2 1 0 2
	 414040 6435
1 0 0 2
 6840
2 0 0 2
	 975
2 1 0 2
	 370
2 1 0 2
	 412540 7170
1 0 0 2
 7185
2 0 0 2
	 330
2 1 0 2
	 795
2 1 0 2
	 798035 6465
1 0 0 2
 6540
2 0 0 2
	 305
2 1 0 2
	 605
2 1 0 2
	 465090 7725
1 0 0 2
 7800
2 0 0 2
	 920
2 1 0 2
	 525
2 1 0 2
	 526565 6735
1 0 0 2
 6435
2 0 0 2
	 435
2 1 0 2
	 425
2 1 0 2
	 445590 6840
1 0 0 2
 6975
2 0 0 2
	 290
2 1 0 2
	 430
2 1 0 2
	 429015 7185
1 0 0 2
 6465
2 0 0 2
	 275
2 1 0 2
	 435
2 1 0 2
	 387060 7395
1 0 0 2
 6705
2 0 0 2
	 705
2 1 0 2
	 505
2 1 0 2
	 325520 8970
1 0 0 2
 9270
2 0 0 2
	 450
2 1 0 2
	 375
2 1 0 2
	 44850 585
2 0 0 2
	 85
2 1 0 2
	 4500 2700
2 0 0 2
	2700
2 1 0 2
	 415
2 1 0 2
	 382
2 1 0 1
	 4215 5 6300
2 0 0 2
	6313
3 00 0 0 3
 480
	 0
3 0 0 13
	 45755
	 0.000.000
3 
	 1890 
	 0.000.000
3 00 0 0 4
5
	 0.00000
3 0  0 0 4
	895 9780
	 0.00000
3 0 00 0 4
	 95 9780
0
3 0 0  0 6
	 435
	 0.0
3 0 0 10 4
	 25 9255
	 0 0.000
 4
	 3019615
	 0 0.000
38
	 421570 7305
 7320
	 0 0.000
 8
	 421
	 4500 5 7320
	.000 1.0
3 0 0 10 6
	 300
	 0.000 0.000
 3
	 29440
	 0.0 0.000
33
	 32700
	 0.000.000
3 
	 1890 
	 0.000.000
3 00 0 0 3
 1515
	 0
3 0 0  0 4
	 45 5700
	00 0.000
4 0 -1  Light Aircraft\001
4 0 -1 0 0 0 12 0.0000 0 180 2520 6675 4935  phiscocrson.ca\001
4 0 -1 0 0 0 12 0.0000 0 135 1560 6675 4320 iscocks\001
4 0 -1 0 0 0 12 0.0000 0 165 2265 6675 4500uver, BC, Canada\001
