#FIG 3.2
Po褮
Center
Inches
 B355
5 
5 1
5 01
4 01
4 1 -1 0 0 18 14 00 4 165 00 0 1 380
50
5405
80
55
5 
5 1320
60
5
5 1315
2700
5 1605
0 2
1500
2 1
	 5715
670
 7
	 670
	 6
2 30 7
0
	 0
2 
	 520
	90
27
	 700
655
 7
	5235
	 6
2 30 7
5
	 5
2 
	 500
	55
27
	 220
175
 7
	 597
	 5
2 30 7
0
	 5
2 
	 420
	75
27
	 235
190
 2
	5100
2 10 2
0
2 
	 375
22
	 200
 5
	50
22
	 635
 2
	 633
2 10 2
0
2 
	 620
22
	 275
 2
	4620
2 10 2
5
2 
	 620
22
	 275
 2
	0 5
300
 5
	00
25
	 0
2 
	 600
22
	 600
 2
	 382
2 10 2
0
2 
	 375
22
	 300
17
	2775
	 475
	00
2
	 2
2 3 5
	00
2
	 400
2
	 3900
5
	 5
2 0 5
175
5
	 5
2 0 5
875
5
	 5
2 0 5
275
5
	 75
2
	 4
2 2 5
	75
2
	 5
2 2 5
	75
2
	 45
2 0 5
 675
2 2 5
	675
5
	 
2 2 5
	75
2
	 4375
5
	 5
2 0 5
 675
2 3 5
	00
2
	 5
2 3 5
	1500
2 3 5
	0
2 0 5
0
2 0 5
000
5
	 0
2 0 5
800
5
	 5
2 0 5
25
2
	 4125
5
	 
2 2 5
	5
2 0 5
825
5
	 5
2 0 5
525
5
	 5
2 0 5
625
5
	 5
2 0 5
325
5
	 5
2 0 5
525
5
	 5
2 0 5
925
5
	 5
2 0 5
25
2
	 4
2 2 5
	25
2
	 300
2
	 4
2 3 5
	00
2
	 2
2 3 17
5
	 025
500
 2
	 301
2 10 2
5
2 
	 350
24
	 450
 2
	6600
2 10 2
0
2 
	 2
2 40 5
825
 5
	25
25
	 0
2 
	 2
2 40 5
900
 5
	00
27
	 225
225
0 9
0
	 0
2 9
	 900
000
01
4\001
4 1 -1 0 0 18 14 0. 4 165 480 6555 6645 CHR\001
4 1 -1 0 0 18 14 0. 4 165 480 5910 6645 TMR\001
4 1 -1 0 0 18 14 0. 4 165 600 5220 6645L\001
4 1 -1 0 0 18 14 00 4 165 465 4530 664M\001
