#FIG 2.05
6 2
#F 0
#
6 0 58 0 2
#F 0
#
6 0 58 0 0.
# 00 401
4 0 -1 0 0 0 12 00 0 2520 6600 2325 25
ﺎ7
	 
	 6
2 10 2
0
2 
	 300
22
	 525
4375
5
	 5
2
75
2
	 4
2 
5
	 0
2
100
5
	 500
5
	 
2 3 5
2
2 3 5
	00
2
	 5
2 3 5
	00
2
	 5
2 2 5
	5
2
25
2
	 0q
4 5
	 
2 2 5
	25
2
	 4
2 2 5
	25
2
	 5
2 2 5
	25
2
	 4
2 2 5
5
2 1
25
2
	 4
2
	25
2
	 4
2
	25
2
	 4
2
	5
5
325
5
	 5
5
0
5
000
5ﭦ	 0
5
800
17
	7725
	 425
	00
22
5
 2
	 301
24
0
2 
	 350
22
0
 2
	6420
25
750
 5
	25
25
	 5
 2
25
885
 5
	00
25
	 0
2 7
5
225
* 95
2
0
2
000
5
	 0
2
800
17
5
	 425
	00
22
	 495
 2
1
2 
0
2 
	 350
22
	 600
 2
50
 5
	25
25
	 5
2 
	 2
 5
885
 5
	00
25
	 0
2 7
	 225
225
0 9
 2
	6840
2 1
5
2 2
	00
2
0
2 2
	7185
2 1
5
2 2
	 409
2 1
5
2 2
	7395
2 1
5
2
2 1
5
22
	 970
0 2
0
2 2
	 450
0 2
5
2 2
	 5
2 2
	 85
2 2
	00
2 2
	 802
2 1
5
2 2
	6 2
	3960
20 0 2
0
2 
	 675
22
	 620
 2
	 633
2 10 2
0
2 
	 675
22
	 300
 5
	00
20
2 
	 6
2 10 2
0
2 
	 300
22
	 525
 2
	3450
2 10 2
5
2 
	 300
2700
5
	 75
2
2 3 5
	1500
2 3 5
	 900
2 2 5
	75
2
	 4
2 2 5
	75
2
	 4
2 2 5
	75
2
	 4
2 2 5
	975
5
	 5
2 0 5
175
5
	 5
2 0 5
75
2
	 55
2 0 5
700
5
	 
2 2
2 2 5
	5
2 0 5
825
5
	 5
2 0 5
525
5
	 5
2 00 0 5
 8925
2 