#FIG 3.2
Lanpe
Center
In
Letter 
100 667
5 1 0 125 2400
0 4725 650
5 1 0620
1 3 0 1 -1 -1 0 0 -1 0.000 1 0. 5025 4545 75 75 5025 4545 5100 4545
1 3 0 1 -1 -1 0 0 -1 0.000 1 0. 5025 4800 105 105 5025 4800 5100 4875
1 3 0 1 -1 -1 0 0 -1 0 1 00 4635 4800 75 75 4635 4800 4710 4800
1 2 0 1 -1 -1 0 0 -1 0 0 00 8430 1830 165 225 8295 2085 8595 1605
1 3 0 1 -1 -1 0 0 -1 0.000 1 0. 4125 4500 150 150 4125 4500 4275 4500
2 2 0 1 -1 -1 0 0 -1 0 0 0 0 0 0 5
	 6225 5625 6525 5625 6525 7500 6225 7500 6225 5625
2 4 0 1 -1 -1 0 0 -1 0 0 0 3 0 0 5
	 4425 4350 4425 5025 5250 5025 5250 4350 4425 4350
2 1 0 1 -1 -1 0 0 -1 0.000 0 0 0 0 0 2
0 3450 450 34503795 80675 492raft\001
4 0 -1 0 0 0 1 -1 -1 0 0 -1 0.000 0 0 -	 3660!9315 3120 9315
2 1 0 1 -1 -1 0 0 -1 0.000 0 0 -1 0 0 2
	 3255 88390 9780
2 1 0 1 -1 -1 0 0 -1 0.000 0 0 -1 0 0·············································································································································0 -1 0 0 0 0 60
5 1 0 1 -1 -1 0 0 -1 0 0 0 0 0 7970 6340 7995 6225 8070 6300 80675 412
4 0 -1 0 0 0 12 00 0 180 2520 6675 4act: ph 6900 4440 6960
5 1 00.000 0 1 0 0 3855..195 3795 7290 3810 7380 3870 7395
5 1 0 1 -1 -1 0 0 -1 0 0 0 0 0 4570 725 2700
2 1 0 1 -1 -1 0 0 -1 0˙˙˙ 0 0 -1 0 0 2
	450 2700001
4 0 -1 0 0 0 1 -1 -1 0 -1 0 0 2
	 3750 8895 4080 8895
2 1 0 1 -1 -1 0 0 -1 0.000 0 0 -1 0 0 2	 295U 885N 4080 8850
2 4 0 1 -1 -1/0 0 -1 0.000 0 0 7 0 0 5
	 4035 9300 4035 8985 3795 80675 492raft\001
4 0 -1 0 0 0 1 -1 -1 0 0 -1 0.000 0 0 -1 0 0 2
	 3660!9315 3120 9315
2 1 0 1  0 0 -1 0.000 0 0 -1 0 0 2
	 3075 10080 3390 9780
2 1 0 1 -1 -1 0 0 -1 0.000 0 0 -1 0 0····ł····················································································································································································································································1 0.000 0 ······························································································································{··················1 -1 -1 0 0 -1 0 0 0 -1 0 0 2
	 450 2700 3825 2700
2 1 0 1 -1 -1 0 0 -1 0.000 0 0 -1 0 0 2
	 3825 1500 3825 2700
2 1 0 1 -1 -1 0 0 -1 0 0 0 -1 0 0 2
	 375 1575 375 2700
2 1 0 1 -1 -1 0 0 -1 0 0 ·················································································································································
2 . 0 1 -1 -1 0 0 -1 0.000 0 0 -1 0 0 2
	 2940 8865 0
2 4 0 1 -1 -1 0 0 -1 0.000 0 0 7 0 0 5
	 4035 9300 4035 8985 3795 80675 492raft\001
4 0 -1 0 0 0 1 -1 -1 0 0 -1 0.000 0 0 -1 0 0 2
	 3660 9315 3120
2 1Á0 1 -1 -1 0 0 -1 0.000 0 0 -1 0 0 2
	 3075 10080 3390 9780
2 1 0 1 -1 -1 0 0 -1 0.000 0 0 -1 0 0····ł·········································································································································································································································¨·······················································································································································{··················1 -1 -1 0 0 -1 0 0 0 -10 -1 0 0 2
	 2940 8865 0
2 4 0 1 -1 -1 0 0 -1 0.000 0 0 7 0 0 5
	 4035 9300 4035 8985 3795 80675 492raft\001
4 0 -1 0 0 0 1 -1 -1 0 0 -1 0.000 0 0 -1 0 0 2
	 3660 9315 3120 9315
2 1 0 1 -1 -1 0 0 -1$0.000 0 0 -1 0 0 2
	 3255 8895 2970 9765
2 1 0 1 -1 -1 0 0 -1 0.000 01 0 0····ł·································································································································{··················1 -1 -1 0 0 -1 0 0 0 -1 0 0 2
	 450 2700 3825 2700
2 1 0 1 -1 -1 0 0 -1 0.000 0 0 -1 0 0 2
	 3825 1500 3825 2700
2 1 0 1 -1 -1 0 0 -1 0 0 0 -1 0 0 2
	 375 1575 375 2700
2 1 0 1 -1 -1 0 0 -1 0 0 ·················································································································································
2 . 0 1 -1 -1 0 0 -1 0.000 0 0 -1 0 0 2
	 2940 8865 0
2 4 0 1 -1 -1 0 0 -1 0.000 0 0 7 0 0 5
	 40C5 9300 4035 8985 3795 80675 492raft\001
4 0 -1 0 0 0 1 -1 -1 0 0 -1 0.000 0 0 -1 0 0 2
	 3660 9315 3120 9315
2 1 0 1 -1 -1 0 0 -1 0.000 0 0 -1 0 0 2
	 3255 8895 2970 9765
2 1 -1 -1 0                            0 -1 0.000 0 0 -1 0 0····ł························································································································································································································¨·······················································································································································{··················1 -1 -1 0 0 -1 0 0 0 -1 0 0 2
	 450 2700 3825 2700
2 1 0 1 -1 -1 0 0 -1 0.000 0 0 -1 0 0 
	 3825 1500 3825 2700
2 1 0 1-1 -1 0 0 -1 0 0 0 -1 0 0 2
	 375 1575 375 2700
2 1 0 1 -1 -1 0 0 -1 0 0 0 -1 0 0 2
	/