#FIG 3.2
Lanpe
Center
In
Letter 
100.00
le
-2
# 
1200 2
5 1 0 7 26 7 0 0 -1 0 0 1 -1 0 0 0 0 0 320 3435 5 7905
5 1 0 1 -0
5 1 0 1 -1 -1 0 0 -1 0 0 1 0 0 3917..495 3840 7230 3870 7305 3930 7320
5 1 0 1 -1 -1 0 0 -1 0 0 1 0 0 3900 6500 3990 6855 3930 6900 3990 6960
5 1 0 1 -1 -1 0 0 -1 0 0 0 0 0 7970 6340 7995 6225 8070 6300 80675 412
4 0 -1 0 0 0 12 00 0 180 2520 6675 49ontact: ph 6900 4440 6960
5 1 0 1 -1 -1 1 0 0 -1 0.000 0 0 0 3
	 4230 270 4140 330 4125 465
	 0.000 1.000 2.000
3 0 0 1 -1 -1 0 0 -1 0.000 0 0 0 3
	 4230 270 4320 330 4335 465
	 0.000 1.000 0.000
-6
6 3975 585 4200 1185
2 1 0 1 -1 -1 0 0 -1 0.000 0 0 -1 0 0 2
	 3975525
1 3 0 1 -1 -1 0 0 -1 0.000 1 0.0000 4215 6930 675 675 4215 6930 3555 7065
1 3 0 1 -1 -1 0 0 -1 0.000 1 0.0000 4215 6930 90 90 4215 6930 4125 6960
1 3бббб -1 -1 0 0 -1 0.000 0 -0.0000 4215 6930 675 675 4215 6930 4875 7065
1 3 0 1 -1 -1 0 0 -1 0.000 0 -0.0000 4215 6930 90 90 4215 6930 4╖╖╖╖╖╖╖╖╖╖╖╖╖╖╖╖╖╖╖╖╖╖╖╖╖╖╖╖╖╖╖╖╖╖╖╖╖╖╖╖╖╖╖╖╖╖╖╖╖╖╖╖╖╖╖╖╖╖╖╖╖╖╖╖╖╖╖╖╖╖╖╖╖╖╖╖╖╖╖╖╖╖╖╖╖╖╖╖╖╖╖╖╖╖╖╖╖╖╖╖╖╖╖╖╖╖╖╖╖╖╖╖╖╖╖╖╖305 6960
2 d 0 1 -1 -1 0 0 -1 0.000 0 0 -1 0 0 2
	 4020 480 4455 480
2 1 0 1 -1  3900 1590 3900 1755 4170 1755
2 4 0 1 -1 -1 0 0 -1 0.000 0 0 7 0 0 5
	 4575 1755 4575 1590 4305 1590 4305 1755 4575 1755
2 1 0 1 -1 -1 0 0 -1 0.000 0 0 -1 0 0 2
	 3825 2715 4185 5055
2 1 0 1 -1 -1 0 0 -1 0.000 0 0 -1 0 0 2
	 4620 2715 4260 5055
2 1 0 1 -1 -1 0 0 -1 0.000 0 0 -1 0 0 2
	 4020 3285 4215 4500
2 1 0 1 -1 -1 0 0 -1 0.000 0 0 -1 0 0 2
	 4440 3285 4245 4500
2 1 0 1 -1 -1 0 0 -1 0.000 0 0 -1 0 0 2
	 2265 10530 6945 9465
2 1 0 1 -1 -1 0 0 -1 0.000 0 0 -1 0 0 2
	 1980 9345 2520 9450
2 1 0 1 -1 -1 0 0 -1 0.000 0 0 -1 0 0 2
	 2595 9180 2460 9720
2 1 0 1 -1 -1 0 0 -1 0.000 0 0 -1 0 0 2
	 2490 9630 2835 9765
2 1 0 1 -1 -1 0 0 -1 0.000 0 0 -1 0 0 2
	 1920 9495 1920 9600
2 1 0 1 -1 -1 0 0 -1 0.000 0 0 -1 0 0 2
	 1980 9195 1980 9540
2 1 0 1 -1 -1 0 0 -1 0.000 0 0 -1 0 0 2
	 1995 9285 2355 9285
2 1 0 1 -1 -1 0 0 -1 0.000 0 0 -1 0 0 2
	 2205 9270 2550 9270
2 1 0 1 -1 -1 0 0 -1 0.000 0 0 -1 0 0 2
	 2580 9165 2925 8850
2 . 0 1 -1 -1 0 0 -1 0.000 0 0 -1 0 0 2
	 2940 8865 2925 9255
2 1 0 1 -1 -1 0 0 -1 0.000 0 0 -1 0 0 2
	 4080 8820 4080 8940
2 1 0 1 -1 -1 0 0 -1 0.000 0 0 -1 0 0 2
	 3750 8850 3750 8895
2 1 0 1 -1 -1 0 0 -1 0.000 0 0 -1 0 0 2
	 3750 8895 4080 8895
2 1 0 1 -1 -1 0 0 -1 0.000 0 0 -1 0 0 2	 2955 8850 4080 8850
2 4 0 1 -1 -1 0 0 -1 0.000 0 0 7 0 0 5
	 4035 9300 4035 8985 3795 80675 492raft\001
4 0 -1 0 0 0 1 -1 -1 0 0 -1 0.000 0 0 -1 0 0 2
	 3660 9315 3120 9315
2 1 0 1 -1 -1 0 0 -1 0.000 0 0 -1 0 0 2
	 3255 8895 29700
2 1 0 1 -1 -1 0 0 -1 0.000 0 0╖╖╖╖╖╖╖╖╖╖╖╖╖╖╖╖╖╖╖╖╖╖╖╖╖╖╖╖╖╖╖╖╖╖╖╖╖╖╖╖╖╖╖╖╖╖╖╖╖╖╖╖╖╖╖╖╖╖╖╖╖╖╖╖╖╖╖╖╖╖╖╖╖╖╖╖╖╖╖╖╖╖╖╖╖╖╖╖╖╖╖╖╖╖╖╖╖╖╖╖╖╖╖╖╖╖╖╖╖╖╖╖╖╖╖╖╖╖╖╖╖╖╖╖╖╖╖╖╖╖╖╖╖╖╖╖╖╖╖╖╖╖╖╖╖╖╖╖╖╖╖╖╖╖╖╖╖╖╖╖╖╖╖╖╖╖╖╖╖╖╖╖╖╖╖╖╖╖╖╖╖╖╖╖╖╖╖╖╖╖╖╖╖╖╖╖╖╖╖╖╖╖╖╖╖╖╖╖╖╖╖╖╖╖╖╖╖╖╖╖╖╖╖╖╖╖╖╖╖╖╖╖╖╖╖╖╖╖╖╖╖╖╖╖╖╖╖╖╖╖╖╖╖╖╖╖╖╖╖╖╖╖╖╖╖╖╖╖╖╖╖╖╖╖╖╖╖╖╖╖╖╖╖╖╖╖╖╖╖╖╖╖╖╖╖╖╖╖╖╖╖╖╖╖╖╖╖╖╖╖╖╖╖╖╖╖╖╖╖╖╖╖╖╖╖╖╖╖╖╖╖╖╖╖╖╖╖╖╖╖╖╖╖╖╖╖╖╖╖╖╖╖╖╖╖╖╖╖╖╖╖╖╖╖╖╖╖╖╖╖╖╖╖╖╖╖╖╖╖╖╖╖╖╖╖╖╖╖╖╖╖╖╖╖╖╖╖╖╖╖╖╖╖╖╖╖╖╖╖╖╖╖╖╖╖╖╖╖╖╖╖╖╖╖╖╖╖╖╖╖╖╖╖╖╖╖╖╖╖╖╖╖╖╖╖╖╖╖╖╖╖╖╖╖╖╖╖╖╖╖╖╖╖╖╖╖╖╖╖╖╖╖╖╖╖╖╖╖╖╖╖╖╖╖╖╖╖╖╖╖╖╖╖╖╖╖╖╖╖╖╖╖╖╖╖╖╖╖╖╖╖╖╖╖╖╖╖╖╖╖╖╖╖╖╖╖╖╖╖╖╖╖╖╖╖╖╖╖╖╖╖╖╖╖╖╖╖╖╖╖╖╖╖╖╖╖╖╖╖╖╖╖╖╖╖╖╖╖╖╖╖╖╖╖╖╖╖╖╖╖╖╖╖╖╖╖╖╖╖╖╖╖╖╖╖╖╖╖╖╖╖╖╖╖╖╖╖╖╖╖╖╖╖╖╖╖╖╖╖╖╖╖╖╖╖╖╖╖╖╖╖╖╖╖╖╖╖╖╖╖╖╖╖╖╖╖╖╖╖╖╖╖╖╖╖╖╖╖╖╖╖╖╖╖╖╖╖╖╖╖╖╖╖╖╖╖╖╖╖╖╖╖╖╖╖╖╖╖╖╖╖╖╖╖╖╖╖╖╖╖╖╖╖╖╖╖╖╖╖╖╖╖╖╖╖╖╖╖╖╖╖╖╖╖╖╖╖╖╖╖╖╖╖╖╖╖╖╖╖╖╖╖╖╖╖╖╖╖╖╖╖╖╖╖╖╖╖╖╖╖╖╖╖╖╖╖╖╖╖╖╖╖╖╖╖╖╖╖╖╖╖╖╖╖╖╖╖╖╖╖╖╖╖╖╖╖╖╖╖╖╖╖╖╖╖╖╖╖╖╖╖╖╖╖╖╖╖╖╖╖╖╖╖╖╖╖╖╖╖╖╖╖╖╖╖╖╖╖╖╖╖╖╖╖╖╖╖╖╖╖╖╖╖╖╖╖╖╖╖╖╖╖╖╖╖╖╖╖╖╖╖╖╖╖╖╖╖╖╖╖╖╖╖╖╖╖╖╖╖╖╖╖╖╖╖╖╖╖╖╖╖╖╖╖╖╖╖╖╖╖╖╖╖╖╖╖╖╖╖╖╖╖╖╖╖╖╖╖╖╖╖╖╖╖╖╖╖╖╖╖╖╖╖╖╖╖╖╖╖╖╖╖╖╖╖╖╖╖╖╖╖╖╖╖╖-6
6 3150 4575 4170 5355
5 1 0 1 -1 -11 -1 0  0 0 1 0 0 3266.2955.625 3225 4845 3180 4875 3150 4935
2