#FIG 3.2
Port
Center
Inches
er 
1100.00
le
-2
# 
1200 2
5 1 0 7 26 7 0 0 -1 0 0 1 1 1 9111 6757 7050 6300 81380 5 3390 1380
5 1 0 1 50
5 1	 294070 8925 318 0
5 1 0 1 -1 -1 0 0 -1 0 0 0 0 0 .17096.500 5880 9135 6285 9090 6690 9120
5 1 0 1 -1 -1 0 0 -1 0 0 1 0 0 .1703.500 5895 9105 6300 9150 6705 9120
5 1 0 1 -1 -1 0 0 -1 0.000 0 1 0 0 440 6040 435 6225 360 6300 420 6405
5 1 0 1 -1 -1 0 0 -1 0 0 1 0 0 3400 7500 3510 6225 8070 6300 80675 411
4 0 0 1 -1 -1 0 0 -1 0 0 0 345
5 
5 1320
60
51
4 
5 1 2
	85
2 2
	185
-6
6
5 1
	 430
2 2
	5355
2 1
	 355
2 2
	5
2 2
	 070
-6
6
5 15
2 2
	 400
0 2
0
2 2
	 700
0 2
0
2 2
	 800
0 2
5
2 2
	 400
0 2
0
2 2
	 700
0 2
0
2 2
	 700
0 2
0
-6
6 455
565
2 2
	9450
2 1
	 220
2 2
	 249
2 1
	 100
2 2
	9540
2 1
	 185
2 2
	 220
2 1
	 250
2 2
	9255
2 1
	 440
2 2
	 375
2 1
	 395
2
	 40
2  2
	1500
2 1
	 385
2 2
	 490
2 1
	 570
25
	 5
2 
	 4
2 1
	 355
2 2
	 462
2 1
	 400
2 2
	4500
2 1465
0 2
0
2 2
	 720
0 2
5
2 2
	 600
0 2
0
2 2
	 285
0 2
0
2 2
	 850
0 2
5
2 2
	 940
2
	 895
0 2
0
2 
	 4
2 1
	 315
2 2
	9765
2 1 2
	4500
2 1
	 2465
0 2
0
2 2
	 720
0 2
5
2 2
	 600
0 2
0
2 2
	 285
0 2
0
2 2
	 850
0 2
5
2 2
	 940
0 2
5
2 2
	 895
0 2
0
2 
	 4
2 1
	 315
2 2
	 325
2 1
	 365
2 2
	00
2 2
	0
2 2
	 
2 1
	 360
2 2
	 339
2 1
	 360
2 2
	9780
2 1
	 315
2 2
	 343
2 1
	 370
2 2
	9060
2 1
	 465
2 2
	 411
2 1
	 645
2 2
	8295
2 1
	 655
2 2
	 639
2 1 










































































 2





























































































































































































0 2
	 670
2 2
	 355
0 2
0
2 2
	 480
0 2
0
2 2
	 715
0 2
0
2 2
	 
2 1
	 150
2 2
	330
0 2
405
0 2
	 45
2 1
	 40
2 2
	 305
0 2
5
2 2
	 725
 385
2 1
	 435
1 2
 
2 0
	 975
2 2
	 370
2 1
	 470
1 2
 
2 0
	 330
2 2
	 795
2 1
	 765
1 2
 
2 0
	 305
2 2
	 605
2 1
	 425
1 2
 
2 0
	 920
2 2
	 525
2 1
	535
1 2
 
2 0
	 435
2 2
	 425
2 1
	 440
1 2
 
2 0
	 290
2 2
	 430
2 1
	 485
1 2
 
2 0
	 275
2 2
	 435
2 1
	 395
1 2
 
2 0
	 705
2 2
	 505
2 1
	 370
1 2
 
2 0
	 450
2 2
	 375
2 1
	 4
2 0
	 85
2 2
	 0
2 2
	2700
0 2
5
2 2
	 382
0 1
0
2 2
	6313
 3
 480
	 0
0 13
	 4
	 0
3 
90 
000
 4
5
	 000
34
	8780
0
3 
	 980
0
3 00 6
5
	 0.0
 4
	9255
	 000
 4
	 615
0
38
	 405
 
	 000
 8
	 421
0
	.1.0
 6
	 300
	 000
 3
	 0
	 0
33
	 3
	 0
3 
90 
000
 3
 
	 0
3 00 4
0
	0000
Lighft\001
4 0 -1 0 0 0 12 00 0 180 2520 6675 49phisca\001
4 0 -1 0 0 0 12 00 0 135 1560 6675 43ks\001
4 0 -1 0 0 0 12 00 0 165 2265 6675 45BC, da\001
