#FIG 2.0
80 2
5 1 0 1 0 0 0 0 0.000 0 0 0 150 197 119 199 154 159 199 199
1 3 0 1 0 0 0 0 0.000 1 0.000 159 159 5 5 159 159 159 164
2 1 1 1 0 0 0 1 4.000 0 0
	 159 164 159 199 9999 9999
2 1 0 1 0 0 0 0 0.000 0 0
	 159 159 159 159 9999 9999
2 1 0 1 0 0 0 0 0 0 0
	 79 79 479 79 9999 99999 164 119 164 9999 9999
2 1 0 1 0 0 0 0 0.000 1 0
	0 0 1.000 4 8.000
	 79 144 124 144 9999 9999
2 1 0 1 0 0 0 0 0.000 1 0
	0 0 1.000 4 8.000
	 79 124 114 124 9999 9999
2 1 0 1 0 0 0 0 0.000 1 0
	0 0 1.000 4 8.000
	 79 104 104 104 9999 9999
4 2 32 30 0 00 1 -1 -1 0 0 30 30 2985 6615 3015 6615
1 3 045
2 3 0 0 0 20 0.000 0 0 0 0 0A5
	 3540 4935 3345 4590 3360 4560 3390 4%60 3540 4935
2 1 0 3 -1 -1 0 0 -1 0.000 0 05610 6120 5940 6120
	 5985 6090
2 3 0 1 -1 -1 0 0 20 0.000 0 0 0 0 0 7
	 5550 5655 5520 57005925 5655
	 5970 5625
2 3 0 1 -1 -1 0 0 20 0.000 0 0 0 0 0 7
	 4725 5655 4695 5700 4695 6030 R725 6075 4755755 5220
	 4725 5175
2 3 0 1 -1 -1 0 0 20 0.000 0 0 0 0 0 7
	 6285 5190 6255 5235 6255 5565 6285 5610 6315 5565 6315 5235
	 6285 5190
2 1 0 1 -1 -1 0 0 20 0333333333333333333333333333333 5100
2 1 0 1 -1 -1 0 0 -1 0.000 0 0 0 0 0 2
	 3600 5850 3600 6075
2 1 0 1 -1 -1 0 0 -1 0.000 0 0 0 0 0 2
	 3600 3975 3600 4200
2 3 0 1 -1 -1 0 0 2E 0.000 0 0 0 0 0 5
	 3735 5250 4110 5670 4095 5715 4050 5700 3735 5250
2 1 0 2 -1 -1 0 0 -1 0.000 0 0 0 0 0 2
	 6315 4635 6510 4635
2 1 0 2 -1 -1 0 0 -1 0.000 0 0 0 0 0 2
	 6330 4305 5 3960
2 1 0 2-1 -1 0 0 -1 0.000 0 0 0 0 0 2
	 6570 4320 6540 4
2 1 0 2 -1 -1 0 0 -1 0.000 0 0 - 0 0 2
330 3975 6300 4275
2 1 0 2 -1 -1 0 0 -1 0.000 0 0 0 0 0 2
	 6075 4320 6045 4620
2 1 0 2 -1 - 0 0 -1 0.000 0 0 0 0 0 2
	 6105 3975 6075 4275
2 1 0 1 -1 -1 0 0 -1 0.000 0 0 0 0 0 2
	 4200 6300 2700 6300
2 2 0 1 -1 -1 0 0 -1 0.000 0 0 0 0 0 5
	 4875 6300 4200 6300 4200 00 4200 6825 4875 6825 4875 6300
2 2 0 1 -1 -1 0 0 -1 0.000 0 0 0 0 0 5
	 4875 6300 5550 6300 5550 6825 4875 6825 4875 6300
2 2 0 1 -1 -1 0 0 -1 0.000 0 0 0 0 0 5
	 6265 6300 5550 6300 5550 6825 6225 6825 6225 6300
2 1 0 1 -1 -1 0 0 -1 0.000 0 0 0 0 0 2
	 6900 6300 6225 6300
2 1 0 1 -1 -1 0 0 -1 0.000 0 0 0 0 0 2
	 3825 3600 6600 5
2 1 0 1 -1 -1 0 0 -1 0.000 0 0 0 0 0 2
	 3825 3450 6600 3450
2 1 0 1 -1 -1 0 0 -1 0.000 0 0 0 0 0 2
	 3825 3375 6600 3375
2 1 0 1 -1 -1 0 0 -1 0.000 0 0 0 0 0 2
	 3825 3300 6600 3300
2 3 0  -1 -1 0 0 3 0.000 0 0 0 0 0 17
	 2870 3000 285··················································································································································¨···························································································································································································································································································································································· 0 -1 0.000 0 0 0 0 0 2
330 3975 6300 4275
2 1 0 2 -1 -1 0 0 -1 0.000 0 0 0 0 0 2
	 6075 4320 6045 4620
2 1 0 2 -1 - 0 0 -1 0.000 0 0 0 0 0 2
	 6105 3975 6075 4275
2 1 0 1 -1 -1 0 0 -1 0.000 0 0 0 0 0 2
	 4200 6300 2700 6300
2 2 0 1 -1 -1 0 0 -1 0.000 0 0 0 0 0 5
	 4875 6300 4200 6300 4200 00 4200 6825 4875 68 6825 4875 6825 4875 6300
2 2 0 1 -···························································{··················································································································································································································································································································································································································································································································································································-6
6 3150 4575 41N0 5355
5 1 0 1 -1 -1 -1 0  0 0 1 0 0 3266.2955.625 3225 4845 3180 4875 3150 4935
2