#FIG 3.00.00500 4920 7920 4995 7980 5055 79055 
5 1320
60
550 3750
3 2 0 9 5 7 0 0 -1 0 0 1 1 4
	3 1 4.40.00.00
	6 1 6.60.00.035 
5 1 0 1 -1 -1305 4905 1350
5 1 0 1300 9150 6705 9120
5 1 0 1 -1 -1 0 0 -1 0.6040 435 6225 360 6300 420 6405
5 1 0 1 -1 -1 0 0 -1 0 0 1 0 0 3400 7500 3510 7665 3435 7605 3375 7680
5 1 0 1 -1 -1 0 0 -1 0 0 0 0 0 3440 7900 3510 7920 3435 7980 3375 7905
5 1 0 1 -1 -1 0 0 -1 0 0 1 0 0 .5007.500 3165 6675 3135 6690 3165 6720
5 1 0 1 -1 -1 0 0 -1 0.000 0 1 0 0 3917..495 3840 7230 3870 7305 3930 7320
5 1 0 1 -1 -1 0 0 -1 0 0 1 0 0 3900 6500 3990 6855 3930 6900 3990 6960
5 1 0 1 -1 -1 0 0 -1 0 0 0 0 0 7970 6340 7995 6225 8070 6300 80675 411
4 0 -1 0 0 0 12 0. 0 180 2520 6675 4935 contact: p
2 1 0 0 1 1 4
	3 1 4.40.00.00
	6 1 6.60.00.035 
5 1 0 1 -1 -1305 4905 1350
5 1 0 1300 9150 6705 9120
5 1 0 1 -1 -1 0 0 -1 0.6040 435 6225 360 6300 420 6405
5 1 0 1 -1 -1 0 0 -1 0 0 1 0 0 3400 7500 3510 7665 3435 7605 3375 7680
5 1 0 1 -1 -1 0 0 -1 0 0 0 0 0 3440 7900 3510 7920 3435 7980 3375 7905
5 1 0 1 -1 -1 0 0 -1 0.000 0 1 0 0 .5007.500 3165 6675 3135 6690 3165 6720
5 1 0 1 -1 -1 0 0 -1 0.000 0 1 0 0 3917..495 3840 7230 3870 7305 3930 7320
5 1 0 1 -1 -1 0 0 -1 0 0 1 0 0 3900 6500 3990 6855 3930 6900 3990 6960
5 1 0 1 -1 -1 0 0 -1 0 0 0 0 0 7970 6340 7995 6225 8070 6300 80675 412raft\001
4 0 -1 0 0 0 12 00 0 180 2520 6675 4 ph935: ph960
700
0 2
2700
2 1
	 300
2 2
	00
2 2
	00
-6
6 5
3 0
2 2
	 0
2 2
	 0
-6

	 300
2 2
	00
2 2
	00
-6
6 5
3 0
2 2
	 0
2 2
	 0
-6
6 4
3 00 3
	 42
	 0
3 00 3
 465
	 0
-6
6 39
2 1
	 3
2 1
	 45
-6
6 3