#FIG 3.2
Lanpe
Center
In
Let0 5
50 9000
5
	 4050
	 5700 4425
2 1 0 8 4 7 0 0 -1 0 0 0 -1 0 1 2
	1 0 4.00.00 00
	0 5325 3225 5325
2 1 0 8 4 7 0 0 -1 0 0 0 -1 0 1 2
	2 0 5.00.00 00
	0 4425 7050 2325
2 1 0 16 1 7 0 0 -1 0.000 0 0 -1 1 1 3
	3 0 5.00.00.00
	2 1 5.00.00.00
75 2100 4125 2100 1650 3750
3 2 0 9 5 7 0 0 -1 0 0 1 1 4
	3 1 4.80.00.00
	2 1 6.60.00.00
	 1575 8325 4200 8025 1725 7125 4050 6450
	00 -1.000 -1 0.000
3 0 0 11 31 7 0 0 -1 0 0 1 1 4
	0 0 1 660.00 0
5 1 0 375 7905
5 1 0 1 -1 -1 0 0 -1 0.000 0 1 65 665 6720
5 1 0 1 -1 -1 0 0 -1 0.000 0 1 0 0 3917..495 3840 7230 3870 7305 3930 7320
5 1 0 1 -1 -1 0 0 -1 0 0 1 0 0 3900 6500 3990 6855 3930 6900 3990 6960
5 1 0 1 -1 -1 0 0 -1 0 0 0 0 0 7970 6340 7995 6225 8070 6300 8010 6405
5 1 0 1 -1 -1 0 0 -1 0.000 0 0 0 0 .5002.500 4920 7665 4995 7605 5055 7680
5 1 0 1 -1 -1 0 0 -1 0.000 0 1 0 0 4 6900 4440 6855 4500 6900 4440 6960
5 1 0 1 -1 -1 0 0 -1 0.000 0 1 0 0 3855..195 3795 7290 3810 7380 3870 7395
5 1 0 1 -1 -1 0 0 -1 0 0 0 0 0 4570 7195 4635 7290 4620 7380 4560 7395
5 1 0 1 -1 -1 0 0 -1 0 0 0 0 0 3645 9239 3705 9225 3690 9300 3630 9315
6 345 1470 3825 2700
5 1 0 1 -1 -1 0 0 -1 0 0 1 0 0.4952.495 480 1500 405 1530 375 1605
2 1 0 1 -1 -1 0 0 -1 0.000 0 0 -1 0 0 2
	 3825 1500 450 1500
2 1 0 1 -1 -1 0 0 -1 0 0 0 -1 0 0 2
	 3825 1800 450 1800
2 1 0 1 -1 -1 0 0 -1 0 0 0 -1 0 0 2
	5 2325 450 2325
2 1 0 1 -1 -1 0 0 -1 0.000 0 0 -1 0 0 2
0 2400 2325 2400
2 1 0 1 -1 -1 0 0 -1 0.000 0 0 -1 0 0 2
	 2325 2400 2325 2700
2 1 0 1 -1 -1 0 0 -1 0 0 0 -1 0 0 2
	 450 2700 3825 2700
2 1 0 1 -1 -1 0 0 -1 0.000 0 0 -1 0 0 2
25 1500 3825 2700
2 1 0 1 -1 -1 0 0 -1 0 0 0 -1 0 0 2
	 375 1575 375 2700
2 1 0 1 -1 -1 0 0 -1 0 0 0 -1 0 0 2
	 375 2795 6225 8070 6300 80675 412raft\001
4 0 -1 0 0 0 12 0. 0 180 2520 6675 493t: p
5 7700
0 2
	 45
2 1
	 300
2 2
	00
2 2
	00
-6
6 5
3 
	 45
	 0
3 
	 45
	 0
-6
6 35
2 2
	 00
5120
090
 7
	 555
	 5
2 30 7
5
	 0
2 
	 505
	75
27
	 700
655
 7
	5220
	 5
2 30 7
5
	 5
2 
	 400
	55
27
	 220
175
 7
	 628
	 6
2 10 2
0
2 
	 400
22
	 075
 2
	 360
2 30 5
250
 2
	 631
2 10 2
5
2 
	 660
22
	 620
 2
	4275
2 10 2
0
2 
	 675
22
	 620
 2
	 610
2 0 2
0
2 
	 4
2 20 5
300
 5
	00
22
	 300
 2
	 382
2 10 2
5
2 
	 350
22
	 375
 2
	3300
2 3 17
5
	 475
000
5
	 0
2 0 5
0
2 0 5
875
5
	 5
2 0 5
 75
5
	 5
2 0 5
575
5
	 5
2 0 5
 975
2 2 5
	75
2
	 4
2 2 5
	75
2
	 5
2 2 5
	75
2
	 45
2 0 5
 675
2 2 5
	675
5
	 
2 2 5
	75
2
	 4375
5
	 5
2 0 5
 675
2 3 5
	00
2
	 5
2 3 5
	1500
2 3 5
	0
2 0 5
0
2 0 5
000
5
	 0
2 0 5
800
5
	 5
2 0 5
25
2
	 4125
5
	 
2 2 5
	5
2 0 5
825
5
	 5
2 0 5
525
5
	 5
2 0 5
625
5
	 5
2 0 5
325
5
	 5
2 0 5
525
5
	 5
2 0 5
925
5
	 5
2 0 5
25
2
	 4
2 2 5
	25
2
	 300
2
	 4
2 3 5
	00
2
	 2
2 3 17
5
	 025
500
 2
	 301
2 10 2
5
2 
	 350
24
	 450
 2
	6600
2 10 2
0
2 
	 2
2 40 5
L\001
4 1 -1 0 0 18 14 00 4 165 465 4530 664M\001
