#FIG 3.2
Lanpe
Center
In
Letter 
100.00
le
-2
# 
1200  7520
4 1 0 11-1 -1 0 0 -1 5895 9  420 640190
\4\001
4 1 -1 0 0 18 14 00 0 0 0 0 0
5\4R\001
4 1 -1 0 0 0 0 0 00.0075.000 9 9375 225
2
5\4R\001
4 1 -1 0 0 18 1 0 0 0 0 0 5
	(
0

00
2
	
# 
\4\001
4 1 -1 0 0 18 14 00 0 0 0 0 0 5
	(
2

 2
0
 55
12R\001
4 1 -1 0 0 18 14 00 0 0 0 0 0 5
	(
2
5\4R\001
4 1 -1 0 0 0 0 0 00.0075.000 9525 1800 9375 2250 8925 2400
5 1 0 1 -1 -1 0 0 -1 0.000 0 0 0 0 .5007.500 7050 4725 6825 5325 6225 5550
5 1 0 1 -1 -1 0 0 -1 0.000 0 1 0 0 2460..000 3225 5550                                                    `                                   3000 4950 2400 4725
1 3 0 1 -1 -1 0 
er 
10000
Se
-2
# As
1200 7520
4 1 0 11-1 -1 0 0 -1 5895 9  420 640190
\4\001
4 1 -1 0 0 18 14 00 0 0 0 0 0
5\4R\001
4 1 -1 0 0 0 0 0 00.0075.000 9525 1800 9375 225
2
5\4R\001
4 1 -1 0 0 18 1 0 0 0 0 0 5
	(
0

00
2
	
# 
\4\001
4 1 -1 0 0 18 14 00 0 0 0 0 0 5
	(
2

 2
0
 55
12R\001
4 1 -1 0 0 18 14 00 0 0 0 0 0 5
	(
2
5\4R\001
4 1 -1 0 0 0 0 0 00.0075.000 9525 1800 9375 2250 8925 2400
5 1 0 1 -1 -1 0 0 -1 0.000 0 0 0 0 .5007.500 7050 4725 6825 5325 6225 5550
5 1 0 1 -1 -1 0 0 -1 0.000 0 1 0 0 2460..000 3225 5550 3000 4950 2400 4725
1 3 0 1 -1 -1 0 0 -1 0 1 00 4635 4545 105 105 4635 4545 4710 4620
1 3 0  -1 -1 0 0 -1 0.000 1 0. 5025 4545 75 75 5025 4545 5100 4545
1 3 0 1 ,1 -1 0 0 -1 0.000 1 0. 5025 4800 105 105 5025 4800 5100 4875
1 3 0 1 -1 -1 04800 75 75 4635 4800 40 -1 0 1 00 4635 4545 105 105 4635 4545 4710 4620
1 3 0 1 -1 -1 0 0 -1 0.000 1 0. 5025 4545 75 75 5025 4545 5100 4545
1 3 0 1 ,1 -1 0 0 -1 0.000 1 0. 5025 4800 105 105 5025 4800 5100 4875
1 3 0 1 -1 -1 04800 75 75 4635 4800 4710 4800
1 2 0 1 -1 -1 1 0 1 -1.000 0 00 8430 1830 1