#FIG 3.2
LanpM
Center
In
Letter 
100.00
le
-2
# 
1200 2
5 1 0 7 26 7 0 0 -1 0 0 1 1 1 9111 6757 7050 6300 8025 8625 0 7350
	2 0 7.00.00 00
	1 0 7.00.00 00
2 2 0 3 0 7 0 0 -1 0.000 0 0 -1 0 0 5
	 5700 4425 8325 4425 8325 6300 5700 6300 5700 4425
2 1 0 8 4 7 0 0 -1 0 0 0 -1 0 1 2
	1 0 4.000 6705 9 2
	 450 2700 38 0 0 0 000 3510 7920 3435 7980 3375 790H
5 1 0 1 -1 -1 0 0 -1 0.000 0 1 0 0 .5007.500 3165 6675 3135 6690 3165 6720
5 1 0 1 -1 -1 0 0 -1 0 0 1 0 0 3917..495 3840 7230 3870 7305 3930 7320
5 1 0 1 -1 -1 0 0 -1 0 0 1 0 0 3900 6500 3990 6855 3930 6900 3990 6960
5 1 0 1 -1 -1 0 0 -1 0 0 0 0 0 7970 6340 7995 6225 8070 6300 80675 412
4 0 -1 0 0 0 12 00 0 180 2520 6675 4act: ph 690960
5 1 00.000 0 1 0 0 3855..195 3795 7290 3810 7380 3870 7395
5 1 0 1 -1 -1 0 0 -1 0 0 0 0 0 4570 725 2                                                        -1 -1 0 0 -1 0.000 0 0 -1 0 0 2	 295U 885N 4080 8850
2 4 0 1 -1 -1 0 0 -1 0.000 0 0 7 0 0 5
	 4035 9300 4035 8985 3795 80675 492raft\001
4 0 -1 0 0 0 1 -1 -1 0 0 -1 0.000 0 0 -1 0 0 2
	 3660!9315 3120 9315
2 1 0 1 -1 -1 0 0 -1 0.000 0 0 -1 0 0 2
	 3255 88390 9780
2 1 0 1 -1 -1 0 0 -1 0.000 0 0 -1 0 0ĘĘĘĘĘĘĘĘĘĘĘĘĘĘĘĘĘĘĘĘĘĘĘĘĘĘĘĘĘĘĘĘĘĘĘĘĘĘĘĘĘĘĘĘĘĘĘĘĘĘĘĘĘĘĘĘĘĘĘĘĘĘĘĘĘĘĘĘĘĘĘĘĘĘĘĘĘĘĘĘĘĘĘĘĘĘĘĘĘĘĘĘĘĘĘĘĘĘĘĘĘĘĘĘĘĘĘĘĘĘĘĘĘĘĘĘĘĘĘĘĘĘĘĘĘĘĘĘĘĘĘĘĘĘĘĘĘĘĘĘĘ0 -1 0 0 0 0 60
5 1 0 1 -1 -1 0 0 -1 0 0 0 0 0 7970 6340 7995 6225 8070 6300 80675 412
4 0 -1 0 0 0 12 00 0 180 2520 6675 4act: ph 6900 4440 6960
5 1 00.000 0 1 0 0 3855..195 3795 7290 3810 7380 3870 7395
5 1 0 1 -1 -1 0 0 -1 0 0 0 0 0 4570 725 2700
2 1 0 1 -1 -1 0 0 -1 0    0 0 -1 0 0 2
	450 2700001
4 0 -1 0 0 0 1 -1 -1 0 -1 0 0 2
	 3750 8895 4080 8895
2 1 0 1 -1 -1 0 0 -1 0.000 0 0 -1 0 0 2	 295U 885N 4080 8850
2 4 0 1 -1 -1 0 0 -1 0.000 0 0 7 0 0 5
	 4035 9300 4035 8985 3795 80675 492raft\001
4 0 -1 0 0 0 1 -1 -1 0 0 -1 0.000 0 0 -1 0 0 2
	 3660!9315 3120 9315
2 1 0 1  0 0 -1 0.000 0 0 -1 0 0 2
	 3075 10080 3390 9780
2 1 0 1 -1 -1 0 0 -1 0.000 0 0 -1 0 0ĘĘĘĘ│ĘĘĘĘĘĘĘĘĘĘĘĘĘĘĘĘĘĘĘĘĘĘĘĘĘĘĘĘĘĘĘĘĘĘĘĘĘĘĘĘĘĘĘĘĘĘĘĘĘĘĘĘĘĘĘĘĘĘĘĘĘĘĘĘĘĘĘĘĘĘĘĘĘĘĘĘĘĘĘĘĘĘĘĘĘĘĘĘĘĘĘĘĘĘĘĘĘĘĘĘĘĘĘĘĘĘĘĘĘĘĘĘĘĘĘĘĘĘĘĘĘĘĘĘĘĘĘĘĘĘĘĘĘĘĘĘĘĘĘĘĘĘĘĘĘĘĘĘĘĘĘĘĘĘĘĘĘĘĘĘĘĘĘĘĘĘĘĘĘĘĘĘĘĘĘĘĘĘĘĘĘĘĘĘĘĘĘĘĘĘĘĘĘĘĘĘĘĘĘĘĘĘĘĘĘĘĘĘĘĘĘĘĘĘĘĘĘĘĘĘĘĘĘĘĘĘĘĘĘĘĘĘĘĘĘĘĘĘĘĘĘĘĘĘ1 0.000 0 ĘĘĘĘĘĘĘĘĘĘĘĘĘĘĘĘĘĘĘĘĘĘĘĘĘĘĘĘĘĘĘĘĘĘĘĘĘĘĘĘĘĘĘĘĘĘĘĘĘĘĘĘĘĘĘĘĘĘĘĘĘĘĘĘĘĘĘĘĘĘĘĘĘĘĘĘĘĘĘĘĘĘĘĘĘĘĘĘĘĘĘĘĘĘĘĘĘĘĘĘĘĘĘĘĘĘĘĘĘĘĘĘĘĘĘĘĘĘĘĘĘĘĘĘĘĘ{ĘĘĘĘĘĘĘĘĘĘĘĘĘĘĘĘĘĘ1 -1 -1 0 0 -1 0 0 0 -1 0 0 2
	 450 2700 3825 2700
2 1 0 1 -1 -1 0 0 -1 0.000 0 0 -1 0 0 2
	 3825 1500 3825 2700
2 1 0 1 -1 -1 0 0 -1 0 0 0 -1 0 0 2
	 375 1575 375 2700
2 1 0 1 -1 -1 0 0 -1 0 0 ĘĘĘĘĘĘĘĘĘĘĘĘĘĘĘĘĘĘĘĘĘĘĘĘĘĘĘĘĘĘĘĘĘĘĘĘĘĘĘĘĘĘĘĘĘĘĘĘĘĘĘĘĘĘĘĘĘĘĘĘĘĘĘĘĘĘĘĘĘĘĘĘĘĘĘĘĘĘĘĘĘĘĘĘĘĘĘĘĘĘĘĘĘĘĘĘĘĘĘĘĘĘĘĘĘĘĘĘĘĘĘĘĘĘĘĘĘĘĘĘĘĘĘĘĘĘĘĘĘĘĘĘĘĘĘĘĘĘĘĘĘĘĘĘĘ
2 . 0 1 -1 -1 0 0 -1 0.000 0 0 -1 0 0 2
	 2940 8865 0
2 4 0 1 -1 -1 0 0 -1 0.000 0 0 7 0 0 5
	 4035 9300 4035 8985 3795 80675 492raft\001
4 0 -1 0 0 0 1 -1 -1 0 0 -1 0.000 0 0 -1 0 0 2
	 3660 9315 3120
2 1┴0 1 -1 -1 0 0 -1 0.000 0 0 -1 0 0 2
	 3075 10080 3390 9780
2 1 0 1 -1 -1 0 0 -1 0.000 0 0 -1 0 0ĘĘĘĘ│ĘĘĘĘĘĘĘĘĘĘĘĘĘĘĘĘĘĘĘĘĘĘĘĘĘĘĘĘĘĘĘĘĘĘĘĘĘĘĘĘĘĘĘĘĘĘĘĘĘĘĘĘĘĘĘĘĘĘĘĘĘĘĘĘĘĘĘĘĘĘĘĘĘĘĘĘĘĘĘĘĘĘĘĘĘĘĘĘĘĘĘĘĘĘĘĘĘĘĘĘĘĘĘĘĘĘĘĘĘĘĘĘĘĘĘĘĘĘĘĘĘĘĘĘĘĘĘĘĘĘĘĘĘĘĘĘĘĘĘĘĘĘĘĘĘĘĘĘĘĘĘĘĘĘĘĘĘĘĘĘĘĘĘĘĘĘĘĘĘĘĘĘĘĘĘĘĘĘĘĘĘĘĘĘĘĘĘĘĘĘĘĘĘĘĘĘĘĘĘĘĘĘĘĘĘĘĘĘĘĘĘĘĘĘĘĘĘĘĘĘĘĘĘĘĘĘĘĘĘĘĘĘĘ©ĘĘĘĘĘĘĘĘĘĘĘĘĘĘĘĘĘĘĘĘĘĘĘĘĘĘĘĘĘĘĘĘĘĘĘĘĘĘĘĘĘĘĘĘĘĘĘĘĘĘĘĘĘĘĘĘĘĘĘĘĘĘĘĘĘĘĘĘĘĘĘĘĘĘĘĘĘĘĘĘĘĘĘĘĘĘĘĘĘĘĘĘĘĘĘĘĘĘĘĘĘĘĘĘĘĘĘĘĘĘĘĘĘĘĘĘĘĘĘĘĘĘĘĘĘĘĘĘĘĘĘĘĘĘĘĘĘĘĘĘĘĘĘĘĘĘĘĘĘĘĘ{ĘĘĘĘĘĘĘĘĘĘĘĘĘĘĘĘĘĘ1 -1 -1 0 0 -1 0 0 0 -10 -1 0 0 2
	 2940 8865 0
2 4 0 1 -1 -1 0 0 -1 0.000 0 0 7 0 0 5
	 4035 9300 4035 8985 3795 80675 492raft\001
4 0 -1 0 0 0 1 -1 -1 0 0 -1 0.000 0 0 -1 0 0 2
	 3660 9315 3120 9315
2 1 0 1 -1 -1 0 0 -1 0.000 0 0 -1 0 0 2
	 3255 8895 2970 9765
2 1 0 1 -1 -1 0 0 -1 0.000 0 0 -1 0   2
	 3195 8895 2925 9765
2 1 0 1 -1 -1 0 0 -1 0.000 0 0 -1 0 0 2
	 2595 10200 3270 10200
2>1 0 1 -1 -1 0 0 -1 0.000 0 0 -1 0 0 2
	 2910 9960 2895 10440
2 1┴0 1 -1 -1 0 0 -1 0.000 0 0 -1 0 0 2
	 3075 10080 3390 9780
2 1 0 1 -1 -1 0 0 -1 0.000 0 0 -1 0 0ĘĘĘĘ│ĘĘĘĘĘĘĘĘĘĘĘĘĘĘĘĘĘĘĘĘĘĘĘĘĘĘĘĘĘĘĘĘĘĘĘĘĘĘĘĘĘĘĘĘĘĘĘĘĘĘĘĘĘĘĘĘĘĘĘĘĘĘĘĘĘĘĘĘĘĘĘĘĘĘĘĘĘĘĘĘĘĘĘĘĘĘĘĘĘĘĘĘĘĘĘĘĘĘĘĘĘĘĘĘĘĘĘĘĘĘĘĘĘĘĘĘĘĘĘĘĘĘĘĘĘĘĘĘĘ{ĘĘĘĘĘĘĘĘĘĘĘĘĘĘĘĘĘĘ1 -1 -1 0 0 -1 0 0 0 -1 0 0 2
	 450 2700 3825 2700
2 1 0 1 -1 -1 0 0 -1 0.000 0 0 -1 0 0 2
	 3825 1500 3825 2700
2 1 0 1 -1 -1 0 0 -1 0 0 0 -1 0 0 2
	 375 1575 375 2700
2 1 0 1 -1 -1 0 0 -1 0 0 ĘĘĘĘĘĘĘĘĘĘĘĘĘĘĘĘĘĘĘĘĘĘĘĘĘĘĘĘĘĘĘĘĘĘĘĘĘĘĘĘĘĘĘĘĘĘĘĘĘĘĘĘĘĘĘĘĘĘĘĘĘĘĘĘĘĘĘĘĘĘĘĘĘĘĘĘĘĘĘĘĘĘĘĘĘĘĘĘĘĘĘĘĘĘĘĘĘĘĘĘĘĘĘĘĘĘĘĘĘĘĘĘĘĘĘĘĘĘĘĘĘĘĘĘĘĘĘĘĘĘĘĘĘĘĘĘĘĘĘĘĘĘĘĘĘ
2 . 0 1 -1 -1 0 0 -1 0.000 0 0 -1 0 0 2
	 2940 8865 0
2 4 0 1 -1 -1 0 0 -1 0.000 0 0 7 0 0 5
	 4035 9300 4035 8985 3795 80675 492raft\001
4 0 -1 0 0 0 1 -1 -1 0 0 -1 0.000 0 0 -1 0 0 2
	 3660 9315 3120 9315
2 1 0 1 -1 -1 0 0 -1 0.000 0 0 -1 0 0 2
	 3255 8895 2970 9765
2 1 0 1 -1 -1 0 0 -1 0.000 0 0 -1 0   2
	 3195 8895 2925 9765
2 1 0 1 -1 -1 0 0 -1 0.000 0 0 -1 0 0 2
	 2595 10200 3270 10200
2 1 0 1 -1 -1 0 0 -1 0.000 0 0 -1 0 0 2
	 2910 9960 2895 10440
2 1┴0 1 -1 -1 0 0 -1 0.000 0 0 -1 0 0 2
	 3075 10080 3390 9780
2 1 0 1 -1 -1 0 0 -1 0.000 0 0 -1 0 0ĘĘĘĘ│ĘĘĘĘĘĘĘĘĘĘĘĘĘĘĘĘĘĘĘĘĘĘĘĘĘĘĘĘĘĘĘĘĘĘĘĘĘĘĘĘĘĘĘĘĘĘĘĘĘĘĘĘĘĘĘĘĘĘĘĘĘĘĘĘĘĘĘĘĘĘĘĘĘĘĘĘĘĘĘĘĘĘĘĘĘĘĘĘĘĘĘĘĘĘĘĘĘĘĘĘĘĘĘĘĘĘĘĘĘĘĘĘĘĘĘĘĘĘĘĘĘĘĘĘĘĘĘĘĘĘĘĘĘĘĘĘĘĘĘĘĘĘĘĘĘĘĘĘĘĘĘĘĘĘĘĘĘĘĘĘĘĘĘĘĘĘĘĘĘĘĘĘĘĘĘĘĘĘĘĘĘĘĘĘĘĘĘĘĘĘĘĘĘĘĘĘĘĘĘĘĘĘĘĘĘĘĘĘĘĘĘĘĘĘĘĘĘĘĘĘĘĘĘĘĘĘĘĘĘĘĘĘĘ©ĘĘĘĘĘĘĘĘĘĘĘĘĘĘĘĘĘĘĘĘĘĘĘĘĘĘĘĘĘĘĘĘĘĘĘĘĘĘĘĘĘĘĘĘĘĘĘĘĘĘĘĘĘĘĘĘĘĘĘĘĘĘĘĘĘĘĘĘĘĘĘĘĘĘĘĘĘĘĘĘĘĘĘĘĘĘĘĘĘĘĘĘĘĘĘĘĘĘĘĘĘĘĘĘĘĘĘĘĘĘĘĘĘĘĘĘĘĘĘĘĘĘĘĘĘĘĘĘĘĘĘĘĘĘĘĘĘĘĘĘĘĘĘĘĘĘĘĘĘĘĘ{ĘĘĘĘĘĘĘĘĘĘĘĘĘĘĘĘĘĘ1 -1 -1 0 0 -1 0 0 0 -1 0 0 2
	 450 2700 3825 2700
2 1 0 1 -1 -1 0 0 -1 0.000 0 0 -1 0 0 2
	 3825 1500 3825 2700
2 1 0 1-1 -1 0 0 -1 0 0 0 -1 0 0 2
	 375 1575 375 2700
2 1 0 1 -1 -1 0 0 -1 0 0 0 -1 0 0 2
	/