#FIG 3.2
Lanpe
Center
In
Letter 
100.00
le
-2
# 
1200 2
5 1 0 7 26 7 0 0 -1 0 0 1 1 1 9111 6757 0 81380 3465 1335 3390 1380
5 1 1305 4905 1350
5 1 -1 -1 0 0
5 1 0 1 -1 -1 0 0 -1 0.000 0 0 0 0 .17096.500 5880 9135 6285 9090 6690 9120
5 1 0 1 -1 -1 0 0 -1 0.000 0 1 0 0 .1703.5 0 5895 9 6300 420 6405
5 1 0 1 -1 -1 0 0 -1 0 0 1 0 0 3400 7500 3510 7665 3435 7605 3375 7680
5 1 0 1 -1 -1 0 0 -1 0 0 0 0 00 7900 3 9435 7900 3510 1 0 20
5 1 0 1 -1 -1 0 0 -1 0 0 1 0 0 3900 6500 3990 685900 39 -1 0 20
5 1 0 1 -1 -1 0 0 -1 0 0 1 0 0 3900 6500 3990 6855 3930 6900 3990 6960
5 1 0 1 -1 -1 0 0 -1 0 0 0 0 0 7970 6340 7995 6225 8070 6300 8 412
4 0 -1 0 0 0 12 0.0000 0 180 2520 6675 5
5 
6 30
5 0 2
	 38
2 1
	 30
2 0 2
2325
2 1
	 40
2 2
	 700
0 2
2700
2 1
	 300
2 2
	00
2 2
	00
-6
6 5
3 
	 45
	 0
3 
	 45
	 0
-6
6 35
2 2
	 
2 1
	 3
2 1
	 3
-6
465
 3
	465
000
 3
	465
000
-6
6185
0 2
585
 0 2
	 45
-6
6 355
55
2 2
	 830
0 2
5
0 5
	 5
2 
	 5
2 30 7
5
	 0
2 
	 505
	75
27
	 700
655
 7
	 517
	 5
2 30 7
5
	 5
2 
	 400
	55
27
	 220
175
 7
	5235
	 6
2 10 2
0
2 
	 400
22
	 075
 2
	4200
2 30 5
250
 2
	4635
2 10 2
5
2 
	 660
22
	 620
 2
	 660
2 10 2
0
2 
	 675
22
	 620
 2
	4275
2 10 2
0
2 
	 4
2 20 5
300
 5
	00
22
	 300
 2
	3600
2 10 2
5
2 
	 350
22
	 375
 2
	 382
2 3 17
5
	 475
000
5
	 0
2 0 5
100
5
	 500
5
	 
2 2 5
	75
2
	 4
2 2 5
	75
2
	 4
2 2 5
	75
2
	 4
2 2 5
	975
5
	 5
2 0 5
175
5
	 5
2 0 5
875
5
	 5
2 0 5
 975
2 2 5
	675
5
	 75
2
	 4375
5
	 5
2 0 5
75
2
	 4
2 2 5
	675
5
	 0
2 0 5
100
5
	 500
5
	 
2 3 5
	9600
2 3 5
	00
2
	 5
2 3 5
	00
2
	 5
2 2 5
	5
2 0 5
25
2
	 4425
5
	 
2 2 5
	25
2
	 4
2 2 5
	25
2
	 5
2 2 5
	25
2
	 4
2 2 5
	25
2
	 4
2 2 5
	25
2
	 4
2 2 5
	25
2
	 4
2 2 5
	5
2 0 5
325
5
	 5
2 0 5
0
2 0 5
000
5
	 0
2 0 5
800
17
	 285
	 425
	00
22
	 495
 2
	6495
2 10 4
0
2 
	 350
22
	 600
 2
	 379
2 40 5
750
 5
	25
25
	 5
2 
	42
2 20 5
885
 5
	00
25
	 0
2 7
	 225
225
0 9
0
	 0
2 9
	 900
000
AM\001
4 1 -1 0 0 18 18 00 4 210 900 3285 35ASIO\001
4 1 -1 0 0 18 14 0. 4 165 480 6555 6645 CHR\001
4 1 -1 0 0 18 14 0. 4 165 480 5910 6645 TMR\001
4 1 -1 0 0 18 14 0. 4 165 600 5220 6645L\001
4 00 4050 900 4050 375 3420 3700 4 165 465 4530 66LM\001
