#FIG 3.2
Po褮
Center
Inches
 5355
5 
5 1
5 1120
 6300 6405
5 1 0 1 -1 -1 0 0 -1 0 0 1 0 0 3400 7500 3510 76 4125 2100 1650 3750
3 2 0 9 5 7 0 0 -1 0 0 1 1 4
	3 1 4.40.00.00
	2 1 6440 -318 0 1 0
5 1 0 1 -1 -1 0 0 -11 0 1 -1 - 0.000 0 0 0.00085 9090 6690 9120
5 1 0 1 -1 -1 0 0 -1 0.000 0 1 0 0 .1703.500 5895 9105 6300 9150 6705 9120
5 1 0 1 -1 -1 0 0 -1 0.000 0 1 0 0 440 6040 435 6225 360 6300 420 6405
5 1 0 1 -1 -1 0 0 -1 0 0 1 0 0 3400 7500 3510 7665 3435 7605 3375 7680
5 1 0 1 -1 -1 0 0 -1 0 0 0 0 0 3440 7900 3510 7920 3435 7980 3375 7905
5 1 0 1 -1 -1 0 0 -1 0.000 0 1 0 0 .5007.500 3165 6675 3135 6690 3165 6720
5 1 0 1 -1 -1 0 0 1 0.000 0 1 0 0 3917..495 3840 7230 3870 7305 3930 7320
5 1 0 1 -1 -1 0 0 -1 0 0 1 0 0 3900 6500 3990 6855 3930 6900 3990 6960
5 1 0 1 -1 -1 0 0 -1 0 0 0 0 0 7970 6340 7995 6225 8070 6300 80675 412raft\001
4 0 -1 0 0 0 12 0.0000 0 180 2520 6675 4936960
5 170 7395
2
	 382525 2700
1 0 0 2
700
2 1 0 2
	 3725 2700
-6
6 41235 465
33
	 423025 465
	0 
3 0 00 0 3
	 65
	 0.0 0.000
-6
6 39750 1185
2 0 0 2
	85
2 1 0 2
	 42000 1185
-6
6 315
5 1 0 14935
2 1 0 2
	 430
2 1 0 2
	 316
2 1 0 1
	 3150 0 5355
2 0 0 2
	5
2 1 0 2
	 316555 5070
-6
6 465
5 1 0 1605
2 1 0 2
	 460
2 1 0 2
	 465025 1800
1 0 0 2
 2325
2 0 0 2
	 400
2 1 0 2
	 610
2 1 0 2
	 802550 2700
1 0 0 2
 1500
2 0 0 2
	 800
2 1 0 2
	 465
2 1 0 2
	 802550 2400
1 0 0 2
 2700
2 0 0 2
	 700
2 1 0 2
	 460
2 1 0 2
	 810000 2700
1 0 0 2
 2700
-6
6 4305 5 5355
565
2 1 0 2
	 198
2 1 0 1
	 2595 0 9720
2 0 0 2
	9765
2 1 0 2
	 100
2 1 0 2
	 198
2 1 0 1
	 1995 5 9285
2 0 0 2
	9270
2 1 0 2
	 250
2 . 0 2
	 294
2 1 0 1
	 4080 0 8940
2 0 0 2
	8895
2 1 0 2
	 395
2 1 0
	 4050  1140
2  2
	 340
2 1 0 1
	 3540 0 1485
2 0 0 2
	1485
2 1 0 2
	 570
2 4 05
	 4170 1755
2  0 5
	 4
2 1 0 1
	 3825 5 5055
2 0 0 2
	5055
2 1 0 2
	 400
2 1 0 2
	 444
2 1 0 1
	 2265 45 9465
1 0 0 2
 9450
2 0 0 2
	 720
2 1 0 2
	 245
2 1 0 2
	 192020 9600
1 0 0 2
 9540
2 0 0 2
	 285
2 1 0 2
	 220
2 1 0 2
	 258025 8850
1 0 0 2
 9255
2 0 0 2
	 940
2 1 1 0 2
	 895
2 1 0 2
	 290
2 4 0 
	 4035 9300
2 1 0 2
	 315
2 1 0 2
	 325
2 1 0 1
	 3195 5 9765
2 0 0 2
	 10200
2 0 0 2
	10440
2 0 0 2
	 9780
2 1 0 2
	 360
2 1 0 2
	 339
2 1 0 1
	 3600 0 9360
2 0 0 2
	9780
2 1 0 2
	 315
2 1 0 2
	 343
2 1 0 1
	 3765 5 9270
2 0 0 2
	9060
2 1 0 2
	 40
3 0 0  2
	 411
2 1 0 1
	 6225 5 9045
2
2 1 0 1
	 5325 5 5355
2
	 6225 0 8295
2 0 0 2
	8355
2 1 0 2
	 685
2 1 0 2
	 670
2 1 0 1
	 6195 5 8355
2 0 0 2
	9480
2 1 0 2
	 680
2 1 0 2
	 259
2 1 0 1
	 3825 0 2715
2 0 0 2
	1500
2 1 0 2
	 2020
2 1 0 2
	 190
2 1 0 2
	 420 5 6330
2 0 0 2
	05
2 1 0 2
	 45095 6465
1  0 2
6540
2 1 0 2
	 205
2 1 0 2
	 235
2 1A0 1
	 3780 0 7725
2 0 0 2
	7800
2 1 0 2
	 350
2 1 0 2
	 352
2 1 0 1
	 3150 5 6675
2 0 0 2
	0 0 2
	 435
2 1 0 2
	 385
2 1 0 2
	 414040 6435
1 0 0 2
 6840
2 0 0 2
	 975
2 1 0 2
	 370
2 1 0 2
	 412540 7170
1 0 0 2
 7185
2 0 0 2
	 330
2 1 0 2
	 795
2 1 0 2
	 798035 6465
1 0 0 2
 6540
2 0 0 2
	 305
2 1 0 2
	 605
2 1 0 2
	 465090 7725
1 0 0 2
 7800
2 0 0 2
	 920
2 1 0 2
	 525
2 1 0 2
	 526565 6735
 0 0 2
	6435
2  0 2
	 435
2 1 0 2
	 429
2 1 0 1
	 4455 0 6840
2 0 0 2
	 4455 69
	 4635 5 7290
2 0 0 2
	7170
2 1 0 2
	 485
2 1 0 2
	 379
2 1 0 1
	 4095 5 7275
2 0 0 2
	7275
2 1 0 2
	 395
2 1 0 2
	 316
2 1 0 1
	 4665 0 6705
2 0 0 2
	7935
2 1 0 2
	 370
2 1 0 2
	 370
2 1 0 1
	 3735 5 9450
2 0 0 2
	9315
2 1 0 2
	 4
2 1 0 1
	 4260  1585
2 0 0 2
	 0
2 1 0 2
	 802525 2700
1 0 0 2
 6315
2 0 0 2
	 330
2 1 0 2
	 420
2 1 0 2
	 426060 6315
 3
	 423335 480
000
3 0  0 0 3
	1515
	 0
3 0 0 10 4
	 38 1155
	 0 0.000
 4
	 4661155
	 0 0.000
33
	 38705
	 0.000.000
3 
	 4575 
	 0.000.000
3 00 0 0 3
40 9360
000
3 0  0 0 4
	 1905 92
	 0.00000
3 0 00 0 4
	 95 9780
0
3 0 0  0 4
	 15 9780
	00 0.000
3 0 0 10 6
	 405
	 0.000 0.000
 4
	 2599255
	 0 0.000
34
	 3015615
	 0.0.000
3 
	 4215 0 7305
	7320
	 0 0.000
38
	 421560 7305
 7320
	 0 0.000
 6
	 306
	 0.000 0.000
33
	 29400
	 0.000.000
3 
	 3270 
	 0.000.000
3 00 0 0 3
40 9360
000
3 0  0 0 3
	1515
	 0
3 0 0 10 4
	 41 5700
	 0 0.000
Light Aircraft\001
4 0 -1 0 0 0 12 0.0000 0 180 2520 6675 4935 cphiscockson.ca\001
4 0 -1 0 0 0 12 0.0000 0 135 1560 667 -1 0 0 2
	 3825cks\001
4 0 -1 0 0 0 12 0.0000 0 165 2265 6675 4 BC, Canada\001
