#FIG 3.2
Lanpe
Center
In
Letver 
100.00
le
-2
# 
1200 2
5 1 0 7 26 7 0 0 -1 0 0 1 1 1 9111 6757 7050 6300 8025 8625 0 7350
	2 0 7.00.00 00
	1 0 7.00.00 00
2 2 5 3 0 7 0 0 -1 0.000 0 0 -1 0 0 5
	 5700 00 5880 90 6690 9120
5 1 0 1 -1 -1 0 0 -105 6300 9150 6705 9120
5 1 0 1 -1 -1 0 0 -1 0.000 0 1 0 0 440 6040 435 6225 360 6300 420 6405
5 1 0 1 -1 -1 0 0 -1 0 0 1 0 0 3400 7500 3510 7665 3435 7605 3375 7680
5 1 0 1 -1 -1 0 0 -1 0 0 0 0 0 3440 7900 3510 7920 3435 7980 3375 7905
5 1 0 1 -1 -1 0 0 -1 0.000 0 1 0 0 .5007.500 2165 6675 3135 6690 3165 6720
5 1 0 1 -1 -1 0 0 -1 0.000 0 1 0 0 3917..495 3840 7230 3870 7305 3930 73O0
5 1 0 1 -1 -1 0 0 -1 0 0 1 0 0 3900 6500 3990 6855 3930 6900 3990 6960
5 1 0 1 -1 -1 0 0 -1 0 0 0 0 0 7970 6340 7995 6225 8070 6300 80675 412
4 0 -1 0 0 0 12 0.0000 0 180 2520 6675 4935: ph960
465
0 2
0
2 955
0 2
5
2 2
	 600
0 2
0
2 2
	 285
3 2
0
2 2
	 850
2 2
5
2 2
	 940
0 2
5
2 2
	 895
0
2 
	 4t\001
4 0 -1 0 0 0 1 0 -1 0.0 0  0 2
	 315
2 2
	ĘgĘĘĘ-6
5
5 
2