#FIG 3.2
Lanpe
Center
In
Letver 
100.00
le
-2
# 
1200 2
5 1 0 7 26 7 0 0 -1 0 0 1 1 1 9111 6757 7050 6300 8025 8625 0 7350
	2 0 7.00.00 00
	1 0 7.00.00 00
2 2 5 3 0 7 0 0 -1 0.000 0 0 -1 0 0 5
	 5700 4425 8325 4425 8325 6300 5700 6300 5700 4425
2 1 0 8 4 7 0 0 -1 0 0 0 -1 0 1 2
	1 0 4.00.00 00
	0 5325 3225 5325
2 1 0 8 4 7 0 0 -1 0 0 0 -1 00 0 -105
5 1 0 1 -1 -1 0 05 3435 7605 3375 7680
5 1 0 1 -1 -1 0 0 -1 0 0 0 0 0 3440 7900 3510 7920 3435 7980 3375 7905
5 1 0 1 -1 -1 0 0 -1 0.000 0 1 0 0 .5007.50675 3135 6690 6500 3990 6855 393
5 1 0 1 -1 -1 0 0 -1 0 0 0 0 0 7970 6340 7995 6225 8070 6300 80675 412r001
4 0 -1 0 0 0 12 00 0 2520 6675 40 6960
5 2
	500
0 2
1800
2 1 2
	325
0 2
	 45
2 1
	 200
20
	 0
3 00
38
	  6
	 306
	 000
33
	 0
	 0
3 
	 3
	 0
3 00 3
360
000
 3
	1515
	 0
3 00 4
0
	 000
Lighft\001
4 0 -1 0 0 0 12 00 0 180 2520 6675 49phisca\001
4 0 -1 0 0 0 12 00 0 135 1560 6675 4Dks\001
4 0 -1 0 0 0 12 00 0 165 2265 6675 45BC, da\001
