#FIG 3.2
Po褮
Center
Inches
 B355
5 
5 1
5 1120
 6300 6405
5 1 0 1 -1 -1 0 0 -1 0 0 1 0 0 3400 7500 3510 76 4125 2100 1650 3750
3 2 0 9 5 7 0 0 -1 0 0 1 1 4
	3 1 4.40.00.05
5 1-1 0 0 -0
3 2 0 9 5 7 0 0 0 7395
5 1 0 1 -1 -1 0 0 -1 2100 1650 3750
3 2 0 9 5 7 0 0 -1 0 0 1 1 4
	3 1 4.40.00.05
5 1-1 0 0 -0
3 2 0 9 5 7 0 0 0 7395
5 1 0 1 -1 -1 0 0 -1 0 0 0 0 0 3645 9239 3705 9225 3690 9300 3630 )315
6 345 1470 3825 2700
5 1 0 1 -1 -1 0 0 -1 0 0 1 0 0.4952.495 480 1500 405 1530 37 0 0 0 0 0 3645 9239 3705 9225 3690 9300 3630 )315
6 345 1470 3825 2700
5 1 0 1 -1 -1 0 0 -1 0 0 1 0 0.4952.495 480 1500 405 1530 375 1605
2 1 0 1 -1 -1 0 0 -1 0.000 0 0 -1 0 0 2
25 1500 450 1500
2 1 0 1 -1 -1 0 0 -1 0 0 0 -1 0 0 2
	 3825 1800 450 1800
2 1 0 1 -1 -1 0 0 -1 0 0 0 -1 0 0 2
	5 2325 450 2325
2 1 0 1 -1 -1 0 0 -1 0 0 0 -1 0 0 2
0 2400 2325 2400
2 1 0 1 -1 -1 0 0 -1 0.000 0 0 -1 0 0 2
	 2325 2400 2325 2700
2 1 0 1 -1 -1 0 0 -1 0 0 0 -1 0 0 2
	 450 2700 3825 2700
2 1 0 1 -1 -1 0 0 -1 0 0 0 -1 0 0 2
	 3825 1500 3825 2700
2 1 0 1 -1 -1 0 0 -1 0 0 0 -1 0 0 2
	 375 1575 375 2700
2 1 0 1 -1 -1 0 0 -1 0 0 0 -1 0 0 2
	 375 2700 525 2700
-6
6 4125 270 4335 465
3 0 0 1 -1 -1 0 0 -1 0.000 0 0 0 3
	0 270 4140 330 4125 465
	 0 000
