#FIG 2.0
800 0 0
1 3 0 1 0 0 0 0 0.000 1 0.000 159 159 5 5 159 159 159 164
2 1 1 10 0 0 0 0.000 1 0.000 159 159 164
2 1 1 1 0 0 0 1 4.000 0 0
	 159 164 159 199 9999 9999
2 1 0 1 0 0 0 0 0.000 0 0
	 159 159 159 159 9999 9999
2 1 0 1 0 0 0 0 0 0 0
	 79 79 479 79 9999 9999
2 1 0 1 0 0 0 0 0 0 0
	 199 199 479 199 9999 9999
2 1 0 1 0 0 0 0 0.000 0 0
	 74 199 119 199 9999 9999
2 1 0 1 0 0 0 0 0.000 1 0
	0 0 1.000 4 8.000
	 79 179 109 179 9999 9999
2 1 0 1 0 0 0 0 0.000 1 0
	0 0 1.000 4 8.000
	 79 164 119 164 9999 9999
2 1 0 1 0 0 0 0 0.000 1 0
	0 0 1.000 4 8.000
	 79 144 124 144 9999 9999
2 1 0 1 0 0 0 0 0.000 1 0
	0 0 1.000 4 8.000
	 79 124 114 124 9999 9999
2 1 0 1 0 0 0 0 0.000 1 0
	0 0 1.000 4 8.000
	 79 104 104 104 9999 9999
4 2 32 30 0 00 1 -1 -1 0 0 20 0.0000 3795 6645 30 30 3795 6645 3825 6645
2 3 0 1 -1 -1 0 0 20 0.000 0 0 0 0 0A5
	 3540 4935 3345 4590 3360 4560 3390 4%60 3540 4935
2 1 0 3 -1 -1 0 0 -1 0.000 0 0 0 0 0 2
	 5325 5775 5325 5850
2 1 0 3 -1 -1 0 0 -1 0.000 0 0 0 205/5220
	 5175 0.000 0 0 0 0 0 7
	 5970 5625 5925 5U95 5595 5595 5550 5625 5595 5655 5925 5655
	 5970 5625
2 3 0 1 -1 -│ 0 0 20 0.000 0 0 0 0 0 7
	 47ъъ 5655 4695 5700 4695 6030 4725 60C5 4755 6030 4755 5700
	 4725 5655
2 3 0 1 -1 -1 0 0 20 0.000 0 0 0 0 0 7
	 4725 5175 4695 5220 4695 5550 4725 5595 47555220
	 4725 5175
2 3 0 1 -1 -1 0 0 20 0.000 0 0 0 0 0 7
	 6285 5190 6255 5235 6255 5565 6285 5610 6315 5565 631: 5235
	 6285 5190
2 1 0 1 -1 -1 0 0 20 0.000 0 0 0 0 0 2
	 2925 5100 3150 5100
2 1 0 1 -1 -1 0 0 20 0.000 * 0 0 0 0 2
	 4350 5100 4125 5100
2 1 0 1 -1 -1 0 0 
1 0.000 0 0 0 0 0 2
 3600 5850 3600 6075
2 1 0 1 -1 -1 0 0 -1 0.000 0 0 0 0 0 2
	 3600 3975 3600 4200
2 3 0 1 -1 -1 ЩЩЩЩЩЩЩЩЩЩЩЩЩЩ0 0 20 0.000 0 0 0 0 0 5
	 3735 5250 4110 5670 4095 571514050 5700 3735 5250
2 1 0 2 -1 -1 0 0 -1 0.000 0 0 0 0 0 2
	 6315 463 65S0 4635
2 1 0 2 -1 -1 0 0 -1 0.000 0 0 0 0 0 2
	 6330 4305 6540 4305
2 1 0 2 -1 -1 0 0 -1 0.000 0 0 0 0 0 2
	 6360 3960 6555 3960
2 1 0 2 -1 -1 0 0 -1 0.000 0 0 0 0 0 2
	 6570 4320 6540 1 0 1 -1 -1 0 0 -1 000 * 0 0 0 0 2
	 4350 5100 4125 5100
2 1 0 1 -1 -1 0 0 1 0.000 0 0 0 0 0 2
 3600 5850 3600 6075
2 1 0 1 -1 -1 0 0 -1 0.000 0 0 0 0 0 2
	 3600 3975 3600 4200
2 3 0 1 -1 -1 ЩЩЩЩЩЩЩЩЩЩЩЩЩЩ0 0 20 0.000 0 0 0 0 0 5
	 3735 5250 4110 5670 4095 571514050 5700 3735 5250
2 1 0 2 -1 -1 0 0 -1 0.000 0 0 0 0 0 2
	 6315 4635 65S0 4635
2 1 0 2 -1 -1 0 0 -1 0.000 0 0 0 0 0 2
	 6330 4305 6540 4305
2 1 0 2 -1 -1 0 0 -1 0.000 0 0 0 0 0 2
	 6360 3960 6555 3960
2 1 0 2 -1 -1 0 0 -10.000 0 0 0 0 0 2
	 6570 4320 6540 4S20
2 1 0 2 -1 -1 0 0 -1 0.000 0 0 0 0 0 2
	 6600 3975 6570 4275
2 1 0 2 -1 -1 0 0 -1 0.000 0 0 0 0 0 2
	 6300 4320 6270 4620
2 1 0 2 -1 -1 0 0 -1 0.000 0 0 0 0 0 2
	 6330 3975 6300 4275
2 1 0 2 -1 -1 0 0 -1 0.000 0 0 0 0 0 2
	 6075 4320 6045 4620
2 ( 0 2 -1 -1 0 0 -1 0.000 0 0 0 0 0 2
	 6105 3975 6075 4275
2 1 0 1 -1 -1 0 0 -1 0.000 0 0 0 0 0 2
	 4200 6300 2700 6300
2 2 0 1 -1 -1 0 0 -1 0.000 0 0 0 0 0 5
	 4875 6300 4200 6300 4200 6825 4875 6825 4875 &300
2 2 0 1 -1 -1 0 0 -1 0.000 0 0 0 0 0 5
	 4875 6300 5550 6300 5550 6825 4875 6825 4 -1 -1 0 0 3 0.000 0 0 0 0 875 6300
2 2 0 1 -1 -1 0 0 -1 0.000 0 0 0 0 0 5
	 6225 6300 5550 6300 5550 682╡ 6225 6825 6225 6300
2 1 0 1 -1 -1 0 0 -1 0.000 0 0 0 0 0 2
	 6900 63                                                                                                      00 6225 6300
2 1 0 1 -1 -1 0 0 -1 0.000 0 0 0 0 0 2
	0 9960 2895 10440
2 1 0 1 -1 -1 0 0 -1 0.000 0 0 -1 0 0 2
	 3075 10080 3390 9780
2 1 0 1 -1 -1 0 0 -1 0.000 0 0 -1 0 0 2
	 3015 9660 3390 9660
2 1 0 1 -1 -1 0 0 -1 0.000 0 0 -1 0 0 2
	 3390 9660 3735 9450
2 1 0 1 -1 -1 0 0 -1 0.000 0 0 -1 0 0 2
	 3600 9360 3690 9360
2 1 0 1 -1 -1 0 0 -1 0.000 0 0 -1 0 0 2
	 2910 9780 3435 9780
2 1 0 1 -1 -1 0 0 -1 0.000 0 0 -1 0 0 2
	 3420 9780 3750 9615
2 1 0 1 -1 -1 0 0 -1 0.000 0 0 -1 0 0 2
	 3435 9780 6690 9240
2 1 0 1 -1 -1 0 0 -1 0.000 0 0 -1 0 0 2
	 3765 9600 5985 9270
2 1 0 1 -1 -1 0 0 -1 0.000 0 0 -1 0 0 2
	 4140 8955 4395 9060
2 1 0 1 -1 -1 0 0 -1 0.000 0 0 -1 0 0 2
	 4395 9060 6000 9165
2 1 0 1 -1 -1 0 0 -1 0.000 0 0 -1 0 0 2
	 4110 8940 5880 9045
2 1 0 1 -1 -1 0 0 -1 0.000 0 0 -1 0 0 2
	 6225 8295 5895 9045
2 1 0 1 -1 -1 0 0 -1 0.000 0 0 -1 0 0 2
	 6225 8295 6690 8295
2 1 0 1 -1 -1 0 0 -1 0.000 0 0 -1 0 0 2
	 6195 8355 6705 8355
2 1 0 1 -1 -1 0 0 -1 0.000 0 0 -1 0 0 2
	 6390 8295 6390 9285
2 1 0 1 -1 -1 0 0 -1 0.000 0 0 -1 0 0 2
	 6705 8295 6705 9240
2 1 0 1 -1 -1 0 0 -1 0.000 0 0 -1 0 0 2
	 6195 8355 6705 8355
2 1 0 1 -1 -1 0 0 -1 0.000 0 0 -1 0 0 2
	 6420 9300 6645 9480
2 1 0 1 -1 -1 0 0 -1 0.000 0 0 -1 0 0 2
	 6360 9315 6630 9480
2 1 0 1 -1 -1 0 0 -1 0.000 0 0 -1 0 0 2
	 2595 9270 2670 9270
2 1 0 1 -1 -1 0 0 -1 0.000 0 0 -1 0 0 2
	 3825 2715 4650 2715
2 1 0 1 -1 -1 0 0 -1 0.000 0 0 -1 0 0 2
	 3825 1500 4665 1500
2 1 0 1 -1 -1 0 0 -1 0.000 0 0 -1 0 0 2
	 2895 9795 2910 10020
2 1 0 1 -1 -1 0 0 -1 0.000 0 0 -1 0 0 2
	 1905 9270 1905 9450
2 1 0 1 -1 -1 0 0 -1 0.000 0 0 -1 0 0 2
	 420 6225 3825 6330
2 1 0 1 -1 -1 0 0 -1 0.000 0 0 -1 0 0 2
	 450 6225 450 6405
2 1 0 1 -1 -1 0 0 -1 0.000 0 0 -1 0 0 2
	 450 6345 3795 6465
2 1 0 1 -1 -1 0 0 -1 0.000 0 0 -1 0 0 2
	 450 6405 3765 6540
2 1 0 1 -1 -1 0 0 -1 0.000 0 0 -1 0 0 2
	 2460 6495 3765 7305
2 1 0 1 -1 -1 0 0 -1 0.000 0 0 -1 0 0 2
	 2355 6495 3765 7365
2 1 0 1 -1 -1 0 0 -1 0.000 0 0 -1 0 0 2
	 3780 7380 3540 7725
2 1 0 1 -1 -1 0 0 -1 0.000 0 0 -1 0 0 2
	 3870 7395 3525 7800
2 1 0 1 -1 -1 0 0 -1 0.000 0 0 -1 0 0 2
	 3375 7665 3375 7950
2 1 0 1 -1 -1 0 0 -1 0.000 0 0 -1 0 0 2
	 3525 7650 3525 7920
2 1 0 1 -1 -1 0 0 -1 0.000 0 0 -1 0 0 2
	 3150 6675 3765 6675
2 1 0 1 -1 -1 0 0 -1 0.000 0 0 -1 0 0 2
	 3165 6735 3765 6735
2 1 0 1 -1 -1 0 0 -1 0.000 0 0 -1 0 0 2
	 3855 6360 3855 6435
2 1 0 1 -1 -1 0 0 -1 0.000 0 0 -1 0 0 2
	 3855 6435 4140 6435
2 1 0 1 -1 -1 0 0 -1 0.000 0 0 -1 0 0 2
	 4140 6360 4140 6435
2 1 0 1 -1 -1 0 0 -1 0.000 0 0 -1 0 0 2
	 3975 6840 4140 6840
2 1 0 1 -1 -1 0 0 -1 0.000 0 0 -1 0 0 2
	 3975 6975 4125 6975
2 1 0 1 -1 -1 0 0 -1 0.000 0 0 -1 0 0 2
	 3795 6465 3795 7290
2 1 0 1 -1 -1 0 0 -1 0.000 0 0 -1 0 0 2
	 4125 7050 4140 7170
2 1 0 1 -1 -1 0 0 -1 0.000 0 0 -1 0 0 2
	 4140 7170 4215 7185
2 1 0 1 -1 -1 0 0 -1 0.000 0 0 -1 0 0 2
	 8010 6225 4605 6330
2 1 0 1 -1 -1 0 0 -1 0.000 0 0 -1 0 0 2
	 7980 6225 7980 6405
2 1 0 1 -1 -1 0 0 -1 0.000 0 0 -1 0 0 2
	 7980 6345 4635 6465
2 1 0 1 -1 -1 0 0 -1 0.000 0 0 -1 0 0 2
	 7980 6405 4665 6540
2 1 0 1 -1 -1 0 0 -1 0.000 0 0 -1 0 0 2
	 5970 6495 4665 7305
2 1 0 1 -1 -1 0 0 -1 0.000 0 0 -1 0 0 2
	 6075 6495 4665 7365
2 1 0 1 -1 -1 0 0 -1 0.000 0 0 -1 0 0 2
	 4650 7380 4890 7725
2 1 0 1 -1 -1 0 0 -1 0.000 0 0 -1 0 0 2
	 4560 7395 4905 7800
2 1 0 1 -1 -1 0 0 -1 0.000 0 0 -1 0 0 2
	 4905 7650 4905 7920
2 1 0 1 -1 -1 0 0 -1 0.000 0 0 -1 0 0 2
	 5280 6675 4665 6675
2 1 0 1 -1 -1 0 0 -1 0.000 0 0 -1 0 0 2
	 5265 6735 4665 6735
2 1 0 1 -1 -1 0 0 -1 0.000 0 0 -1 0 0 2
	 4575 6360 4575 6435
2 1 0 1 -1 -1 0 0 -1 0.000 0 0 -1 0 0 2
	 4575 6435 4290 6435
2 1 0 1 -1 -1 0 0 -1 0.000 0 0 -1 0 0 2
	 4290 6360 4290 6435
2 1 0 1 -1 -1 0 0 -1 0.000 0 0 -1 0 0 2
	 4455 6840 4290 6840
2 1 0 1 -1 -1 0 0 -1 0.000 0 0 -1 0 0 2
	 4455 6975 4305 6975
2 1 0 1 -1 -1 0 0 -1 0.000 0 0 -1 0 0 2
	 4635 6465 4635 7290
2 1 0 1 -1 -1 0 0 -1;0.000 0 0 -1 0 0 2
	 4305 7050 4290 7170
2 1 0 1 -1 -1 0 0 -1 0.000 0 0 -1 0 0 2
	 4290 7170 4215 7185
2 1 0 1 -1 -1 0 0 -1 0.000 0 0 -1 0 0 2
	 3795 6465 4635 6465
2 1 0 1 -1 -1 0 0 -1 0.000 0 0 -1 0 0 2
	 4095 7035 4095 7275
2 1 0 1 -1 -1 0 0 -1 0.000 0 0 -1 0 0 2
	 4335 7035 4335 7275
2 1 0 1 -1 -1 0 0 -1 0.000 0 0 -1 0 0 2
	 3870 7395 4560 7395
2 1 0 1 -1 -1 0 0 -1 0.000 0 0 -1 0 0 2
	 3165 6705 3765 6705
2 1 0 1 -1 -1 0 0 -1 0.000 0 0 -1 0 0 2
	 4665 6705 5280 6705
2 1 0 1 -1 -1 0 0 -1 0.000 0 0 -1 0 0 2
	 5070 7650 5070 7935
2 1 0 1 -1 -1 0 0 -1 0.000 0 0 -1 0 0 2
	 3255 8970 3720 8970
2 1 0 1 -1 -1 0 0 -1 0.000 0 0 -1 0 0 2
	 3705 8985 3705 9270
2 1 0 1 -1 -1 0 0 -1 0.000 0 0 -1 0 0 2
	 3735 9300 3735 9450
2 1 0 1 -1 -1 0 0 -1 0.000 0 0 -1 0 0 2
	 3735 8955 3735 9315
2 1 0 1 -1 -1 0 0 -1 0.000 0 0 -1 0 0 2
	 4485 585 4260 585
2 1 0 1 -1 -1 0 0 -1 0.000 0 0 -1 0 0 2
	 4260 585 4260 1185
2 1 0 1 -1 -1 0 0 -1 0.000 0 0 -1 0 0 2
	 450 1515 4508715 3255 8670 1 -1 0 0 -1 0.00 0 0 -1 0 0 2
	 8025 1500 8025 2700
2 1 0 1 -1 -1 0 0 -1 0.000 0 0 -1 0 0 2
	 4170 5700 4170 6315
2 1 0 1 -1 -1 0 0 -1 0.000 0 0 -1 0 0 2
	 3825 6330 4620 6330
2 1 0 1 -1 -1 0 0 -1 0.000 0 0 -1 0 0 2
	 4215 5700 4215 6300
2 1 0 1 -1 -1 0 0 -1 0.000 0 0 -1 0 0 2
	 4260 5700 4260 6315
3 0 0 1 -1 -1 0 0 -1 0.000 0 0 0 3
	 4230 285 4320 345 4335 480
	 0.000 1.000 0.000
3 0 0 1 -1 -1 0 0 -1 0.000 0 0 0 3
	 4020 480 3960 570 3810 1515
	 0.000 1.000 0.000
3 0 0 1 -1 -1 0 0 -1 0.000 0 0 0 4
	 3810 1500 3885 1290 4035 1155 4230 1155
	 0.000 1.000 1.000 0.000
3 0 0 1 -1 -1 0 0 -1 0.000 0 0 0 4
	 4665 1500 4590 1290 4440 1155 4245 1155
	 0.000 1.000 1.000 0.000
3 0 0 1 -1 -1 0 0 -1 0.000 0 0 0 3
	 3870 2820 3990 3060 4005 3255
	 0.000 1.000 0.000
3 0 0 1 -1 -1 0 0 -1 0.000 0 0 0 3
	 4575 2820 4455 3060 4440 3255
	 0.000 1.000 0.000
3 0 0 1 -1 -1 0 0 -1 0.000 0 0 0 3
	 1890 9435 1785 9405 1740 9360
	 0.000 1.000 0.000
3 0 0 1 -1 -1 0 0 -1 0.000 0 0 0 4
	 19055 571514050 5700 3735 5250
2 1 0 2 -1 -1 0 0 -1 0.000 0 0 0 0 0 2
	 6315 4635 65S0 4 1.000 0.000
3 0 0 1 -1 -1 0 0 -1 0.000 0 0 0 8
	 4215 6765 3930 6765 3855 6795 3840 6855 3840 7245 3870 7305
	 3930 7320 4215 7320
	 0.000 1.000 1.000 1.000 1.000 1.000 1.000 0.000
3 0 0 1 -1 -1 0 0 -1 0.000 0 0 0 8
	 4215 6765 4500 6765 4575 6795 4590 6855 4590 7245 4560 7305
	 4500 7320 4215 7320
	 0.000 1.000 1.000 1.000 1.000 1.000 1.000 0.000
3 0 0 1 -1 -1 0 0 -1 0.000 0 0 0 6
	 3060 9315 2985 9315 2985 9315 2985 9000 3045 8970 3150 8970
	 0.000 1.000 1.000 1.000 1.000 0.000
3 0 0 1 -1 -1 0 0 -1 0.000 0 0 0 3
	 2940 8865 2970 8925 3180 8940
	 0.000 1.000 0.000
3 0 0 1 -1 -1 0 0 -1 0.000 0 0 0 3
	 3270 8940 3630 8940 4140 8940
	 0.000 1.000 0.000
3 0 0 1 -1 -1 0 0 -1 0.000 0 0 0 3
	 1890 9285 1785 9315 1740 9360
	 0.000 1.000 0.000
3 0 0 1 -1 -1 0 0 -1 0.000 0 0 0 3
	 4455 480 4515 570 4665 1515
	 0.000 1.000 0.000
3 0 0 1 -1 -1 0 0 -1 0.000 0 0 0 4
	 4170 5685 4215 5655 4260 5700 4245 5700
	 0.000 1.000 1.000 0.000
4 0 -1 0 0 0 12 0.0000 0 180 2580 6675 4125 from: The Design of Light Aircraft\001
4 0 -1 0 0 0 12 0.0000 0 180 2520 6675 4935 cotacyerson.ca\001
4 0 -1 0 0 0 12 0.0000 0 135 1560 6675 4320           R.D. Hiscocks\001
4 0 -1 0 0 0 12 0.0000 0 165 2265 6675 4500uver, BC, Canada\001
