#FIG 3.2
Lanpe
Center
In
Letter 
100
5 10
5 
5 1412
4 0 -1 0 0 0 111111112 00 0 180 2520 6675 5 38
2 1
6 35
2 2
	 
2 1
	 3
2 1
	 3
-6
465

5 0 2
	 38
2 1
	 30
2 0 2
2325
2 1
	 40
2 2
	 700
0 2
2700
2 1
	 300
2 2
	00
2 2
	00
-6
6 5
3 
	 45
	 0
3 
	 45
	 0
-6
6 35
2 2
	 
2 1
	 3
2 1
	 3
-6
465
 3
	465
000
 3
	465
000
-6
6185
0 2
585
 0 2
	 45
-6
6 355
55
2 2
	 j30
0 2
5
2 2
	 350
5 1 0  -1 0 0 0 12 0.0000ﺟ0 180 2520 6675 5
5 
6 30
5
6 355
35
2 2
	4830
2 1
	 555
2 2
	 532
2 1
	 415
2 2
	5070
-6
90
12
 120
5 1 0 1 -1 -1 0 0 -1 0.000 0 1 0 0 6340.170 6943.500 5895 9105 6300 9150 6705 9120
5 1 0 1 -1 -1 0 0 -1 0.000 0 1 0 0 452.040 6317.040 435 6225 360 6300 420 6405
5 1 0 1 -1 -1 0 0 -1 0.000 0 1 0 0 3442.500 7672.500 3510 7665 3435 7605 3375 7680
5 1 0 1 -1 -1 0 0 -1 0.000 0 0 0 0 3442.500 7912.500 3510 7920 3435 7980 3375 7905
5 1 0 1 -1 -1 0 0 -1 0.000 0 1 0 0 3157.500 6697.500 3165 6675 3135 6690 3165 6720
5 1 0 1 -1 -1 0 0 -1 0.000 0 1 0 0 3917.505 7242.495 3840 7230 3870 7305 3930 7320
5 1 0 1 -1 -1  -1 0.000 0 0 -1 0 0 2
	 5310 4935 5310 5355
2 1 0 1 -1 -1 0 0 -1 0.00ﺍ 0 0 -1 0 0 2
	 5325 5355 4425 5355
2 1 0 1 -1 -1 0 0 -1 0.000 0 0 -1 0 0 2
	 4425 5355 4305 5115
2 1 0 1 -1 -1 0 0 -1 0.000 0 0 -1 0 0 2
	 5310 5070 4320 5070
-6
1 3 0 1 -1 -1 0 0 -1 0.000 1 0.0000 2910 10200 90 90 2910 10200 2925 10290
1 3 0 1 -1 -1 0 0 -1 0.000 1 0.0000 2910 10200 180 180 2910 10200 3075 10260
1 3 0 1 -1 -1 0 0 -1 0.000 1 /.0000 6630 9480 60 60 6630 9480 6675 9525
1 3 0 1 -1 -1 0 0 -1 0.000 1 0.0000 4215 6930 675 675 4215 6930 3555 7065
1 3 0 1 -1 -1 0 0 -1 0.000 1 0.0000 4215 6930 90 90 4215 6930 4125 6960
1 3 0 1 -1 -1 0 0 -1 0.000 0 -0.0000 4215 6930 675 675 4215 6930 4875 7065
1 3 0 1 -1 -1 0 0 -1 0.000 0 -0.0000 4215 6930 90 90 4215 6930 4305 6960
2 1 0 1 -1 -1 0 0 -1 0.000 0 0 -1 0 0 2
	 4020 480 4455 480
2 1 0 1 -1 -1 0 0 -1 0.000 0 0 -1 0 0 2
	 4050 615 3990 1140
2 1 0 1 -1 -1 0 0 -1 00 0 0 -1 0 0 2
	 3405 1395 3405 1500
2 1 0 1 -1 -1 0 0 -1 0.000 0 0 -1 0 0 2
	 3540 1380 3540 1485
2 1 0 1 -1 -1 0 0 -1 0.000 0 0 -1 0 0 2
	 4905 1380 4905 1485
2 1 0 1 -1 -1 0 0 -1 0.000 0 0 -1 0 0 2
	 5055 1365 5055 1470
2 4 0 1 -1 -1 0 0 -1 0.000 0 0 7 0 0 5
	 4170 1755 4170 1590 3900 1590 3900 1755 4170 1755
2 4 0 1 -1 -1 0 0 -1 0.000 0 0 7 0 0 5
	 4575 1755 4575 1590 4305 1590 4305 1755 4575 1755
2 1 0 1 -1 -1 0 0 -1 0.000 0 0 -1 0 0 2
	 3825 2715 4185 5055
2 1 0 1 -1 -1 0 0 -1 0.000 0 0 -1 0 0 2
	 4620 2715 4260 5055
2 1 0 1 -1 -1 0 0 -1 0.000 0 0 -1 0 0 2
	 4020 3285 4215 4500
2 1 0 1 -1 -1 0 0 -1 0.000 0 0 -1 0 0 2
	 4440 3285 4245 4500
2 1 0 1 -1 -1 0 0 -1 0.000 0 0 -1 0 0 2
	 2265 10530 6945 94.5
2 1 0 1 -1 -1 0 0 -1 0.000 0 0 -1 0 0 2
	 1980 9345 2520 9450
2 1 0 1 -1 -1 0 0 -1 0.000 0 0 -1 0 0 2
	 2595 9180 2460 9720
2 1 0 1 -1 -1 0 0 -1 0.000 0 0 -1 0 0 2
	 2490 9630 2835 9765
2 1 0 1 -1 -1 0 0 -1 0.000 0 0 -1 0 0 2
	 1920 9495 1920 9600
2 1 0 1 -1 -1 0 0 -1 0.000 0 0 -1 0 0 2
	 1980 9195 1980 9540
2 1 0 1 -1 -1 0 0 -1 0.000 0 0 -1 0 0 2
	 1995 9285 2355 9285
2 1 0 1 -1 -1 0 0 -1 0.000 0 0 -1 0 0 2
	 2205 9270 2550 9270
2 1 0 1 -1 -1 0 0 -1 0.000 0 0 -1 0 0 2
	 2580 9165 2925 8850
2 1 0 1 -1 -1 0 0 -1 0.000 0 0 -1 0 0 2
	 2940 8865 2925 9255
2 1 0 1 -1 -1 0 0 -1 0.000 0 0 -1 0 0 2
	 4080 8820 4080 8940
2 1 0 1 -1 -1 0 0 -1 0.000 0 0 -1 0 0 2
	 3750 8850 3750 8895
2 1 0 1 -1 -1 0 0 -1 0.000 0 0 -1 0 0 2
	 3750 8895 4080 8895
2 1 0 1 -1 -1 0 0 -1 0.000 0 0 -1 0 0 2
	 2955 8850 4080 8850
2 4 0 1 -1 -1 0 0 -1 0.000 0 0 7 0 0 5
	 4035 9300 4035 8985 3795 8985 3795 9300 4035 9300
2 1 0 1 -1 -1 0 0 -1 0.000 0 0 -1 0 0 2
	 3660 9315 3120 9315
2 1 0 1 -1 -1 0 0 -1 0.000 0 0 -1 0 0 2
	 3255 8895 2970 9765
2 1 0 1 -1 -1 0 0 -1 0.000 0 0 -1 0 0 2
	 3195 8895 2925 9765
2 1 0 1 -1 -1 0 0 -1 0.000 0 0 -1 0 0 2
	 2595 10200 3270 10200
2 1 0 1 -1 -1 0 0 -1 0.000 0 0 -1 0 0 2
	 2910 9960 2895 10440
2 1 0 1 -1 -1 0 0 -1 0.000 0 0 -1 0 0 2
	 3075 10080 3390 9780
2 1 0 1 -1 -1 0 0 -1 0.000 0 0 -1 0 0 2
	 3015 9660 3390 9660
2 1 0 1 -1 -1 0 0 -1 0.000 0 0 -1 0 0 2
	 3390 9660 3735 9450
2 1 0 1 -1 -1 0 0 -1 0.000 0 0 -1 0 0 2
	 3600 9360 3690 9360
2 1 0 1 -1 -1 0 0 -1 0.000 0 0 -1 0 0 2
	 2910 9780 3435 9780
2 1 0 1 -1 -1 0 0 -1 0.000 0 0 -1 0 0 2
	 3420 9780 3750 9615
2 1 0 1 -1 -1 0 0 -1 0.000 0 0 -1 0 0 2
	 3435 9780 6690 9240
2 1 0 1 -1 -1 0 0 -1 0.000 0 0 -1 0 0 2
	 3765 9600 5985 9270
2 1 0 1 -1 -1 0 0 -1 0.000 0 0 -1 0 0 2
	 4140 8955 4395 9060
2 1 0 1 -1 -1 0 0 -1 0.000 0 0 -1 0 0 2
	 4395 9060 6000 9165
2 1 0 1 -1 -1 0 0 -1 0.000 0 0 -1 0 0 2
	 4110 8940 5880 9045
2 1 0 1 -1 -1 0 0 -1 0.000 0 0 -1 0 0 2
	 6225 8295 5895 9045
2 1 0 1 -1 -1 0 0 -1 0.000 0 0 -1 0 0 2
	 6225 8295 6690 8295
2 1 0 1 -1 -1 0 0 -1 0.000 0 0 -1 0 0 2
	 6195 8355 6705 8355
2 1 0 1 -1 -1 0 0 -1 0.000 0 0 -1 0 0 2
	 6390 8295 6390 9285
2 1 0 1 -1 -1 0 0 -1 0.000 0 0 -1 0 0 2
	 6705 8295 6705 9240
2 1 0 1 -1 -1 0 0 -1 0.000 0 0 -1 0 0 2
	 6195 8355 6705 8355
2 1 0 1 -1 -1 0 0 -1 0.000 0 0 -1 0 0 2
	 6420 9300 6645 9480
2 1 0 1 -1 -1 0 0 -1 0.000 0 0 -1 0 0 2
	 6360 9315 6630 9480
2 1 0 1 -1 -1 0 0 -1 0.000 0 0 -1 0 0 2
	 2595 9270 2670 9270
2 1 0 1 -1 -1 0 0 -1 0.000 0 0 -1 0 0 2
	 3825 2715 4650 2715
2 1 0 1 -1 -1 0 0 -1 0.000 0 0 -1 0 0 2
	 3825 1500 4665 1500
2 1 0 1 -1 -1 0 0 -1 0.000 0 0 -1 0 0 2
	 2895 9795 2910 10020
2 1 0 1 -1 -1 0 0 -1 0.000 0 0 -1 0 0 2
	 1905 9270 1905 9450
2 1 0 1 -1 -1 0 0 -1 0.000 0 0 -1 0 0 2
	 420 6225 3825 6330
2 1 0 1 -1 -1 0 0 -1 0.000 0 0 -1 0 0 2
	 450 6225 450 6405
2 1 0 1 -1 -1 0 0 -1 0.000 0 0 -1 0 0 2
	 450 6345 3795 6465
2 1 0 1 -1 -1 0 0 -1 0.000 0 0 -1 0 0 2
	 450 6405 3765 6540
2 1 0 1 -1 -1 0 0 -1 0.000 0 0 -1 0 0 2
	 2460 6495 3765 7305
2 1 0 1 -1 -1 0 0 -1 0.000 0 0 -1 0 0 2
	 2355 6495 3765 7365
2 1 0 1 -1 -1 0 0 -1 0.000 0 0 -1 0 0 2
	 3780 7380 3540 7725
2 1 0 1 -1 -1 0 0 -1 0.000 0 0 -1 0 0 2
	 3870 7395 3525 7800
2 1 0 1 -1 -1 0 0 -1 0.000 0 0 -1 0 0 2
	 3375 7665 3375 7950
2 1 0 1 -1 -1 0 0 -1 0.000 0 0 -1 0 0 2
	 3525 7650 3525 7920
2 1 0 1 -1 -1 0 0 -1 0.000 0 0 -1 0 0 2
	 3150 6675 3765 6675
2 1 0 1 -1 -1 0 0 -1 0.000 0 0 -1 0 0 2
	 3165 6735 3765 6735
2 1 0 1 -1 -1 0 0 -1 0.000 0 0 -1 0 0 2
	 3855 6360 3855 6435
2 1 0 1 -1 -1 0 0 -1 0.000 0 0 -1 0 0 2
	 3855 6435 4140 6435
2 1 0 1 -1 -1 0 0 -1 0.000 0 0 -1 0 0 2
	 4140 6360 4140 6435
2 1 0 1 -1 -1 0 0 -1 0.000 0 0 -1 0 0 2
	 3975 6840 4140 6840
2 1 0 1 -1 -1 0 0 -1 0.000 0 0 -1 0 0 2
	 3975 6975 4125 6975
2 1 0 1 -1 -1 0 0 -1 0.000 0 0 -1 0 0 2
	 3795 6465 3795 7290
2 1 0 1 -1 -1 0 0 -1 0.000 0 0 -1 0 0 2
	 4125 7050 4140 7170
2 1 0 1 -1 -1 0 0 -1 0.000 0 0 -1 0 0 2
	 4140 7170 4215 7185
2 1 0 1 -1 -1 0 0 -1 0.000 0 0 -1 0 0 2
	 8010 6225 4605 6330
2 1 0 1 -1 -1 0 0 -1 0.000 0 0 -1 0 0 2
	 7980 6225 7980 6405
2 1 0 1 -1 -1 0 0 -1 0.000 0 0 -1 0 0 2
	 7980 6345 4635 6465
2 1 0 1 -1 -1 0 0 -1 0.000 0 0 -1 0 0 2
	 7980 6405 4665 6540
2 1 0 1 -1 -1 0 0 -1 0.000 0 0 -1 0 0 2
	 5970 6495 4665 7305
2 1 0 1 -1 -1 0 0 -1 0.000 0 0 -1 0 0 2
	 6075 6495 4665 7365
2 1 0 1 -1 -1 0 0 -1 0.000 0 0 -1 0 0 2
	 4650 7380 4890 7725
2 1 0 1 -1 -1 0 0 -1 0.000 0 0 -1 0 0 2
	 4560 7395 4905 7800
2 1 0 1 -1 -1 0 0 -1 0.000 0 0 -1 0 0 2
	 4905 7650 4905 7920
2 1 0 1 -1 -1 0 0 -1 0.000 0 0 -1 0 0 2
	 5280 6675 4665 6675
2 1 0 1 -1 -1 0 0 -1 0.000 0 0 -1 0 0 2
	 5265 6735 4665 6735
2 1 0 1 -1 -1 0 0 -1 0.000 0 0 -1 0 0 2
	 4575 6360 4575 6435
2 1 0 1 -1 -1 0 0 -1 0.000 0 0 -1 0 0 2
	 4575 6435 4290 6435
2 1 0 1 -1 -1 06360 4290 6435
2