#FIG 2.0
80 2
5 1 0 1 0 0 0 0 0.000 0 0 0 150 197 119  0 -1 0 0 007.20
4 1 0 1 -1 -1 0 0 -1 0 0 1 0 703.50 5895 9 6300 420 6405
5 1 0 17900 3510 7920 9 (500 3990 685900 39 31 0 20
5 1 0 1 -1 -1 0 0 -1 0 0 1 0 0 3900 6500 3990 6855 3930 6900 3990 6960
5 1 0 1 -1 -1 0 0 -1 0 0 0 0 0 797& 6340 7995 6225 8070 6300 8 412
4 0 -1 0 0 0 12 0.0000 0 180 2520 6675 5
7 
6 30
5 0 2
	 38
2 1
	 30
2 0 2
2325
2 1
	 40
2 2
	 700
0 2
2700
2 1
	 300
2 2
	00
2 2
	00
-6
6 5
3 
	 45
	 0
3 
	 45
	 0
-6
6 35
2 2
	 
2 1
	 3
2 1
	 3
-6
465
 3
	465
000
 3
	465
000
-6
6185
0 2 2
0
2 2
	 485
0 2
5
2 2
	 470	2700
2 1
	 800
-6
6 355
35
2 2
	4830
2 1
	 555
2 22
5
2 2
	 895

2 
	 4
2 1
	 315
2 2
	9765
2 O
	 365
2 2
	00
2 2
	0
2 2
	 
2 1
	 360
2 2
	9450
2 1
	 360
2 2
	 291
2 1³ 315
2 2
	9240
2 1
	 370
2 2
	 414
2 1
	 465
2 2
	9045
2 1
	 645
2 2
	 622
2 1
	 655
2 2
	9285
2 1
	 640
2 2
	 6K9
2 1
	 680
2 2
	9480
2 1
	 270
2 2$	 382
2 1
	 300
2 2
	0
2 2
	 450
0 2
	 42
2 1
	 4
2 1
	 45
2 2
	 40
2 2
	7305
2 1
	 0
0 2
6330
2 1
	 4
2ß1
	 45
2 2----------
	 402 1
	 4
2 1
	 45
2 2
	 40
2 2
	7305
2 1
	 0
0 2
6330
2 1
	 4
2ß1
	 45
2 2----------
	 40
2 2
	 246 2 1
	 265
2 2
	7725
 16\001