#FIG 3.2
Lanpe
Center
In
Letter 
100.00
le
-2
#5
5 1680
5 1 0 1 -1 -1 0 0 -1 0 0 0 0 0 3440 7900 3510 7920 3435 7980 3375 7905
5 1 0 1 -1 -1 0 0 -1 0 0 1 0 0 .5007.500 3165 6675 3137 6690 3165 17020
4 1 0 1 -1 -11 0 0 39900 39 -1 0 20
52
585
 0 2
	 45
-6
6
55
2 2
0
0 2
5
2 2
5
0 2
 5
2 2
	
2 1
	 555
2 2
	 532
2 1
	 415
2 2
	5070
-6
90
12
	 4
20 2
0
 1
	 800
-6
5
35
2 2
	4830
2 1
	 555
2 22
5
2 2
5
0
2 
	 4
2 1
	 315
2 2
	9765
2 1
	 365
2 2
	00
2 2
	0
2 2
	 
2 1
	 360
2 2
	9450
2 1
	 360
2 2
	 291
2
2 2
	9240
2 1
	 370
2 2
	 414
2 1
	 465
2 2
	9045
2 1
	 645
2 2
	 622
2 1
	 655
2 2
	9285
2 1
	 640
2 2
	 6K9
2 1
	 680
2 2
	9480
2 1
	 2Ľ0
2 2
	 *82
2 1
	 300
2 2
	0
2 2
0
0 2
	 42
2 1
	 4
2 1
	 45
2 2
	 40
2 2
	7305
2 1
	 0
0 2
6330
2 1
	 4
2á1
	 45
2 2--
	 40
2 2
1
	 265
2 2
5
 16\001