#FIG 2.0
800 0 0
1 3 0 1 0 0 0 050.000 1 0.000 159 159 5 5 15 159 199 199
1 3 0 1 0 0 0 0 0.000 1 0.000 159 159 5 5 159 159 159 164
2 1 1 1 0 0 0 1 0 0 0
	 159 164 159 199 9999 9999
2 1 0 1 0 0 0 0 0.000 0 0
090 5610 612099
2 1 0 1 0 0 0 0 0 0 0
	 79 79 479 79 9999 9999
2 1 0 1 0 0 0 0 0 0 0
	 199 199 479 199 9999 9999
2 1 0 1 0 0 0 0 0.000 0 0
	 74 198 119 199 9999 9999
2 1 0 1 0 0 0 0 0.000 1 0
	0 0 1.000 4 8.000
	 79 179 109 179 9999 9999
2 1 0 1 0 0 0 0 0.000 1 0
	0 0 1.000 4 8.000
	 79 164 119 164 9999 9999
2 1 0 1 0 0 0 0 0.000 1 0
	0 0 1.000 4 8.000
	 79 144 124 144 9999 9999
2 1 0 1 0 0 0 0 0.000 1 0
	0 0 1.000 4 8.000
	 79 124 114 124 9999 9999
2 1 0 1 0 0 0 0 0.000 1 0
	0 0 1.000 4 8.000
	 79 104 104 104 9999 9999
4 2 32 30 0 00 1 -1 -1 0 0 3015 6615
145
25
2 
	 550
25
	 0
2 7
	 120
090
 7
	5
	 
	 5
2 3ˇˇ7
5
	 0
2 
	 505
	75
27
	 700
655
 7
	 517
	 57
	 655
625
 7
	 47Í
	 4
2 30 7
20
	75
27
	 235
190
 2
	 292
2 10 2
0
2 2
	 0
2 2
	 0
-6
6 4
3 00 3
	 42
	 0
3 00 3
 465
	 0
-6
6 39
2 1
	 3
2 1
	 45
-6
6 355
55
2 2
	 830
0 2
5
2 2
	 355
0 2
5
2 2
	 070
-6
6
5 1605
0 2
0
2 2
	 800
0 2
5
2 2
	 400
0 2
0
2 2
	 700
0 2
0
2 2
	 700
0 2
0
-6
6 455
55
2 2
	 830
0 2
5
2 2
	 355
0 2
5
2 2
	 070
-6
10
1 60
198025
1 2
	