#FIG 3.2
Lanpe
Center
In
LEtter 
100.00
le
-2
#5
5 1680
5 1 0 1 -1 -1 0 0 -1 0 0 0  0 0 0 0 0 795 8070 6 00 2
4 0 -1 0 0 0 12 00 0 180 2 3517 7970 6340 7995 6225 8070 6300 8 412
4 0 -12 0. 0 180 2520 6675 5
5 0
5
	 38
2 1
	 30
2
2325
2 1
	 40
2 2
2 2
0
0 2
5
2 2
0
0 2
0
2 2
5
0 20
2 2
0
0 2
5
2 2
0
0 2
5
2 2
5
0
2 
	 4
2 1
	5
2 1
	 365
2 2
	00
2 2
	045
2 1
	 645
2 2
2
 122222222222222222222222222222222222222222222222222222222222222222222222222222222222222222222222222222222222222222222222 2
	9045
2 1
	 645
2 2
	 622
 1
	 655
2 2
	9285
2 1
	 640
2 2
	 619
2!1
	 680
2 2
	9480
2 1
	 270
2 2
	 382
2 1
	 300
2 2	0
2 2
	 450
0 2
	 42
2 1
	 4
2 1
	 45
2 2
	 40
2 2
	7305
2 1
	 0
0 2
6330
2 1
	 4
2 1
	 45
2 2
	 40
2 2
	 246
2 1
	 265
2 "
	7725
 16\08300
2 2	0
2 1÷	 450