#FIG 2.2
La2-0
50
5 6960
5 1 0 1 -1 -1 0 0 -1 0 0 0 0 0 7970 6340 7995 6225 8070 6300 80675 401
4 0 -1 0 0 0 12 00 0 180 2520 6600 2325 25
27
	 
	 6
2 10 2
0
2 
	 300
22
	 525
4375
5
	 5
2
75
2
	 4
2 
5
	 0
2
100
5
	 500
5
	 
2 3 5
2
2 3 5
	00
2
	 5
2 3 5
	00
2
	 5
2 2 5
	5
2
25
2
	 4R\00q
41 0 0 18 14 00 0 0 0 0 0 5
	 
2 2 5
	25
2
	 4
2 2 5
	25
2
	 5
2 2 5
	25
2
	 4
2 2 5
(7185
2 1
25
2
	 4
2 2 5
	25
2
	 4
2 2 5
	25
2
	 4
2 2 5
	5
2 0 5
325
5
	 5
2 0 5
0
2 0 5
000
5ﭦ	 0
2 0 5
800
17
	7725
	 425
	00
22
	 495
 2
	 301
2 10 4
0
2 
	 350
22
	 600
 2
	6420
2 40 5
750
 5
	25
25
	 5
2 	 2
2 20 5
885
 5
	00
25
	 0
2 7
	 225
225
0 95
2 0 5
0
2 0 5
000
5
	 0
2 0 5
800
17
	7725
	 425
	00
22
	 495
 2
	 301
2 10 4
0
2 
	 350
22
	 600
 2
	6420
2 40 5
750
 5
	25
25
	 5
2 
	 2
2 20 5
885
 5
	00
25
	 0
2 7
	 225
225
0 9
 2
	6840
2 1
	 475
2 2
	00
2
	 470
2 2
	7185
2 1
	 365
2 2
	 409
2 1
	 475
2 2
	7395
2 1
	 305
2
2 1
	 535
22
	 970
0 2
0
2 2
	 450
0 2
5
2 2
	 5
2 2
	 85
2 2
	00
2 2
	 802
2 1
	 415
2 2
	633 0 0 0 2
	 6360 3960 6555 3960
20 0 2
	 6570 4320 6540 4620
2 1  2
	 6600 3975 6570 4275
2 1 0 2 -1 -1 0 0 -1 0.000 0 0 0 0 0 2
330 3975 6300 4275
2 1 0 2 -1 -1 0 0 -1 0.000 0 0 0 0 0 2
	 6075 4320 6045 4620
2 1 0 2 -1 -1 0 0 -1 0.000 0 0 0 0 0 2
	 6105 3975 6075 4275
2 1 0 1 -1 -1 0 0 -1 0.000 0 0 0 0 0 2
	 4200 6300 2700 6300
2 2 0 1 -1 -1 0 0 -1 0.000 0 0 0 0 0 5
	 4875 6300 4206300
2 2 0 1 -1 -1 0 0 -1 0.000 0 0 0 0 0 5
	 4875 6300 5550 6300 5550 6825 4875 6825 4875 6300
2 2 0 1 -1 -1 0 0 -1 0.000 0 0 0 0 0 5
	 6225 6300 5550 6300 5550 6825 6225 6825 6225 6300
2 1 0 1 -1 -1 0 0 -1 0.000 0 0 0 0 0 2
	 6900 6300 6225 6300
2 1 0 1 -1 -1 0 0 -1 0.000 0 0 0 0 0 2
	 3825 3600 6600 3600
2 1 0 1 -1 -1 0 0 -1 0.000 0 0 0 0 0 2
	 3825 3525 6600 3525
2 1 0 1 -1 -1 0 0 -1 0.000 0 0 0 0 0 2
	 3825 3450 6600 3450
2 1 0 1 -1 -1 0 0 -1 0.000 0 0 0 0 0 2
	 3825 3375 6600 3375
2 1 0 1 -1 -1 0 0 -1 0.000 0 0 0 0 0 2
	 3825 3300 6600 3300
2 3 0 1 -1 -1 0 0 3 0.0 675 4350 75 4050 75
2 2 0 1 -1 -1 0 0 3 0.000 0 0 0 0 0 5
	 4950 375 4950 975 5250 975 5250 375 4950 375
2 2 0 1 -1 -1 0 0 3 0.000 0 0 0 0 0 5
	 4650 75 4650 675 4950 675 4950 75 4650 75
2 2 0 1 -1 -1 0 0 3 0.000 0 0 0 0 0 5
	 5250 675 5250 1275 5550 1275 5550 675 5250 675
2 3 0 1 -1 -1 0 0 3 0.000 0 0 0 0 0 5
	 6675 2700 5550 2700 5550 2175 6525 2175 6675 2700
2 3 0 1 -1 -1 0 0 3 0.000 0 0 0 0 0 5
	 5550 2100 5550 1575 5 4950 10125
2 2 0 1 -1 -1 0 0 3 0.000 0 0 0 0 0 5
	 4050 10425 4050 9825 4350 9825 4350 10425 4050 10425
2 2 0 1 -1 -1 0 0 3 0.000 0 0 0 0 0 5
	 4350 10125 4350 9525 4650 9525 4650 10125 4350 10125
2 2 0 1 -1 -1 0 0 3 0.000 0 0 0 0 0 5
	 4050 9825 4050 9225 4350 9225 4350 9825 4050 9825
2 2 0 1 -1 -1 0 0 3 0.000 0 0 0 0 0 5
	 4650 9825 4650 9225 4950 9225 4950 9825 4650 9825
2 2 0 1 -1 -1 0 0 3 0.000 0 0 0 0 0 5
	 4950 9525 4950 8925 5250 8925 5250 9525 4950 9525
2 2 0 1 -1 -1 0 0 3 0.000 0 0 0 0 0 5
	 5250 9225 5250 8625 5550 8625 5550 9225 5250 9225
2 2 0 1 -1 -1 0 0 3 0.000 0 0 0 0 0 5
	 5250 8625 5250 8025 5550 8025 5550 8625 5250 8625
2 2 0 1 -1 -1 0 0 3 0.000 0 0 0 0 0 5
	 4950 8925 4950 8325 5250 8325 5250 8925 4950 8925
2 2 0 12-1 -1 0 0 3 0.000 0 0 0 0 0 5
	 4950 8325 4950 7725 5250 7725 5250 8325 4950 8325
2 2 0 1 -1 -1 0 0 3 0.000 0 0 0 0 0 5
	 4650 9225 4650 8625 4950 8625 4950 9225 4650 9225
2 2 0 1 -1 -1 0 0 3 0.000 0 0 0 0 0 5
	 4350 9525 4350 8925 4650 8925 4650 9525 4350 9525
2 2 0 1 -1 -1 0 0 3 0.000 0 0 0 0 0 5
	 4050 9225 4050 8625 4350 8625 4350 9225 4050 9225
2 2 0 1 -1 -1 0 0 3 0.000 0 0 0 0 0 5
	 4350 8925 4350 8325 4650 8325 4650 8925 4350 8925
2 2 0 1 -1 -1 0 0 3 0.000 0 0 0 0 0 5
	 4650 8625 4650 8025 4950 8025 4950 8625 4650 8625
2 2 0 1 -1 -1 0 0 3 0.000 0 0 0 0 0 5
	 5250 10425 5250 9825 5550 9825 5550 10425 5250 10425
2 2 0 1 -1 -1 0 0 3 0.000 0 0 0 0 0 5
	 4350 8325 4350 7725 4650 7725 4650 8325 4350 8325
2 2 0 1 -1 -1 0 0 3 0.000 0 0 0 0 0 5
	 4050 8625 4050 -1 -1 0 0 -1 0.000 0 0 -1 0 0 2
	 4575 6435 4290 6435
2 1 0 1 -1 -1 0 0 -1 0.000 0 0 -1 0 0 2
	 4290 6360 4290 6435
2 1 0 1 -1 -1 0 0 -1 0.000 0 0 -1 0 0 2
	 4455 6840 4290 6840
2 0 -1 0.000 0 0 -1 0 0 2
	 3870 7395 4560 7395
2 -1 0.000 0 0 -10 0 2
	 375 1575 375 2700
2 1 0 1 -1 -1 0 0 -1 0.000 0 0 -1 0 0 2
	 375 2700 525 2700
-6
6 4125 270 4335 465
& 0 0 1 -1 -1 0 0 -1 0.000 0 0 0 3
	 4230 270 4140 330 4125 465
	 0.000 1.000 0.000
3 0 0 1 -1 -1 0 0 -1 0.000 0 0 0 3
	 4230 270 4320 330 4335 465
	 0.000 1.000 0.000
-6
6 3975 585 4200 1185
2 1 0 1 -1 -1 0 0 -1 0.000 0 0 -1 0 0 2
	 3975 585 4200 585
2 1 0 1 -1 -1 0 0 -1 0.000 0 0 -1 0 0 2
	 4200 585 4200 1185
-6
6 3150 4575 4170 5355
5 1 0 1 -1 -1 0 0 -1 0.000 0 1 0 0 3266.250 4955.625 3225 4845 3180 4875 3150 4935
2 1 0 1 -1 -1 0 0 -1 0.000 0 0 -1 2 1 0 1 -1 -1 0 0 -1 0.000 0 0 -1 0 0 2
	 3165 4935 3165 5355
2 1 0 1 -1 -1 0 0 -1 0.000 0 0 -1 0 0 2
	 3150 5355 4050 5355
2 1 0 1 -1 ffffffffffffffffffffffffffffffffffffffffffffffffffffffffffffffffff-1 0.000 0 0 -1 0 0 2
	 3165 5070 4155 5070
-6
6 4650 1470 8130 2700
5 1 0 1 -1 -1 0 0 -1 0.000 0 0 0 0 7997.505 1602.495 7995 1500 8070 1530 8100 1605
2 1 0 1 -1 -1 0 0 -1 0.000 0 0 -1 0 0 2
	 4650 1500 8025 1500
2 1 0 1 -1 -1 0 0 -1 0.000 0 0 -1 0 0 2
	 4650 1800 8025 1800
2 1 0 1 -1 -1 0 0 -1 0.000 0 0 -1 0 0 2
	 4650 2325 80]5 2325
2 1 0 1 -1 -1 0 0 -1 0.000 0 0 -1 0 0 2
	 8025 2400 6150 2400
2 1 0 1 -1 -1 0 0 -1 0.000 0 0 -1 0 0 2
	 6150 2400 6150 2700
2 1 0 1 -1 -1 0 0 -1 0.000 0 0 -1 0 0 2
	 8025 2700 4650 2700
2 1 0 1 -1 -1 0 0 -1 0.000 0 0 -1 0 0 2
	 4650 1500 4650 2700
2 1 0 1 -1 -1 0 0 -1 0.000 0 0 -1 0 0 2
	 8100 1575 8100 2700
2 1 0 1 -1 -1 0 0 -1 0.000 0 0 -1 0 0 2
	 8100 2700 7950 2700
-6
6 4305 4575 5325 5355
5 1 0 1 -1 -1 0 0 -1 0.000 0 0 0 0 5208.750 4955.625 5250 4845 5295 4875 5325 4935
2 1 0 1 -1 -1 0 0 -1 0.000 0 0 -1 0 0 2
	 4380 4578 5265 4830
2 1 0 1 -1 -1 0 0 -1 0.000 0 0 -1 0 0 2
	 5310 4935 5310 5355
2 1 0 1 -1 -1 0 0 -1 0.000 0 0 -1 0 0 2
	 5325 5355 4425 5355
2 1 0 1 -1 -1 0 0 -1 0.000 0 0 -1 0 0 2
	 4425 5355 4305 5115
2 1 0 1 -1 -1 0 0 -1 0.000 0 0 -1 0 0 2
	 5310 5070 4320 5070
-6
1 3 0 1 -1 -1   1 0 1 -1 -1 0 0 -1 0.000 0 0 -1 0 0 2
	 3780 7380 3540 7725
2 1 0 1 -1 -1 0 0 -1 0.000 0 0 -1 0 0 2
	 3870 7395 3525 7800
2 1 0 1 -1 -1 0 0 -1 0.000 0 0 -1 0 0 2
	 3375 7665 3375 7950
2 1 0 1 -1 -1 0 0 -1 0.000 0 0 -1 0 0 2
	 3525 7650 3525 79&0
2 1 0 1 -1 -1 0 0 -1 0.000 0 0 -1 0 0 2
	 3150 6675 3765 6675
2 1 0 1 -1 -1 0 0 -1 0.000 0 0 -1 0 0 2
	 3165 6735 3765 6735
2 1 0 1 -1 -1 0 0 -1 0.000 0 0 -1 0 0 2
	 3855 6360 3855 6435
2 3
	 1890 9285 1785 9315 1740 9360
	 0.000 1.000 0.000
3 0 0 1 -1 -1 0 0 -1 0.000 0 0 0 3
	 4455 480 4515 570 4665 1515
	 0.000 1.000 0.000
3 0 0 1 -1 -1 0 0 -1 0.000 0 0 0 4
	 4170 5685 4215 5655 4260 5700 4245 5700
	 0.000 1.000 1.000 0.000
4 0 -1 0 0 0 12 0.0000 0 180 2580 6675 4125 from: The Design of Light Aircraft\001
4 0 -1 0 0 0 12 0.0000 0 180 2520 6675 4935 contact: phn.ca\001
4 0 -1 0 0 0 12 0.0000 0 135 1560 6675 4D. Hiscocks\001
4 0 -1 0 0 0 12 0.0000 0 165 220 5070 7935
2 1  0 -1 0 0 2
	 190
2 1 0 1 -1 -1  -1 0 0 2
	 2595 9180 2460 9720
1 0 0 2
	 2490 9630 2835 9765
2 0 0 2
	 1920 9495 1920 9600
2 1 0 2
	 1980 9195 1980 9540
2 1 0  0 0 2
	 3855 6435 4140 6435
2 1 0 2
	 4140 6360 4140 6435
2 1 03555 7065
1 3 0 5 7065
1 3 0 1 - 6930 4305 6960
1 0 0 2
	 4020 480 4455 480
2 1 0 2
	 4050 615 3990 1140
2 1 0 1 0 0 -1 0 0 2
	 500
2 1 0 1 -1 - 0 -1 0 0 2
	 355
2 1 0 1 -1 -1  -1 0 0 2
	 4905 1380 4905 1485
1 0 0 2
	 5055 1365 5055 1470
2 -1 0.0 5
	 4170 55 4170 1755
2 40 5
	 4575 1755 75 1755
2 1 0 1 00 0 0 -1 0 0 2
 5055
2 1 0 1 -1 0 ' -1 0 0 2
	 055
2 1 0 1 -1 - 0 -1 0 0 2
	 400
2 1 0 1 -1 -1  -1 0 0 2
	 4440 3285 4245 4500
1 0 0 2
	 2265 10530 6945 9465
2 -1 0 0 2
	 5070 7650 5070 7935
00 0 0 -1 0 0 2
 9450
2 1 0 1 -1 0 0 -1 0 0 2
	 20 9600
2 1 0 1 00 0 0 -1 0 0 2
 9540
2 1 0 1 -1 0 0 -1 0 0 2
	 285
2 1 0 1 -1 - 0 -1 0 0 2
	 220
2 1 0 1 -1 -1  -1 0 0 2
	 2580 9165 2925 8850
1 0 0 2
	 b940 8865 2925 9255
2 0 0 2
	 4080 8820 4080 8940
2 1 0 2
	 3750 8850 3750 8895
2 1 0 2
	 3750 8895 4080 8895
2 1 0 1  8850
2 4 0 1 -1 0 0 7 0 0 5
	 4
2 1 0 1 -1 -1 0-1 0 0 2
	 3660 9315 3120 9315
2 0 0 2
	 3255 8895 2970 9765
2 1 0 2
	 3195 8895 2925 9765
2 1 0 2
	 2595 10200 3270 10200
2 1 0 2
	 2910 9960 2895 10440
2 1ﭼ0 2
	 3075 10080 3390 9780
2 1 0 1
	 3015 9660 3390 9660
2 1 0 1 -0 0 0 -1 0 0 2
	9450
2 1 0 1 -1 0 0 -1 0 0 2
	 360
2 1 0 1 -1 -10 -1 0 0 2
	 291
2 1 0 1 -1 -1 0-1 0 0 2
	 3420 9780 3750 9615
2 0 0 2
	 3435 9780 6690 9240
2 1 0 2
	 3765 9600 5985 9270
2 1 0 2
	 4140 8955 4395 9060
2 1 0 1
	 4395 9060 6000 9165
2 1 0 1 -0 0 0 -1 0 0 2
	9045
2 1 0 1 -1 0 0 -1 0 0 2
	 645
2 1 0 1 -1 -10 -1 0 0 2
	 622
2 1 0 1 -1 -1 0-1 0 0 2
	 6195 8355 6705 8355
2 0 0 2
	 6390 8295 6390 9285
2 1 0 2
	 6(05 8295 6705 9240
2 1 0 2
	 6195 8355 6705 8355
2 1 0 1
	 640 9300 6645 9480
2 1 0 1 -0 0 0 -1 0 0 2
	9480
2 1 0 1 -1 00
2 1 0 1 -1 -10 -1 0 0 2
	 810
-6
6 4305 4575 5325 5355
5 1 0 75 5325 4935
2 1 0 2
	 4380 4575 5265 4830
2 1 0 2
	 5310 4935 5310 5355
2 1 0 1
	 5325 5355 4425 5355
2 1 0 1 -0 0 0 -1 0 0 2
	5115
2 1 0 1 -1 0 0 -1 0 0 2
	 570
-6
1 3 0 1 -1
1 -1 0 0 -1 0.000 0 0 -1 0 0 2
1140
2 1 0 1 -1  -1 0 0 2
	 3405 1395 3405 1500
1 0 0 2
	 3540 1380 3540 1485
2 0 0 2
	 490
	 0.0.000
4 0 -1 0 0raft\001
4 0 -1 0 0 0 12 0.0000 0 180 2520 6675 4935 contact: phn.ca\001
4 0 -1 0 0 0 12 0.0000 0 135 1560 6675 000 9270
2 1 0 1
	 3825 2715 4650 2715
2 1 0 1 -0 0 0 -1 0 0 2
	1500
2 1 0 1 -1 0 0 -1 0 0 2
	 2020
2 1 0 1 -1 - 0 -1 0 0 2
	 190
2 1 0 1 -1 -1  -1 0 0 2
	 420 6225 3825 6330
2 0 0 2
	 450 6225 450 6405
2 1 0 2
	 450 6345 3795 6465
2 1 0 1 00 0 0 -1 0 0 2
6540
2 1 0 1 -1 0 0 -1 0 0 2
	 205
2 1 0 1 -1 -10 -1 0 0 2
	 235
2 1 0 1 -1 -1 0-1 0 0 2
	 3780 7380 3540 7725
2 0 0 2
	 3870 7395 3525 7800
2 1 0 2
	 3375 7665 3375 7950
2 1 0 2
	 3525 7650 3525 79&0
2 1 0 1
	 3150 6675 3765 6675
2 1 0 1 -0 0 0 -1 0 0 2
	6735
2 1 0 1 -1 0 0 -1 0 0 2
	 3855 6360 855 64