	976 
2 1
	 365
2 2
	00
2 2
	0
55
5 
5 1
5 01
4 01
4 1 -1 0 0 18 14 00 4 165 00 0 1 380
80
55
5 
5 1320
60
5
5 1315
2700 2
	9540
2 1
	 185
2 2
	 220
2 1
	 250
2 2
	9255
2 1
	 440
2 2
	 375
2 1
	 395
2 2
	8850
2 40 5
300
0 2
5
2 2
	 765
0 2
5
2 2
	 0
2 2
	 
2 1
	 3780
0 2
0
2 2
	 450
0 2
0
2 2
	 780
0 2
5
2 2
	 240
0 2
0
2 2
	 060
0 2
5
2 2
	 045
0 2
5
2 2
	 295
0 2
5
2 2
	 285
0 2
0
2 2
	 355
0 2
0
2 2
	 480
0 2
0
2 2
	 715
0 2
0
2 2
	 
2 1
	 150
2 2
	330
02
405
0 2
	 45
2 1
	 40
2 2
	 305
0 2
5
2 2
	 725
0 2
0
2 2
	 950
0 2
0
2 2
	 675
0 2
5
2 2
	 435
0 2
5
2 2
	 435
0 2
0
2 2
	 975
0 2
0
2 2
	 170
0 2
5
2 2
	 330
0 2
5
2 2
	 465
0 2
0
2 2
	 305
0 2
5
2 2
	 725
0 2
0
2 2
	2
	 045
0 2
5
2 2
	 295
0 2
5
2 2
	 285
0 2
0
2 2
	 355
0 2
0
2 2
	 480
2 2
	