#FIG 3.2
Lanpe
Center
In
Lettdr 
100.00
le
-2
# 
1200 2
5 1 0 7 26 7 0 0 -1 0 0 1 1 1 9111 6757 7050 6300 81380 5 3390 1380
5 1 0 1 50
5 1 -1 -1 0 0
5 1 0 1 -1 -1 0 0 -1 0.000 0 0 0 0 .17096.500 5880 9135 6285 9090 6690 9120
5 1 0 1 -1 -1 0 0 -1 0.000 0 1 0 0 .1703.500 5895 9105 6300 9150 6705 9120
5 1 0 1 -1 -1 0 0 -1 0.000 0 1 0 0 440 6040 435 6225 360 6300 420 6405
5 1 0 1 -1 -1 0 0 -1 0 0 1 0 0 3400 7500 3510 7665 3435 7605 3375 7680
5 1 0 1 -1 -1 0 0 -1 0 0 0 0 0 3440 7900 3510 7920 3435 7980 3375 7905
5 1 0 1 -1 -1 0 0 -1 0.000 0 1 0 0 .5007.500 3165 6675 3135 6690 3165 6720
5 1 0 1 -1 -1 0 0 -1 0.000 0 1 0 0 3917..495 3840 7230 3870 7305 3930 7320
5 1 0 1 -1 -1 0 0 -1 0 0 1 0 0 3900 6500 3990 6855 3930 6900 3990 6960
5 1 0 1 -1 -1 0 0 -1 0 0 0 0 0 7970 6340 7995 6225 8070 6300 80675 412
4 0 -1 0 0 0 12 0.0000 5 7290 3 3870 7395
5700
0 2
0
2 2
	 700
-6
6
5 1935
0 2
0
2 2
	 355
0 2
5
2 2
	 115
0 2
0
-6
1 3290
1 3 
1 365
160
15
1 60
2 2
	80
2 2
	140
 0 2
	 300
2 2
	 354
2 1
	 485
2 2
	1470
2 40 5
755
 5
	55
2 2
	 382
2 1
	 455
2 2
	4500
2 1
	 400
2 2
	5
2 2
	 450
0 2
0
2 2
	 765
0 2
0
2 2
	 540
0 2
5
2 2
	 270
0 2
0
2 2
	 255
0 2
0
2 2
	 895
0 2
5
2 850
 5
	00
2 2
	 366
2 1
	 365
2 2
	9765
2 1
	 2
2 1
	 2440
0 2
80
2 2
	 301
2 1
	 3
	 360
2 2
	 291
2 1
	 315
2 2
	9240
2 1
	 370
2 2
	 414
2 1
	 465
2 2
	9045
2 1
	 645
2 2
	 622
2 1
	 655
2 2
	9285
2 1
	 640
2 2
	 619
2 1
	 680
2 2
	9480
2 1
	 270
2 2
	 382
2 1
	 300
2 2
	0
2 2
	 450
0 2
	 42
2 1
	 4
2 1
	 45
2 2
	 40
2 2
	7305
2 1
	 265
2 2
	 378
2 1
	 300
2 2
	7950
2 1
	 320
2 2
	 315
2 1
	 335
2 2
	6435
2 1
	 335
2 2
	 414
2 1
	 340
2 2
	6975
2 1
	 390
2 2
	 412
2 1
	 485
2 2
	6330
2 1
	 705
2 2
	 798
2 1
	 740
2 2
	7305
2 1
	 665
2 2
	 465
2 1
	 400
2 2
	7920
2 1
	 575
2 2
	 526
2 1
	 435
2 2
	6435
2 1
	 435
2 2
	 445
2 1
	 475
2 2
	7290
2 1
	 470
2 2
	 429
2 1
	 365
2 2
	7275
2 1
	 475
2 2
	 387
2 1
	 305
2 2
	6705
2 1
	 535
2 2
	 325
2 1
	 355
	.000
3 00 4
5
	 000
 3
	55
	00
33
	 5
	 0
3 
	 1
	 0
3 00 4
5
	 000
 4
	9780
	 000
34
	 780
0
3 
	 435
	 0.0
3 00 4
5
	 000
 4
	9615
	 000
38
	 305
0
	 000
 8
	 421
	 420
	 1.0
3 00 6
0
	 000
 3
	40
	00
33
	 0
	 0
3 
	 1
	 0
3 00 3
5
	 0
3 
	 400
	.000
4 0 Ligaft\001
4 0 -1 0 0 0 12 00 0 180 2520 6675 4 phi.ca\001
4 0 -1 0 0 0 12 00 0 135 1560 6675 4cks\001
4 0 -1 0 0 0 12 00 0 165 2265 6675 4 BC,ada\001
