#FIG 2.02
5 9
1 3 0 1 0 0 0 0 0.000 1 0 0 150 197 119 154 159 199 199
1 3 0 1 0 0 0 0 0.000 1 0.000 159 159 5 5 159 159 159 164
2 1 1 1 0 0 0 1 4.000 0 0
	 159 164 159 124 114 124 9999 9999
2 1 0 1 0 0 0 0 0 1 0
	0 0 1 4 8
	 79 104 104 104 9999 9999
4 2 32 30 0 00 1 -1 -1 0 0 20 0.000 1 0.0D00 298··········√···············                                           ····································║························································┌·····································Ё·········································√001
