#FIG 3.2
Port
Center
Inches
er 
100.00
Sle
-2
# ks
1200 2
5 1 0 1 -1 -1 0 0 -1 0 0 1 0 0 3460 1405 3540 1380 3465 1335 3390 1380
5 1 0 1 -1 -1 0 0 -1 0.000 0 1 0 0 .0000.005 5055 1350 4980 1305 4905 1350
5 1 0 1 -1 -1 0 0 -1 0.000 0 1 0 0 5711..500 4230 4500 4170 4965 4230 5355
5 1 0 1 -1 -1 0 0 -1 0 0 0 0 0 2750 4500 4230 4530 4290 4995 4230 5385
5 1 0 1 -1 -1 0 0 -1 0 0 0 0 00 11500 5880 9135 6285 9090 6690 912 7905
5 1 0 1 -1 -1 0 0 -1 0 0 1 0 0 3150 6600 3165 6675 3135 6690 3165 6720
5 1 0 1 -1 -1 0 0 -1 0.000 0 1 0 0 .5052.495 3840 7230 3870 7305 3930 7320
5 1 0 1 -1 -1 0 0 -1 0.000 0 1 0 0 3982..500 3990 6855 3930 6900 3990 6960
5 1 0 1 -1 -1 0 0 -1 0 0 0 0 0 7960 6040 7995 6225 8070 6300 8010 6405
5 1 0 1 -1 -1 0 0 -1 0 0 0 0 0 4980 7600 4920 7665 4995 7605 5055 7680
5 1 0 1 -1 -1 0 0 -1 0.000 0 1 0 0 .5002.500 4920 7920 4995 7980 5055 7905
5 1 0 1 -1 -1 0 0 -1 0.000 0 0 0 0 5500 .500 5265 6675 5295 6690 5265 6720
5 1 0 1 -1 -1 0 0 -1 0 0 0 0 0 4595 7495 4590 7230 4560 7305 4500 7320
5 1 0 1 -1 -1 0 0 -1 0 0 0 0 0 4440 6900 4440 6855 4500 6900 4440 6960
5 1 0 1 -1 -1 0 0 -1 0.000 0 1 0 0 .3306.195 3795 7290 3810 7380 3870 7395
5 1 0 1 -1 -1 0 0 -1 0.000 0 0 0 0 4574..195 4635 7290 4620 7380 4560 7395
5 1 0 1 -1 -1 0 0 -1 0 0 0 0 0 3685 9239 3705 9225 3690 9300 3630 9315
6 345 1470 3825 2700
5 1 0 1 -1 -1 0 0 -1 0 0 1 0 0 475 1695 480 1500 405 1530 375 1605
2 1 0 1 -1 -1 0 0 -1 0 0 0 -1 0 0 2
	 3825 1500 450 1500
2 1 0 1 -1 -1 0 0 -1 0 0 0 -1 0 0 2
	5 1800 450 1800
2 1 0 1 -1 -1 0 0 -1 0.000 0 0 -1 0 0 2
25 2325 450 2325
2 1 0 1 -1 -1 0 0 -1 0.000 0 0 -1 0 0 2
	 450 2400 2325 2400
2 1 0 1 -1 -1 0 0 -1 0 0 0 -1 0 0 2
	 2325 2400 2325 2700
2 1 0 1 -1 -1 0 0 -1 0.000 0 0 -1 0 0 2
0 2700 3825 270 4125 270 4335 465
3 1 0 1 -1 -1 0 0 -1 0 0 0 0 3
	 4230 270 4140 330 4125 465
	 0 1.0.000
3 0 0 1 -1 -1 0 0 -1 0 0 0 0 3
	 4230 270 4320 330 4335 465
	 0 1.0.000
-6
6 3975 585 4200 1185
2 1 0 1 -1 -1 0 0 -1 0 0 0 -1 0 0 2
	 3975 585 4200 585
2 1 0 1 -1 -1 0 0 -1 0 0 0 -1 0 0 2
	 4200 585 4200 1185
-6
6 3150 4575 4170 5355
5 1 0 1 -1 -1 0 0 -1 0.000 0 1 0 0 3250 .625 3225 4845 3180 4875 3150 4935
2 1 0 1 -1 -1 0 0 -1 0 0 0 -1 0 0 2
	5 4575 3210 4830
2 1 0 1 -1 -1 0 0 -1 0.000 0 0 -1 0 0 2
	 3165 4935 3165 5355
2 1 0 1 -1 -1 0 0 -1 0 0 0 -1 0 0 2
	0 5355 4050 5355
2 1 0 1 -1 -1 0 0 -1 0.000 0 0 -1 0 0 2
	 4050 5355 4170 5
2 1 0 1 -1 -1 0 0 -1 0.000 0 0 -1 0 0 2
65 5070 4155 5070
-6
6 4650 1470 8130 2700
5 1 0 1 -1 -1 0 0 -1 0 0 0 0 0 7905 1495 7995 1500 8070 1530 8100 1605
2 1 0 1 -1 -1 0 0 -1 0 0 0 -1 0 0 2
	 4650 1500 8025 1500
2 1 0 1 -1 -1 0 0 -1 9465 2055 9-1 0 0 2
	 4