#FIG 3.2
Port
Center
Inches
Letter 
100.00
Se
-2
# As
1200 2
5 1 0 1 -1 -1 0 0 -1 0.000 0 1 0 0 3465 1425 3540 1380 3465 1335 3390 1380
5 1 0 1 -1 -1 0 0 -1 0.000 0 1 0 0 4000 1390 5055 1350 45 6225 8070 630012
4 0 -1 0 0 0 12 0. 0 180 2520 6675 5
5 0
5
	 38
2 1
	 30ﮩ
 1
	 655
2 2
5
2 1
	 640
2 2
0
2 2
	 
2 1
	 360
2 2
	9450
2 1
	 A60
2
2 1
	 315
2 2
	9240
2 1
	 370
2 2
	 414
2 1
	 465
2 2
	9045
2 1
	 645
2 2
	 622
 1
	 655
2 2
	9285
2 1
	 640
2 2
	 619
2!1
	 680
2 2
	9480
2 1
	 270
2 2
	 382
2 1
	 300
2 2	0
2 2
	 450
0 2
	 42
  1
	 4
2 1
	 45
2 
	 40
2 2
	7305
2 1
	 0
0 2
6330
2 1
	 4
2 1
	 45
2 2
	 40
2 2
	 246
2 1
	 265
2 "
	7725
 16\001