#FIG 3.2
Lanpe
Center
In
Letter 
100.00
le
-2
# 
1200 2
5 1 0 7 26 7 0 0 -1 0 0 1 1 1 9111 6757 7050 6300 8025 8625 11250 7350
	2 0 7.00 420.00 840.00
	1 0 7.00 420.00 840.00
2 2 0 3 0 7 0 0 -1 0.000 0 0 -1 0 0 5
	 5700 4425 8325 4425 8325 6300 5700 6300 5700 4425
2 1 0 8 4 7 0 0 -1 0 0 0 -1 0 1 2
	1 0 4.00 240.00 00
	 5700 5325 3225 5325
2 1 0 8 4 7 0 0 -1 0 0 0 -1 0 1 2
	2 0 5.00 300.00 000
4 1 50 4425 7050 2325
2 1 0 16 1 7 0 0 -1 0.000 0 0 -1 1 1 3
	3 0 5.00 300.00.00
	2 1 5.00 300.00.00
75 2100 4125 2100 1650 3750
3 2 0 9 5 7 0 0 -1 0 0 1 1 4
	3 1 4.00 240.00.00
	2 1 6.00 360.00.00
	 1575 8325 4200 8025 1725 7125 4050 6450
	00 -1.000 -1 0.000
3 0 0 11 31 7 0 0 -1 0 0 1 1 4
	0 0 11.00 660.00 .00
	0 0 8.00 480.00.00
	 1050 5550 3525 3300 3000 4950 6225 1575
	 0 1 1.0.000
4 1 18 0 0 0 14 00 4 195 2265 6975 5wheonger\001
4 1 18 0 0 0 14 0. 4 195 1770 6975 54to the box\001
