# unix_time, cycles_done, cur_path, paths_total, pending_total, pending_favs, map_size, unique_crashes, unique_hangs, max_depth, execs_per_sec, total_execs, total_seeds
1673902377, 0, 0, 1, 1, 1, 3.52%, 0, 0, 1, 14.57, 8, 8
1673902382, 0, 0, 59, 59, 1, 3.96%, 0, 0, 2, 129.49, 676, 483
1673902387, 0, 0, 101, 101, 1, 4.01%, 0, 0, 2, 128.66, 1329, 1073
1673902392, 0, 0, 109, 109, 1, 4.02%, 0, 0, 2, 126.66, 1975, 1719
1673902397, 0, 0, 128, 127, 0, 4.11%, 0, 0, 2, 126.11, 2625, 2359
1673902407, 0, 0, 155, 154, 0, 4.37%, 0, 0, 2, 122.46, 3860, 3525
1673902412, 0, 0, 213, 212, 0, 4.43%, 0, 0, 2, 123.09, 4503, 3900
1673902418, 0, 0, 263, 262, 0, 4.50%, 0, 0, 2, 122.32, 5143, 4280
1673902423, 0, 0, 308, 307, 0, 4.52%, 0, 0, 2, 121.90, 5774, 4684
1673902428, 0, 0, 349, 348, 0, 4.56%, 0, 0, 2, 122.61, 6387, 5086
1673902433, 0, 0, 381, 380, 0, 4.58%, 0, 0, 2, 121.16, 7012, 5539
1673902438, 0, 0, 415, 414, 0, 4.60%, 0, 0, 2, 122.33, 7647, 5976
1673902443, 0, 0, 441, 440, 0, 4.61%, 0, 0, 2, 123.92, 8284, 6298
1673902448, 0, 0, 454, 453, 0, 4.61%, 0, 0, 2, 126.89, 8938, 6298
1673902453, 0, 0, 468, 467, 0, 4.62%, 0, 0, 2, 127.74, 9592, 6298
1673902459, 0, 0, 478, 477, 0, 4.62%, 0, 0, 2, 127.16, 10238, 6298
1673902464, 0, 0, 500, 499, 0, 4.64%, 0, 0, 2, 125.69, 10885, 6298
1673902469, 0, 0, 524, 523, 0, 4.65%, 0, 0, 2, 125.71, 11532, 6298
1673902474, 0, 0, 538, 537, 0, 4.67%, 0, 0, 2, 123.98, 12152, 6298
1673902479, 0, 0, 554, 553, 0, 4.67%, 0, 0, 2, 124.12, 12794, 6298
1673902484, 0, 0, 579, 578, 0, 4.71%, 0, 0, 2, 126.20, 13422, 6344
1673902489, 0, 0, 625, 624, 0, 4.79%, 0, 0, 2, 131.93, 14112, 6344
1673902494, 0, 0, 648, 647, 0, 4.81%, 0, 0, 2, 134.07, 14806, 6344
1673902500, 0, 0, 666, 665, 0, 4.85%, 0, 0, 2, 133.92, 15498, 6344
1673902505, 0, 0, 683, 682, 0, 4.86%, 0, 0, 2, 134.18, 16194, 6344
1673902510, 0, 0, 694, 693, 0, 4.86%, 0, 0, 2, 134.24, 16884, 6369
1673902515, 0, 0, 701, 700, 0, 4.86%, 0, 0, 2, 134.64, 17558, 6369
1673902520, 0, 0, 708, 707, 0, 4.87%, 0, 0, 2, 135.07, 18234, 6369
1673902525, 0, 1, 711, 710, 130, 4.87%, 0, 0, 2, 132.63, 18919, 6445
1673902530, 0, 6, 711, 707, 128, 4.87%, 0, 0, 2, 133.52, 19596, 6445
1673902535, 0, 10, 712, 705, 125, 4.87%, 0, 0, 3, 133.39, 20273, 6445
1673902540, 0, 55, 712, 702, 123, 4.87%, 0, 0, 3, 134.34, 20954, 6445
1673902545, 0, 67, 712, 699, 121, 4.87%, 0, 0, 3, 133.20, 21626, 6445
1673902550, 0, 78, 712, 696, 118, 4.87%, 0, 0, 3, 134.33, 22306, 6445
1673902556, 0, 87, 712, 693, 115, 4.87%, 0, 0, 3, 134.36, 22989, 6445
1673902561, 0, 108, 712, 690, 112, 4.87%, 0, 0, 3, 132.70, 23661, 6445
1673902566, 0, 116, 712, 687, 109, 4.87%, 0, 0, 3, 133.03, 24341, 6445
1673902571, 0, 122, 712, 684, 106, 4.87%, 0, 0, 3, 132.23, 25011, 6445
1673902576, 0, 127, 712, 681, 103, 4.87%, 0, 0, 3, 132.26, 25684, 6445
1673902581, 0, 137, 712, 680, 102, 4.87%, 0, 0, 3, 133.06, 26358, 6445
1673902586, 0, 137, 713, 681, 102, 4.87%, 0, 0, 3, 133.62, 27033, 6445
1673902591, 0, 138, 713, 680, 102, 4.87%, 0, 0, 3, 133.49, 27708, 6445
1673902601, 0, 153, 717, 683, 102, 4.87%, 0, 0, 3, 125.36, 29015, 6966
1673902632, 0, 153, 721, 687, 102, 4.87%, 0, 0, 3, 122.92, 32756, 10692
1673902642, 0, 153, 722, 688, 102, 4.88%, 0, 0, 3, 123.16, 34006, 11942
1673902693, 0, 219, 722, 686, 101, 4.88%, 0, 0, 3, 128.96, 40292, 17589
1673902703, 0, 219, 724, 688, 101, 4.88%, 0, 0, 3, 130.65, 41607, 17635
1673902708, 0, 219, 740, 704, 101, 4.89%, 0, 0, 3, 123.51, 42241, 18067
1673902713, 0, 225, 745, 708, 102, 4.89%, 0, 0, 3, 126.78, 42889, 18600
1673902718, 0, 225, 756, 719, 102, 4.92%, 0, 0, 3, 127.58, 43542, 19253
1673902728, 0, 234, 762, 724, 113, 4.93%, 1, 0, 3, 127.81, 44844, 20507
1673902734, 0, 234, 779, 741, 113, 5.61%, 1, 0, 3, 127.28, 45498, 21144
1673902739, 0, 270, 779, 740, 121, 5.61%, 1, 0, 3, 115.81, 46076, 21695
1673902744, 0, 270, 782, 743, 121, 5.61%, 1, 0, 3, 111.83, 46640, 22243
1673902749, 0, 270, 796, 757, 121, 5.62%, 1, 0, 3, 112.63, 47204, 22657
1673902754, 0, 270, 807, 768, 121, 5.63%, 1, 0, 3, 117.31, 47788, 23019
1673902759, 0, 272, 808, 768, 122, 5.63%, 1, 0, 3, 125.93, 48436, 23550
1673902764, 0, 272, 809, 768, 121, 5.63%, 1, 0, 3, 127.01, 49087, 24186
1673902774, 0, 274, 811, 770, 122, 5.63%, 1, 0, 3, 128.74, 50375, 25124
1673902779, 0, 276, 818, 776, 121, 5.63%, 1, 0, 3, 128.79, 51040, 25223
1673902784, 0, 276, 822, 780, 121, 5.63%, 1, 0, 3, 121.15, 51646, 25814
1673902794, 0, 276, 823, 781, 121, 5.63%, 1, 0, 3, 118.42, 52846, 27014
