# unix_time, cycles_done, cur_path, paths_total, pending_total, pending_favs, map_size, unique_crashes, unique_hangs, max_depth, execs_per_sec, total_execs
1664115586, 0, 0, 4, 4, 2, 16.29%, 0, 0, 1, 192.77, 32
1664115591, 0, 2, 60, 60, 2, 16.74%, 0, 0, 2, 256.37, 1422
1664115596, 0, 2, 138, 138, 2, 16.93%, 0, 0, 2, 259.58, 2788
1664115601, 0, 2, 194, 194, 2, 17.00%, 0, 0, 2, 253.77, 4106
1664115606, 0, 2, 249, 249, 2, 17.05%, 0, 0, 2, 251.40, 5368
1664115611, 0, 2, 283, 283, 2, 17.07%, 0, 0, 2, 249.11, 6666
1664115617, 0, 2, 314, 314, 2, 17.09%, 0, 0, 2, 248.13, 7918
1664115622, 0, 2, 335, 335, 2, 17.12%, 0, 0, 2, 248.28, 9214
1664115627, 0, 2, 371, 371, 2, 17.13%, 0, 0, 2, 250.41, 10522
1664115632, 0, 2, 401, 401, 2, 17.14%, 0, 0, 2, 249.06, 11770
1664115637, 0, 2, 417, 417, 2, 17.15%, 0, 0, 2, 251.62, 13030
1664115642, 0, 2, 431, 431, 2, 17.17%, 0, 0, 2, 248.82, 14318
1664115647, 0, 2, 478, 478, 2, 17.24%, 0, 0, 2, 275.69, 15802
1664115653, 0, 2, 492, 492, 2, 17.25%, 0, 0, 2, 256.63, 17114
1664115658, 0, 2, 501, 501, 2, 17.25%, 0, 0, 2, 250.69, 18411
1664115663, 0, 2, 509, 509, 2, 17.26%, 0, 0, 2, 247.45, 19650
1664115668, 0, 2, 518, 518, 2, 17.27%, 0, 0, 2, 248.94, 20902
1664115673, 0, 2, 519, 519, 2, 17.27%, 0, 0, 2, 248.78, 22158
1664115678, 0, 2, 528, 528, 2, 17.28%, 0, 0, 2, 247.68, 23406
1664115683, 0, 2, 533, 533, 2, 17.28%, 0, 0, 2, 250.80, 24662
1664115688, 0, 2, 538, 538, 2, 17.28%, 0, 0, 2, 248.44, 25950
1664115693, 0, 2, 556, 556, 2, 17.30%, 0, 0, 2, 267.41, 27334
1664115698, 0, 2, 563, 563, 2, 17.30%, 0, 0, 2, 254.47, 28635
1664115703, 0, 2, 570, 570, 2, 17.30%, 0, 0, 2, 249.78, 29921
1664115708, 0, 2, 578, 578, 2, 17.30%, 0, 0, 2, 247.79, 31169
1664115713, 0, 2, 579, 579, 2, 17.31%, 0, 0, 2, 248.71, 32421
1664115719, 0, 2, 584, 584, 2, 17.31%, 0, 0, 2, 248.38, 33673
1664115724, 0, 2, 587, 587, 2, 17.31%, 0, 0, 2, 247.56, 34921
1664115729, 0, 2, 591, 591, 2, 17.31%, 0, 0, 2, 249.50, 36217
1664115734, 0, 2, 594, 594, 2, 17.31%, 0, 0, 2, 258.43, 37498
1664115739, 0, 2, 602, 602, 2, 17.31%, 0, 0, 2, 255.34, 38838
1664115744, 0, 2, 607, 607, 2, 17.31%, 0, 0, 2, 252.04, 40141
1664115749, 0, 2, 624, 624, 2, 17.31%, 0, 0, 2, 252.23, 41459
1664115754, 0, 2, 633, 633, 2, 17.31%, 0, 0, 2, 295.95, 42936
1664115759, 0, 2, 637, 637, 2, 17.32%, 0, 0, 2, 260.36, 44253
1664115765, 0, 2, 648, 648, 2, 17.32%, 0, 0, 2, 261.80, 45606
1664115770, 0, 2, 650, 650, 2, 17.32%, 0, 0, 2, 255.75, 46947
1664115775, 0, 2, 653, 653, 2, 17.32%, 0, 0, 2, 251.06, 48211
1664115780, 0, 2, 661, 661, 2, 17.32%, 0, 0, 2, 261.07, 49575
1664115795, 0, 2, 663, 663, 2, 17.32%, 0, 0, 2, 249.86, 53441
1664115800, 0, 2, 664, 664, 2, 17.32%, 0, 0, 2, 248.03, 54687
1664115806, 0, 2, 668, 668, 2, 17.32%, 0, 0, 2, 254.38, 55996
1664115811, 0, 2, 670, 670, 2, 17.32%, 0, 0, 2, 250.13, 57287
1664115816, 0, 2, 673, 673, 2, 17.33%, 0, 0, 2, 248.72, 58535
1664115821, 0, 2, 675, 675, 2, 17.33%, 0, 0, 2, 247.76, 59783
1664115831, 0, 2, 676, 676, 2, 17.33%, 0, 0, 2, 249.29, 62327
1664115836, 0, 2, 677, 677, 2, 17.34%, 0, 0, 2, 247.77, 63571
1664115841, 0, 2, 680, 680, 2, 17.34%, 0, 0, 2, 246.69, 64819
1664115856, 0, 2, 687, 687, 2, 17.34%, 0, 0, 2, 253.42, 68583
1664115861, 0, 2, 691, 691, 2, 17.34%, 0, 0, 2, 248.16, 69863
1664115866, 0, 2, 692, 692, 2, 17.35%, 0, 0, 2, 247.01, 71111
1664115872, 0, 2, 693, 693, 2, 17.35%, 0, 0, 2, 247.04, 72359
1664115882, 0, 2, 694, 694, 2, 17.35%, 0, 0, 2, 247.19, 74855
1664115887, 0, 2, 696, 696, 2, 17.41%, 0, 0, 2, 247.11, 76103
1664115892, 0, 2, 697, 697, 2, 17.41%, 0, 0, 2, 248.22, 77351
1664115897, 0, 2, 698, 698, 2, 17.41%, 0, 0, 2, 248.24, 78603
1664115907, 0, 2, 700, 700, 2, 17.41%, 0, 0, 2, 247.62, 81151
1664115912, 0, 2, 701, 701, 2, 17.41%, 0, 0, 2, 246.99, 82399
1664115922, 0, 2, 703, 703, 2, 17.41%, 0, 0, 2, 255.93, 84971
1664115952, 0, 2, 705, 705, 2, 17.41%, 0, 0, 2, 248.27, 92475
1664115968, 0, 2, 706, 706, 2, 17.41%, 0, 0, 2, 247.13, 96219
1664115973, 0, 2, 708, 708, 2, 17.42%, 0, 0, 2, 247.27, 97467
1664115988, 0, 2, 709, 709, 2, 17.42%, 0, 0, 2, 251.90, 101269
1664116003, 0, 2, 711, 711, 2, 17.42%, 0, 0, 2, 253.65, 105145
1664116013, 0, 2, 712, 712, 2, 17.42%, 0, 0, 2, 251.39, 107678
1664116018, 0, 2, 713, 713, 2, 17.42%, 0, 0, 2, 249.10, 108919
1664116049, 0, 2, 725, 725, 2, 17.43%, 0, 0, 2, 325.85, 116873
1664116054, 0, 2, 729, 729, 2, 17.43%, 0, 0, 2, 283.69, 118286
1664116095, 0, 2, 730, 730, 2, 17.43%, 0, 0, 2, 266.06, 128816
1664116121, 0, 2, 732, 732, 2, 17.43%, 0, 0, 2, 248.98, 135249
1664116136, 0, 2, 734, 734, 2, 17.43%, 0, 0, 2, 283.66, 139158
1664116187, 0, 2, 736, 736, 2, 17.43%, 0, 0, 2, 248.99, 152002
1664116192, 0, 2, 737, 737, 2, 17.43%, 0, 0, 2, 247.25, 153250
1664116202, 0, 2, 738, 738, 2, 17.43%, 0, 0, 2, 248.42, 155746
1664116222, 0, 2, 739, 739, 2, 17.43%, 0, 0, 2, 249.06, 160794
1664116237, 0, 2, 740, 740, 2, 17.43%, 0, 0, 2, 247.05, 164538
1664116278, 0, 2, 742, 742, 2, 17.43%, 0, 0, 2, 309.72, 174936
1664116283, 0, 2, 744, 744, 2, 17.43%, 0, 0, 2, 268.07, 176316
1664116288, 0, 2, 747, 747, 2, 17.43%, 0, 0, 2, 272.88, 177715
1664116298, 0, 2, 749, 749, 2, 17.43%, 0, 0, 2, 264.32, 180301
1664116308, 0, 2, 750, 750, 2, 17.43%, 0, 0, 2, 252.40, 182874
1664116329, 0, 2, 752, 752, 2, 17.43%, 0, 0, 2, 250.46, 188050
1664116334, 0, 2, 753, 753, 2, 17.43%, 0, 0, 2, 250.33, 189296
1664116339, 0, 2, 754, 754, 2, 17.43%, 0, 0, 2, 251.69, 190586
1664116354, 0, 2, 755, 755, 2, 17.43%, 0, 0, 2, 246.91, 194368
1664116359, 0, 2, 760, 760, 2, 17.43%, 0, 0, 2, 250.56, 195674
1664116364, 0, 2, 762, 762, 2, 17.43%, 0, 0, 2, 247.11, 196916
1664116405, 0, 2, 763, 763, 2, 17.43%, 0, 0, 2, 246.73, 207004
1664116436, 0, 2, 764, 764, 2, 17.43%, 0, 0, 2, 248.91, 214600
1664116466, 0, 2, 765, 765, 2, 17.43%, 0, 0, 2, 252.94, 222134
1664116506, 0, 2, 768, 768, 2, 17.45%, 0, 0, 2, 304.42, 232899
1664116511, 0, 2, 775, 775, 2, 17.45%, 0, 0, 2, 281.86, 234264
1664116517, 0, 2, 776, 776, 2, 17.45%, 0, 0, 2, 256.88, 235572
1664116522, 0, 2, 783, 783, 2, 17.45%, 0, 0, 2, 264.78, 236903
1664116537, 0, 2, 784, 784, 2, 17.45%, 0, 0, 2, 252.69, 240771
1664116547, 0, 2, 787, 787, 2, 17.45%, 0, 0, 2, 250.75, 243375
1664116557, 0, 2, 788, 788, 2, 17.45%, 0, 0, 2, 249.78, 245891
1664116573, 0, 2, 789, 789, 2, 17.45%, 0, 0, 2, 250.44, 249686
1664116578, 0, 2, 793, 793, 2, 17.45%, 0, 0, 2, 247.72, 250931
1664116588, 0, 2, 795, 795, 2, 17.45%, 0, 0, 2, 247.68, 253427
1664116598, 0, 2, 796, 796, 2, 17.45%, 0, 0, 2, 250.17, 256023
1664116603, 0, 2, 797, 797, 2, 17.45%, 0, 0, 2, 249.72, 257315
1664116613, 0, 2, 799, 799, 2, 17.45%, 0, 0, 2, 248.42, 259811
1664116618, 0, 2, 800, 800, 2, 17.45%, 0, 0, 2, 252.93, 261119
1664116628, 0, 2, 801, 801, 2, 17.45%, 0, 0, 2, 247.98, 263623
1664116638, 0, 2, 803, 803, 2, 17.45%, 0, 0, 2, 248.84, 266119
1664116649, 0, 2, 804, 804, 2, 17.45%, 0, 0, 2, 248.95, 268623
1664116669, 0, 2, 805, 805, 2, 17.47%, 0, 0, 2, 252.69, 273759
1664116674, 0, 2, 806, 806, 2, 17.47%, 0, 0, 2, 249.84, 275035
1664116679, 0, 2, 807, 807, 2, 17.47%, 0, 0, 2, 249.09, 276291
1664116694, 0, 2, 808, 808, 2, 17.47%, 0, 0, 2, 248.90, 280035
1664116699, 0, 2, 814, 814, 2, 17.48%, 0, 0, 2, 323.67, 281741
1664116705, 0, 2, 963, 963, 2, 17.62%, 0, 0, 2, 316.74, 283353
1664116710, 0, 2, 1081, 1081, 2, 17.64%, 0, 0, 2, 306.76, 284887
1664116715, 0, 2, 1167, 1167, 2, 17.76%, 0, 0, 2, 300.88, 286437
1664116720, 0, 2, 1232, 1232, 2, 17.77%, 0, 0, 2, 306.74, 287983
1664116725, 0, 2, 1284, 1284, 2, 17.80%, 0, 0, 2, 306.23, 289563
1664116730, 0, 2, 1331, 1331, 2, 17.84%, 0, 0, 2, 305.39, 291151
1664116735, 0, 2, 1378, 1378, 2, 17.90%, 0, 0, 2, 305.50, 292733
1664116740, 0, 2, 1413, 1413, 2, 17.91%, 0, 0, 2, 305.38, 294267
1664116745, 0, 2, 1441, 1441, 2, 17.92%, 0, 0, 2, 301.00, 295787
1664116751, 0, 2, 1471, 1471, 2, 17.93%, 0, 0, 2, 305.41, 297365
1664116756, 0, 2, 1493, 1493, 2, 17.94%, 0, 0, 2, 306.46, 298897
1664116761, 0, 2, 1518, 1518, 2, 17.95%, 0, 0, 2, 309.02, 300495
1664116766, 0, 2, 1533, 1533, 2, 17.96%, 0, 0, 2, 310.75, 302061
1664116771, 0, 2, 1553, 1553, 2, 17.97%, 0, 0, 2, 305.51, 303595
1664116776, 0, 2, 1569, 1569, 2, 17.97%, 0, 0, 2, 305.30, 305139
1664116781, 0, 2, 1583, 1583, 2, 17.97%, 0, 0, 2, 305.80, 306685
1664116786, 0, 2, 1596, 1596, 2, 17.97%, 0, 0, 2, 308.15, 308235
1664116791, 0, 2, 1607, 1607, 2, 17.98%, 0, 0, 2, 307.59, 309787
1664116796, 0, 2, 1618, 1618, 2, 17.98%, 0, 0, 2, 305.95, 311339
1664116801, 0, 2, 1634, 1634, 2, 17.99%, 0, 0, 2, 306.86, 312893
1664116806, 0, 2, 1644, 1644, 2, 17.99%, 0, 0, 2, 308.65, 314463
1664116811, 0, 2, 1656, 1656, 2, 17.99%, 0, 0, 2, 310.52, 316029
1664116816, 0, 2, 1668, 1668, 2, 17.99%, 0, 0, 2, 311.49, 317589
1664116821, 0, 2, 1685, 1685, 2, 17.99%, 0, 0, 2, 307.89, 319117
1664116827, 0, 2, 1698, 1698, 2, 17.99%, 0, 0, 2, 307.89, 320715
1664116832, 0, 3, 1704, 1703, 154, 17.99%, 0, 0, 2, 262.62, 322085
1664116842, 0, 3, 1717, 1716, 154, 18.01%, 0, 0, 2, 208.89, 324228
1664116847, 0, 3, 1726, 1725, 154, 18.02%, 0, 0, 2, 207.65, 325280
1664116852, 0, 3, 1742, 1741, 154, 18.02%, 0, 0, 2, 204.31, 326336
1664116857, 0, 3, 1747, 1746, 154, 18.02%, 0, 0, 2, 203.01, 327384
1664116863, 0, 3, 1755, 1754, 154, 18.02%, 0, 0, 2, 203.02, 328440
1664116868, 0, 3, 1760, 1759, 154, 18.03%, 0, 0, 2, 202.62, 329488
1664116873, 0, 3, 1768, 1767, 154, 18.03%, 0, 0, 2, 201.18, 330508
1664116878, 0, 3, 1771, 1770, 154, 18.03%, 0, 0, 2, 201.89, 331552
1664116883, 0, 3, 1777, 1776, 154, 18.03%, 0, 0, 2, 202.35, 332600
1664116888, 0, 3, 1778, 1777, 154, 18.03%, 0, 0, 2, 202.50, 333656
1664116894, 0, 3, 1782, 1781, 154, 18.03%, 0, 0, 2, 202.27, 334700
1664116899, 0, 3, 1786, 1785, 154, 18.03%, 0, 0, 2, 202.23, 335752
1664116904, 0, 3, 1791, 1790, 154, 18.03%, 0, 0, 2, 202.46, 336800
1664116909, 0, 3, 1793, 1792, 154, 18.03%, 0, 0, 2, 202.47, 337836
1664116914, 0, 3, 1794, 1793, 154, 18.03%, 0, 0, 2, 202.50, 338892
1664116925, 0, 3, 1795, 1794, 154, 18.03%, 0, 0, 2, 202.51, 340996
1664116930, 0, 3, 1797, 1796, 154, 18.03%, 0, 0, 2, 203.13, 342052
1664116946, 0, 3, 1803, 1802, 154, 18.04%, 0, 0, 2, 202.84, 345216
1664116956, 0, 3, 1810, 1809, 154, 18.05%, 0, 0, 2, 219.41, 347424
1664116961, 0, 3, 1811, 1810, 154, 18.05%, 0, 0, 2, 206.85, 348476
1664116966, 0, 3, 1812, 1811, 154, 18.05%, 0, 0, 2, 205.44, 349544
1664116971, 0, 3, 1813, 1812, 154, 18.05%, 0, 0, 2, 204.22, 350596
1664116987, 0, 3, 1814, 1813, 154, 18.05%, 0, 0, 2, 200.95, 353732
1664117002, 0, 3, 1815, 1814, 154, 18.05%, 0, 0, 2, 202.41, 356884
1664117049, 0, 3, 1816, 1815, 154, 18.06%, 0, 0, 2, 202.79, 366348
1664117054, 0, 3, 1817, 1816, 154, 18.06%, 0, 0, 2, 202.52, 367404
1664117070, 0, 3, 1818, 1817, 154, 18.06%, 0, 0, 2, 219.95, 370675
1664117085, 0, 3, 1819, 1818, 154, 18.06%, 0, 0, 2, 204.28, 373843
1664117101, 0, 3, 1820, 1819, 154, 18.06%, 0, 0, 2, 200.22, 376971
1664117106, 0, 3, 1821, 1820, 154, 18.06%, 0, 0, 2, 202.12, 378015
1664117116, 0, 3, 1824, 1823, 154, 18.06%, 0, 0, 2, 202.46, 380111
1664117163, 0, 3, 1825, 1824, 154, 18.06%, 0, 0, 2, 203.05, 389571
1664117173, 0, 3, 1826, 1825, 154, 18.06%, 0, 0, 2, 202.87, 391675
1664117184, 0, 3, 1827, 1826, 154, 18.06%, 0, 0, 2, 212.82, 393856
1664117210, 0, 3, 1828, 1827, 154, 18.06%, 0, 0, 2, 202.74, 399130
1664117215, 0, 3, 1833, 1832, 154, 18.06%, 0, 0, 2, 203.68, 400175
1664117220, 0, 3, 1834, 1833, 154, 18.06%, 0, 0, 2, 202.34, 401223
1664117230, 0, 3, 1835, 1834, 154, 18.06%, 0, 0, 2, 257.35, 403551
1664117282, 0, 3, 1836, 1835, 154, 18.06%, 0, 0, 2, 210.49, 414114
1664117298, 0, 3, 1837, 1836, 154, 18.06%, 0, 0, 2, 204.14, 417334
1664117318, 0, 3, 1838, 1837, 154, 18.06%, 0, 0, 2, 205.14, 421558
1664117391, 0, 3, 1839, 1838, 154, 18.07%, 0, 0, 2, 202.66, 436306
1664117396, 0, 3, 1841, 1840, 154, 18.07%, 0, 0, 2, 202.06, 437354
1664117427, 0, 3, 1842, 1841, 154, 18.07%, 0, 0, 2, 201.64, 443610
1664117442, 0, 3, 1843, 1842, 154, 18.07%, 0, 0, 2, 200.93, 446730
1664117447, 0, 3, 1844, 1843, 154, 18.07%, 0, 0, 2, 198.95, 447727
1664117458, 0, 3, 1845, 1844, 154, 18.07%, 0, 0, 2, 202.84, 449786
1664117504, 0, 3, 1846, 1845, 154, 18.08%, 0, 0, 2, 202.43, 459198
1664117525, 0, 3, 1847, 1846, 154, 18.08%, 0, 0, 2, 202.84, 463410
1664117546, 0, 3, 1848, 1847, 154, 18.08%, 0, 0, 2, 202.29, 467602
1664117670, 0, 3, 1849, 1848, 154, 18.08%, 0, 0, 2, 202.40, 492718
1664117835, 0, 3, 1851, 1850, 154, 18.08%, 0, 0, 2, 205.89, 526226
1664117897, 0, 3, 1852, 1851, 154, 18.08%, 0, 0, 2, 202.56, 538838
1664117903, 0, 3, 1854, 1853, 154, 18.08%, 0, 0, 2, 202.54, 539886
1664117970, 0, 3, 1855, 1854, 154, 18.08%, 0, 0, 2, 202.93, 553538
1664118006, 0, 3, 1857, 1856, 154, 18.08%, 0, 0, 2, 251.35, 561372
1664118011, 0, 3, 1858, 1857, 154, 18.18%, 0, 0, 2, 218.74, 562462
1664118197, 0, 3, 1859, 1858, 154, 18.18%, 0, 0, 2, 205.65, 600401
1664118243, 0, 3, 1860, 1859, 154, 18.18%, 0, 0, 2, 202.25, 609833
1664118691, 0, 3, 1862, 1861, 154, 18.18%, 0, 0, 2, 202.24, 701109
1664118793, 0, 3, 1865, 1864, 154, 18.18%, 0, 0, 2, 201.09, 721549
1664119159, 0, 3, 1866, 1865, 154, 18.18%, 0, 0, 2, 238.46, 796073
1664119164, 0, 3, 1870, 1869, 154, 18.18%, 0, 0, 2, 230.38, 797179
1664119174, 0, 3, 1872, 1871, 154, 18.18%, 0, 0, 2, 210.27, 799475
1664119195, 0, 3, 1873, 1872, 154, 18.18%, 0, 0, 2, 203.47, 803691
1664119200, 0, 3, 1874, 1873, 154, 18.18%, 0, 0, 2, 201.98, 804723
1664119246, 0, 3, 1877, 1876, 154, 18.18%, 0, 0, 2, 204.89, 814287
1664119292, 0, 3, 1878, 1877, 154, 18.18%, 0, 0, 2, 203.36, 823695
1664119313, 0, 3, 1879, 1878, 154, 18.18%, 0, 0, 2, 202.35, 827867
1664119369, 0, 3, 1880, 1879, 154, 18.18%, 0, 0, 2, 200.15, 839212
1664119405, 0, 3, 1882, 1881, 154, 18.18%, 0, 0, 2, 198.69, 846530
1664119529, 0, 3, 1883, 1882, 154, 18.18%, 0, 0, 2, 201.98, 871535
1664119534, 0, 3, 1884, 1883, 154, 18.18%, 0, 0, 2, 203.42, 872555
1664119586, 0, 3, 1885, 1884, 154, 18.18%, 0, 0, 2, 198.56, 882959
1664119648, 0, 3, 1886, 1885, 154, 18.18%, 0, 0, 2, 202.38, 895523
1664119808, 0, 3, 1887, 1886, 154, 18.18%, 0, 0, 2, 203.11, 928207
1664119818, 0, 3, 1888, 1887, 154, 18.21%, 0, 0, 2, 202.72, 930319
1664119869, 0, 3, 1918, 1917, 154, 18.21%, 0, 0, 2, 220.66, 941370
1664119875, 0, 3, 1968, 1967, 154, 18.21%, 0, 0, 2, 226.88, 942553
1664119880, 0, 3, 1999, 1998, 154, 18.22%, 0, 0, 2, 226.23, 943693
1664119885, 0, 3, 2020, 2019, 154, 18.23%, 0, 0, 2, 228.15, 944882
1664119890, 0, 3, 2035, 2034, 154, 18.23%, 0, 0, 2, 230.07, 946037
1664119895, 0, 3, 2043, 2042, 154, 18.23%, 0, 0, 2, 234.03, 947253
1664119900, 0, 3, 2057, 2056, 154, 18.23%, 0, 0, 2, 230.11, 948449
1664119905, 0, 3, 2070, 2069, 154, 18.23%, 0, 0, 2, 231.56, 949609
1664119910, 0, 3, 2088, 2087, 154, 18.23%, 0, 0, 2, 231.94, 950813
1664119916, 0, 3, 2105, 2104, 154, 18.23%, 0, 0, 2, 229.69, 952001
1664119921, 0, 3, 2117, 2116, 154, 18.23%, 0, 0, 2, 229.37, 953149
1664119926, 0, 3, 2126, 2125, 154, 18.23%, 0, 0, 2, 231.11, 954353
1664119931, 0, 3, 2136, 2135, 154, 18.24%, 0, 0, 2, 233.76, 955565
1664119936, 0, 3, 2148, 2147, 154, 18.25%, 0, 0, 2, 231.73, 956753
1664119941, 0, 3, 2152, 2151, 154, 18.25%, 0, 0, 2, 233.86, 957965
1664119946, 0, 3, 2161, 2160, 154, 18.25%, 0, 0, 2, 231.50, 959121
1664119952, 0, 3, 2167, 2166, 154, 18.25%, 0, 0, 2, 231.80, 960325
1664119957, 0, 3, 2173, 2172, 154, 18.25%, 0, 0, 2, 233.22, 961537
1664119962, 0, 3, 2179, 2178, 154, 18.29%, 0, 0, 2, 234.87, 962717
1664119967, 0, 3, 2188, 2187, 154, 18.29%, 0, 0, 2, 231.91, 963879
1664119972, 0, 3, 2195, 2194, 154, 18.30%, 0, 0, 2, 232.93, 965053
1664119977, 0, 3, 2200, 2199, 154, 18.30%, 0, 0, 2, 233.90, 966265
1664119982, 0, 3, 2203, 2202, 154, 18.31%, 0, 0, 2, 234.79, 967437
1664119987, 0, 11, 2205, 2203, 188, 18.31%, 0, 0, 2, 246.70, 968721
1664120135, 0, 11, 2206, 2204, 188, 18.31%, 0, 0, 3, 285.96, 1006264
1664120969, 0, 11, 2207, 2205, 188, 18.31%, 0, 0, 3, 253.32, 1217099
1664121040, 0, 11, 2208, 2206, 188, 18.31%, 0, 0, 3, 247.81, 1234758
1664121146, 0, 11, 2210, 2208, 188, 18.31%, 0, 0, 3, 314.90, 1262085
1664121151, 0, 11, 2215, 2213, 188, 18.31%, 0, 0, 3, 310.13, 1263649
1664121161, 0, 11, 2218, 2216, 188, 18.31%, 0, 0, 3, 308.67, 1266793
1664121166, 0, 11, 2220, 2218, 188, 18.31%, 0, 0, 3, 308.76, 1268351
1664121172, 0, 11, 2224, 2222, 188, 18.31%, 0, 0, 3, 308.99, 1269913
1664121182, 0, 11, 2227, 2225, 188, 18.31%, 0, 0, 3, 311.66, 1273051
1664121187, 0, 11, 2228, 2226, 188, 18.31%, 0, 0, 3, 307.07, 1274601
1664121192, 0, 11, 2230, 2228, 188, 18.31%, 0, 0, 3, 309.81, 1276165
1664121197, 0, 11, 2236, 2234, 188, 18.32%, 0, 0, 3, 304.68, 1277695
1664121202, 0, 11, 2240, 2238, 188, 18.32%, 0, 0, 3, 308.60, 1279257
1664121207, 0, 11, 2244, 2242, 188, 18.32%, 0, 0, 3, 310.17, 1280819
1664121212, 0, 11, 2248, 2246, 188, 18.32%, 0, 0, 3, 310.03, 1282387
1664121217, 0, 11, 2251, 2249, 188, 18.32%, 0, 0, 3, 307.27, 1283947
1664121222, 0, 11, 2254, 2252, 188, 18.32%, 0, 0, 3, 310.33, 1285507
1664121227, 0, 11, 2256, 2254, 188, 18.32%, 0, 0, 3, 307.20, 1287053
1664121232, 0, 11, 2259, 2257, 188, 18.32%, 0, 0, 3, 308.32, 1288619
1664121237, 0, 11, 2264, 2262, 188, 18.32%, 0, 0, 3, 309.42, 1290177
1664121242, 0, 11, 2267, 2265, 188, 18.33%, 0, 0, 3, 308.14, 1291725
1664121247, 0, 11, 2268, 2266, 188, 18.33%, 0, 0, 3, 310.80, 1293299
1664121252, 0, 41, 2270, 2267, 186, 18.33%, 0, 0, 3, 344.47, 1295041
1664121796, 0, 41, 2272, 2269, 186, 18.33%, 0, 0, 3, 374.17, 1493174
1664121801, 0, 41, 2273, 2270, 186, 18.33%, 0, 0, 3, 373.34, 1495100
1664121806, 0, 41, 2274, 2271, 186, 18.33%, 0, 0, 3, 374.72, 1497026
1664121811, 0, 41, 2276, 2273, 186, 18.33%, 0, 0, 3, 373.44, 1498960
1664121817, 0, 41, 2278, 2275, 186, 18.33%, 0, 0, 3, 374.42, 1500887
1664121827, 0, 41, 2280, 2277, 186, 18.33%, 0, 0, 3, 373.51, 1504739
1664121837, 0, 41, 2281, 2278, 186, 18.33%, 0, 0, 3, 372.91, 1508590
1664121842, 0, 41, 2283, 2280, 186, 18.33%, 0, 0, 3, 373.12, 1510510
1664121853, 0, 41, 2285, 2282, 186, 18.33%, 0, 0, 3, 371.37, 1514362
1664121858, 0, 41, 2289, 2286, 186, 18.33%, 0, 0, 3, 370.19, 1516284
1664121863, 0, 41, 2290, 2287, 186, 18.33%, 0, 0, 3, 374.97, 1518210
1664121868, 0, 41, 2291, 2288, 186, 18.33%, 0, 0, 3, 374.72, 1520136
1664121873, 0, 41, 2293, 2290, 186, 18.33%, 0, 0, 3, 374.52, 1522063
1664121878, 0, 73, 2294, 2290, 185, 18.33%, 0, 0, 3, 370.72, 1523976
1664123037, 0, 104, 2295, 2290, 185, 18.33%, 0, 0, 3, 290.19, 1818998
1664124080, 0, 145, 2295, 2289, 184, 18.33%, 0, 0, 3, 321.67, 2111339
1664124121, 0, 145, 2296, 2290, 184, 18.33%, 0, 0, 3, 279.03, 2122430
1664125155, 0, 160, 2296, 2289, 184, 18.33%, 0, 0, 3, 278.06, 2405982
1664126198, 0, 160, 2297, 2290, 184, 18.33%, 0, 0, 3, 258.12, 2669076
1664126315, 0, 160, 2300, 2293, 184, 18.35%, 0, 0, 3, 314.00, 2698952
1664126320, 0, 160, 2304, 2297, 184, 18.35%, 0, 0, 3, 312.23, 2700526
1664126325, 0, 160, 2305, 2298, 184, 18.35%, 0, 0, 3, 311.41, 2702100
1664126330, 0, 160, 2308, 2301, 184, 18.36%, 0, 0, 3, 308.89, 2703672
1664126335, 0, 160, 2309, 2302, 184, 18.36%, 0, 0, 3, 310.63, 2705240
1664126340, 0, 160, 2312, 2305, 184, 18.37%, 0, 0, 3, 310.11, 2706818
1664126345, 0, 160, 2314, 2307, 184, 18.37%, 0, 0, 3, 309.61, 2708370
1664126360, 0, 160, 2315, 2308, 184, 18.37%, 0, 0, 3, 311.57, 2713058
1664126365, 0, 160, 2316, 2309, 184, 18.37%, 0, 0, 3, 309.30, 2714626
1664126370, 0, 160, 2319, 2312, 184, 18.37%, 0, 0, 3, 309.09, 2716186
1664126375, 0, 160, 2321, 2314, 184, 18.37%, 0, 0, 3, 309.41, 2717750
1664126396, 0, 160, 2322, 2315, 184, 18.37%, 0, 0, 3, 310.95, 2724058
1664126401, 0, 160, 2324, 2317, 184, 18.37%, 0, 0, 3, 310.39, 2725628
1664126406, 0, 160, 2325, 2318, 184, 18.37%, 0, 0, 3, 307.91, 2727184
1664126411, 0, 160, 2326, 2319, 184, 18.37%, 0, 0, 3, 308.23, 2728752
1664126421, 0, 274, 2326, 2318, 184, 18.37%, 0, 0, 3, 275.01, 2731646
1664126426, 0, 274, 2327, 2319, 184, 18.37%, 0, 0, 3, 255.29, 2732929
1664126431, 0, 274, 2328, 2320, 184, 18.37%, 0, 0, 3, 250.67, 2734217
1664126451, 0, 274, 2329, 2321, 184, 18.37%, 0, 0, 3, 249.82, 2739278
1664126523, 0, 274, 2330, 2322, 184, 18.37%, 0, 0, 3, 247.47, 2757325
1664127577, 0, 274, 2331, 2323, 184, 18.37%, 0, 0, 3, 315.57, 3024229
1664127582, 0, 274, 2332, 2324, 184, 18.37%, 0, 0, 3, 310.37, 3025797
1664127587, 0, 274, 2334, 2326, 184, 18.37%, 0, 0, 3, 310.40, 3027373
1664127592, 0, 274, 2335, 2327, 184, 18.37%, 0, 0, 3, 307.06, 3028923
1664127602, 0, 274, 2337, 2329, 184, 18.37%, 0, 0, 3, 309.41, 3032065
1664127608, 0, 274, 2340, 2332, 184, 18.37%, 0, 0, 3, 310.25, 3033637
1664127613, 0, 274, 2341, 2333, 184, 18.37%, 0, 0, 3, 309.46, 3035217
1664127618, 0, 274, 2342, 2334, 184, 18.37%, 0, 0, 3, 310.01, 3036797
1664127628, 0, 274, 2343, 2335, 184, 18.37%, 0, 0, 3, 308.81, 3039973
1664127638, 0, 274, 2344, 2336, 184, 18.37%, 0, 0, 3, 312.21, 3043131
1664127643, 0, 274, 2345, 2337, 184, 18.37%, 0, 0, 3, 310.23, 3044699
1664127653, 0, 274, 2346, 2338, 184, 18.37%, 0, 0, 3, 311.69, 3047845
1664127658, 0, 274, 2347, 2339, 184, 18.37%, 0, 0, 3, 311.09, 3049407
1664127663, 0, 274, 2348, 2340, 184, 18.37%, 0, 0, 3, 309.79, 3050981
1664127679, 0, 274, 2349, 2341, 184, 18.37%, 0, 0, 3, 311.44, 3055681
1664127684, 0, 367, 2349, 2340, 186, 18.37%, 0, 0, 3, 277.05, 3057037
1664128839, 0, 367, 2350, 2341, 186, 18.37%, 0, 0, 3, 331.58, 3348620
1664128849, 0, 378, 2350, 2340, 186, 18.37%, 0, 0, 3, 287.63, 3351599
1664129183, 0, 378, 2351, 2341, 186, 18.38%, 0, 0, 3, 262.59, 3440335
1664129947, 0, 472, 2351, 2340, 188, 18.38%, 0, 0, 3, 299.90, 3644907
1664129957, 0, 472, 2352, 2341, 188, 18.38%, 0, 0, 3, 274.36, 3647737
1664129988, 0, 472, 2354, 2343, 188, 18.38%, 0, 0, 3, 287.17, 3656182
1664130090, 0, 472, 2355, 2344, 188, 18.38%, 0, 0, 3, 281.91, 3684479
1664131004, 0, 472, 2357, 2346, 188, 18.38%, 0, 0, 3, 325.58, 3938078
1664131009, 0, 472, 2358, 2347, 188, 18.38%, 0, 0, 3, 323.74, 3939736
1664131014, 0, 472, 2361, 2350, 188, 18.38%, 0, 0, 3, 321.58, 3941398
1664131019, 0, 472, 2362, 2351, 188, 18.38%, 0, 0, 3, 320.47, 3943002
1664131025, 0, 472, 2364, 2353, 188, 18.38%, 0, 0, 3, 321.08, 3944656
1664131035, 0, 472, 2365, 2354, 188, 18.38%, 0, 0, 3, 320.89, 3947928
1664131045, 0, 472, 2368, 2357, 188, 18.38%, 0, 0, 3, 322.02, 3951256
1664131056, 0, 472, 2369, 2358, 188, 18.38%, 0, 0, 3, 322.29, 3954614
1664131061, 0, 472, 2370, 2359, 188, 18.38%, 0, 0, 3, 320.03, 3956272
1664131071, 0, 472, 2371, 2360, 188, 18.38%, 0, 0, 3, 321.07, 3959610
1664131076, 0, 472, 2373, 2362, 188, 18.38%, 0, 0, 3, 322.42, 3961276
1664131097, 0, 472, 2374, 2363, 188, 18.38%, 0, 0, 3, 322.61, 3967956
1664131102, 0, 472, 2375, 2364, 188, 18.38%, 0, 0, 3, 321.79, 3969626
1664131107, 0, 506, 2375, 2363, 187, 18.38%, 0, 0, 3, 279.38, 3970985
1664131138, 0, 506, 2376, 2364, 187, 18.38%, 0, 0, 3, 249.46, 3978654
1664131189, 0, 506, 2377, 2365, 187, 18.38%, 0, 0, 3, 249.82, 3991542
1664132259, 0, 543, 2377, 2364, 187, 18.38%, 0, 0, 3, 295.37, 4263871
1664132557, 0, 543, 2379, 2366, 187, 18.38%, 0, 0, 3, 270.48, 4342316
1664133369, 0, 543, 2381, 2368, 187, 18.38%, 0, 0, 3, 322.60, 4557531
1664133374, 0, 543, 2382, 2369, 187, 18.38%, 0, 0, 3, 315.73, 4559105
1664133379, 0, 543, 2384, 2371, 187, 18.38%, 0, 0, 3, 318.93, 4560765
1664133384, 0, 543, 2385, 2372, 187, 18.38%, 0, 0, 3, 315.78, 4562345
1664133389, 0, 543, 2386, 2373, 187, 18.39%, 0, 0, 3, 318.08, 4564003
1664133399, 0, 543, 2387, 2374, 187, 18.39%, 0, 0, 3, 318.06, 4567233
1664133404, 0, 543, 2388, 2375, 187, 18.39%, 0, 0, 3, 321.80, 4568903
1664133414, 0, 543, 2390, 2377, 187, 18.39%, 0, 0, 3, 317.56, 4572099
1664133429, 0, 543, 2391, 2378, 187, 18.39%, 0, 0, 3, 319.86, 4576871
1664133440, 0, 543, 2393, 2380, 187, 18.39%, 0, 0, 3, 317.36, 4580157
1664133445, 0, 543, 2395, 2382, 187, 18.39%, 0, 0, 3, 315.18, 4581793
1664133455, 0, 543, 2396, 2383, 187, 18.39%, 0, 0, 3, 315.91, 4585035
1664133465, 0, 543, 2397, 2384, 187, 18.39%, 0, 0, 3, 318.07, 4588217
1664133470, 0, 545, 2398, 2384, 193, 18.39%, 0, 0, 3, 281.77, 4589647
1664134624, 0, 545, 2402, 2388, 193, 18.39%, 0, 0, 3, 312.23, 4883945
1664134639, 0, 545, 2403, 2389, 193, 18.39%, 0, 0, 3, 310.93, 4888675
1664134649, 0, 545, 2404, 2390, 193, 18.39%, 0, 0, 3, 309.03, 4891833
1664134680, 0, 545, 2405, 2391, 193, 18.39%, 0, 0, 3, 307.97, 4901279
1664134685, 0, 545, 2406, 2392, 193, 18.39%, 0, 0, 3, 311.00, 4902853
1664134700, 0, 545, 2407, 2393, 193, 18.39%, 0, 0, 3, 309.16, 4907553
1664134705, 0, 545, 2408, 2394, 193, 18.39%, 0, 0, 3, 311.36, 4909121
1664134710, 0, 545, 2409, 2395, 193, 18.39%, 0, 0, 3, 311.48, 4910689
1664134715, 0, 545, 2410, 2396, 193, 18.39%, 0, 0, 3, 312.47, 4912269
1664134720, 0, 545, 2412, 2398, 193, 18.40%, 0, 0, 3, 312.15, 4913827
1664134725, 0, 561, 2413, 2398, 194, 18.40%, 0, 0, 3, 288.17, 4915274
1664135619, 0, 561, 2414, 2399, 194, 18.40%, 0, 0, 3, 258.57, 5145201
1664135865, 0, 578, 2414, 2398, 194, 18.40%, 0, 0, 3, 289.36, 5208705
1664135901, 0, 578, 2415, 2399, 194, 18.40%, 0, 0, 3, 250.28, 5217759
1664135987, 0, 578, 2416, 2400, 194, 18.40%, 0, 0, 3, 249.83, 5239536
1664136146, 0, 578, 2417, 2401, 194, 18.40%, 0, 0, 3, 249.63, 5279338
1664137025, 0, 621, 2417, 2400, 194, 18.40%, 0, 0, 3, 298.80, 5502143
1664137947, 0, 621, 2418, 2401, 194, 18.40%, 0, 0, 3, 250.88, 5735669
1664138181, 0, 621, 2419, 2402, 194, 18.40%, 0, 0, 3, 327.03, 5794685
1664138186, 0, 621, 2420, 2403, 194, 18.40%, 0, 0, 3, 313.83, 5796259
1664138196, 0, 643, 2420, 2402, 193, 18.40%, 0, 0, 3, 298.08, 5799349
1664139253, 0, 658, 2421, 2402, 193, 18.40%, 0, 0, 3, 321.72, 6093191
1664140314, 0, 688, 2421, 2401, 192, 18.40%, 0, 0, 3, 298.74, 6387225
1664141459, 0, 688, 2422, 2402, 192, 18.40%, 0, 0, 3, 317.28, 6676453
1664141464, 0, 694, 2422, 2401, 191, 18.40%, 0, 0, 3, 287.26, 6677919
1664141713, 0, 694, 2423, 2402, 191, 18.40%, 0, 0, 3, 251.11, 6740756
1664141875, 0, 694, 2424, 2403, 191, 18.40%, 0, 0, 3, 247.68, 6780952
1664142627, 0, 694, 2426, 2405, 191, 18.40%, 0, 0, 3, 314.11, 6971552
1664142637, 0, 704, 2426, 2404, 188, 18.40%, 0, 0, 3, 288.06, 6974569
1664143797, 0, 704, 2427, 2405, 188, 18.40%, 0, 0, 3, 322.42, 7267205
1664143803, 0, 704, 2428, 2406, 188, 18.40%, 0, 0, 3, 311.68, 7268755
1664143813, 0, 781, 2428, 2405, 188, 18.40%, 0, 0, 3, 287.38, 7271764
1664144916, 0, 781, 2430, 2407, 188, 18.40%, 0, 0, 3, 324.01, 7563705
1664144927, 0, 803, 2430, 2406, 188, 18.40%, 0, 0, 3, 291.58, 7566784
1664144952, 0, 803, 2431, 2407, 188, 18.40%, 0, 0, 3, 254.62, 7573343
1664145910, 0, 803, 2432, 2408, 188, 18.40%, 0, 0, 3, 252.92, 7820121
1664146064, 0, 803, 2433, 2409, 188, 18.40%, 0, 0, 3, 321.96, 7859925
1664146069, 0, 813, 2433, 2408, 188, 18.40%, 0, 0, 3, 350.35, 7861701
1664146629, 0, 819, 2433, 2407, 187, 18.40%, 0, 0, 3, 324.75, 8076464
1664147676, 0, 829, 2433, 2406, 186, 18.40%, 0, 0, 3, 322.84, 8373540
1664148614, 0, 829, 2436, 2409, 186, 18.40%, 0, 0, 3, 345.81, 8652474
1664148634, 0, 917, 2436, 2408, 185, 18.40%, 0, 0, 3, 340.48, 8659352
1664149584, 0, 967, 2436, 2407, 184, 18.40%, 0, 0, 3, 306.56, 8943381
1664150581, 0, 970, 2436, 2406, 184, 18.40%, 0, 0, 3, 335.17, 9232081
1664151286, 0, 972, 2436, 2405, 183, 18.40%, 0, 0, 3, 395.30, 9462239
1664151643, 0, 972, 2437, 2406, 183, 18.40%, 0, 0, 3, 422.58, 9612353
1664151648, 0, 987, 2437, 2405, 181, 18.40%, 0, 0, 3, 412.07, 9614465
1664151823, 0, 987, 2438, 2406, 181, 18.40%, 0, 0, 3, 401.72, 9685153
1664152090, 0, 1002, 2438, 2405, 181, 18.40%, 0, 0, 3, 404.67, 9792141
1664152468, 0, 1009, 2438, 2404, 180, 18.40%, 0, 0, 3, 399.21, 9946201
1664152864, 0, 1009, 2440, 2406, 180, 18.40%, 0, 0, 3, 401.03, 10103430
1664152869, 0, 1009, 2441, 2407, 180, 18.40%, 0, 0, 3, 401.66, 10105486
1664152880, 0, 1024, 2441, 2406, 181, 18.40%, 0, 0, 3, 400.97, 10109622
1664153275, 0, 1024, 2443, 2408, 181, 18.40%, 0, 0, 3, 400.86, 10266848
1664153280, 0, 1031, 2443, 2407, 180, 18.40%, 0, 0, 3, 359.95, 10268720
1664153500, 0, 1031, 2444, 2408, 180, 18.40%, 0, 0, 3, 321.39, 10338951
1664154145, 0, 1031, 2445, 2409, 180, 18.40%, 0, 0, 3, 360.39, 10545799
1664154150, 0, 1042, 2445, 2408, 179, 18.40%, 0, 0, 3, 288.82, 10547168
1664155249, 0, 1043, 2445, 2407, 178, 18.40%, 0, 0, 3, 356.89, 10830125
1664155747, 0, 1053, 2446, 2407, 177, 18.40%, 0, 0, 3, 390.24, 11025592
1664156257, 0, 1064, 2446, 2406, 176, 18.40%, 0, 0, 3, 350.81, 11218176
1664157335, 0, 1064, 2449, 2409, 176, 18.40%, 0, 0, 3, 322.79, 11499442
1664157340, 0, 1064, 2451, 2411, 176, 18.40%, 0, 0, 3, 316.41, 11501090
1664157355, 0, 1064, 2452, 2412, 176, 18.40%, 0, 0, 3, 318.25, 11505856
1664157375, 0, 1064, 2453, 2413, 176, 18.40%, 0, 0, 3, 316.37, 11512206
1664157381, 0, 1064, 2456, 2416, 176, 18.40%, 0, 0, 3, 318.66, 11513850
1664157386, 0, 1064, 2457, 2417, 176, 18.40%, 0, 0, 3, 317.35, 11515442
1664157396, 0, 1064, 2458, 2418, 176, 18.40%, 0, 0, 3, 317.77, 11518624
1664157411, 0, 1064, 2459, 2419, 176, 18.40%, 0, 0, 3, 315.85, 11523408
1664157416, 0, 1064, 2460, 2420, 176, 18.40%, 0, 0, 3, 314.11, 11525036
1664157421, 0, 1064, 2462, 2422, 176, 18.40%, 0, 0, 3, 315.28, 11526618
1664157426, 0, 1064, 2464, 2424, 176, 18.40%, 0, 0, 3, 315.63, 11528260
1664157431, 0, 1064, 2465, 2425, 176, 18.40%, 0, 0, 3, 316.26, 11529846
1664157436, 0, 1073, 2465, 2424, 175, 18.40%, 0, 0, 3, 302.00, 11531384
1664157756, 0, 1073, 2466, 2425, 175, 18.40%, 0, 0, 3, 265.39, 11617238
1664158405, 0, 1093, 2466, 2424, 175, 18.40%, 0, 0, 3, 373.14, 11793351
1664158446, 0, 1093, 2467, 2425, 175, 18.41%, 0, 0, 3, 403.26, 11809956
1664158786, 0, 1111, 2467, 2424, 175, 18.41%, 0, 0, 3, 340.69, 11946808
1664159529, 0, 1143, 2467, 2423, 174, 18.41%, 0, 0, 3, 332.62, 12179965
1664160345, 0, 1155, 2467, 2422, 173, 18.41%, 0, 0, 3, 373.90, 12433442
1664160895, 0, 1188, 2467, 2421, 172, 18.41%, 0, 0, 3, 341.43, 12643854
1664160947, 0, 1188, 2468, 2422, 172, 18.41%, 0, 0, 3, 290.12, 12658985
1664161096, 0, 1188, 2469, 2423, 172, 18.41%, 0, 0, 3, 290.80, 12702870
1664161561, 0, 1188, 2470, 2424, 172, 18.41%, 0, 0, 3, 293.28, 12839473
1664161710, 0, 1188, 2471, 2425, 172, 18.41%, 0, 0, 3, 340.85, 12883467
1664161716, 0, 1204, 2471, 2424, 173, 18.41%, 0, 0, 3, 349.01, 12885262
1664162311, 0, 1218, 2471, 2423, 172, 18.41%, 0, 0, 3, 388.96, 13096323
1664162757, 0, 1219, 2471, 2422, 171, 18.41%, 0, 0, 3, 372.66, 13273597
1664163486, 0, 1219, 2472, 2423, 171, 18.41%, 0, 0, 3, 351.97, 13499673
1664163491, 0, 1232, 2472, 2422, 170, 18.41%, 0, 0, 3, 335.75, 13501358
1664164437, 0, 1236, 2473, 2422, 169, 18.41%, 0, 0, 3, 305.56, 13778837
1664165568, 0, 1236, 2474, 2423, 169, 18.41%, 0, 0, 3, 318.81, 14072055
1664165573, 0, 1236, 2475, 2424, 169, 18.41%, 0, 0, 3, 312.65, 14073623
1664165578, 0, 1254, 2475, 2423, 169, 18.41%, 0, 0, 3, 322.50, 14075235
1664165593, 0, 1254, 2477, 2425, 169, 18.41%, 0, 0, 3, 368.26, 14080792
1664166135, 0, 1257, 2477, 2424, 169, 18.41%, 0, 0, 3, 309.39, 14280638
1664167182, 0, 1269, 2477, 2423, 168, 18.41%, 0, 0, 3, 371.31, 14565006
1664167539, 0, 1270, 2477, 2422, 167, 18.41%, 0, 0, 3, 391.19, 14706063
1664168648, 0, 1277, 2477, 2421, 166, 18.41%, 0, 0, 3, 345.86, 15000603
1664169126, 0, 1279, 2477, 2420, 165, 18.41%, 0, 0, 3, 384.94, 15184006
1664169692, 0, 1280, 2477, 2419, 164, 18.41%, 0, 0, 3, 384.52, 15397917
1664170129, 0, 1286, 2477, 2418, 163, 18.41%, 0, 0, 3, 371.36, 15566227
1664170962, 0, 1287, 2477, 2417, 162, 18.41%, 0, 0, 3, 380.04, 15846577
1664171069, 0, 1287, 2478, 2418, 162, 18.41%, 0, 0, 3, 394.45, 15888907
1664171395, 0, 1287, 2480, 2420, 162, 18.41%, 0, 0, 3, 398.57, 16017925
1664171400, 0, 1288, 2480, 2419, 161, 18.41%, 0, 0, 3, 400.06, 16019940
1664171810, 0, 1302, 2480, 2418, 160, 18.41%, 0, 0, 3, 401.84, 16183371
1664172233, 0, 1310, 2480, 2417, 159, 18.41%, 0, 0, 3, 398.13, 16348311
1664172644, 0, 1313, 2480, 2416, 158, 18.41%, 0, 0, 3, 349.09, 16512700
1664172736, 0, 1313, 2481, 2417, 158, 18.41%, 0, 0, 3, 274.88, 16538016
1664173700, 0, 1313, 2483, 2419, 158, 18.41%, 0, 0, 3, 329.54, 16805131
1664173705, 0, 1313, 2484, 2420, 158, 18.41%, 0, 0, 3, 322.95, 16806789
1664173710, 0, 1313, 2486, 2422, 158, 18.41%, 0, 0, 3, 321.80, 16808449
1664173715, 0, 1313, 2489, 2425, 158, 18.43%, 0, 0, 3, 319.60, 16810105
1664173721, 0, 1313, 2490, 2426, 158, 18.43%, 0, 0, 3, 318.67, 16811757
1664173726, 0, 1313, 2491, 2427, 158, 18.43%, 0, 0, 3, 317.46, 16813343
1664173736, 0, 1313, 2492, 2428, 158, 18.43%, 0, 0, 3, 317.43, 16816591
1664173746, 0, 1313, 2494, 2430, 158, 18.43%, 0, 0, 3, 317.31, 16819835
1664173767, 0, 1313, 2496, 2432, 158, 18.43%, 0, 0, 3, 317.25, 16826319
1664173772, 0, 1313, 2498, 2434, 158, 18.43%, 0, 0, 3, 314.22, 16827955
1664173782, 0, 1313, 2499, 2435, 158, 18.43%, 0, 0, 3, 317.46, 16831185
1664173792, 0, 1313, 2500, 2436, 158, 18.43%, 0, 0, 3, 316.60, 16834481
1664173802, 0, 1334, 2500, 2435, 158, 18.43%, 0, 0, 3, 340.49, 16837813
1664174193, 0, 1335, 2500, 2434, 157, 18.43%, 0, 0, 3, 385.05, 16993012
1664174702, 0, 1336, 2500, 2433, 156, 18.43%, 0, 0, 3, 388.89, 17183908
1664175264, 0, 1345, 2500, 2432, 155, 18.43%, 0, 0, 3, 312.76, 17402793
1664176273, 0, 1359, 2500, 2431, 154, 18.43%, 0, 0, 3, 367.00, 17691735
1664176701, 0, 1367, 2501, 2431, 153, 18.43%, 0, 0, 3, 368.94, 17860980
1664177239, 0, 1387, 2502, 2431, 153, 18.43%, 0, 0, 3, 367.95, 18054266
1664177781, 0, 1390, 2502, 2430, 152, 18.43%, 0, 0, 3, 383.84, 18239443
1664178236, 0, 1405, 2502, 2429, 151, 18.43%, 0, 0, 3, 392.38, 18418820
1664178251, 0, 1405, 2504, 2431, 151, 18.43%, 0, 0, 3, 385.90, 18424646
1664178389, 0, 1405, 2505, 2432, 151, 18.43%, 0, 0, 3, 386.37, 18477665
1664178744, 0, 1405, 2506, 2433, 151, 18.43%, 0, 0, 3, 389.84, 18614793
1664178749, 0, 1405, 2508, 2435, 151, 18.43%, 0, 0, 3, 391.08, 18616804
1664178759, 0, 1405, 2509, 2436, 151, 18.43%, 0, 0, 3, 390.57, 18620830
1664178785, 0, 1427, 2509, 2435, 150, 18.43%, 0, 0, 3, 322.51, 18630603
1664178847, 0, 1427, 2510, 2436, 150, 18.43%, 0, 0, 3, 231.77, 18645096
1664178990, 0, 1427, 2511, 2437, 150, 18.43%, 0, 0, 3, 233.21, 18679029
1664179877, 0, 1427, 2512, 2438, 150, 18.43%, 0, 0, 3, 239.64, 18887552
1664180003, 0, 1427, 2516, 2442, 150, 18.43%, 0, 0, 3, 306.37, 18917862
1664180008, 0, 1427, 2517, 2443, 150, 18.43%, 0, 0, 3, 303.48, 18919400
1664180014, 0, 1427, 2519, 2445, 150, 18.43%, 0, 0, 3, 304.87, 18920952
1664180024, 0, 1427, 2520, 2446, 150, 18.43%, 0, 0, 3, 302.91, 18924056
1664180039, 0, 1427, 2521, 2447, 150, 18.43%, 0, 0, 3, 302.05, 18928642
1664180044, 0, 1427, 2522, 2448, 150, 18.43%, 0, 0, 3, 303.31, 18930156
1664180054, 0, 1427, 2523, 2449, 150, 18.43%, 0, 0, 3, 303.18, 18933218
1664180074, 0, 1427, 2524, 2450, 150, 18.43%, 0, 0, 3, 299.37, 18939308
1664180085, 0, 1427, 2526, 2452, 150, 18.43%, 0, 0, 3, 300.73, 18942374
1664180090, 0, 1427, 2527, 2453, 150, 18.43%, 0, 0, 3, 301.66, 18943882
1664180095, 0, 1427, 2530, 2456, 150, 18.43%, 0, 0, 3, 300.15, 18945441
1664180105, 0, 1427, 2531, 2457, 150, 18.43%, 0, 0, 3, 300.77, 18948480
1664180110, 0, 1454, 2531, 2456, 151, 18.43%, 0, 0, 3, 295.41, 18949961
1664181162, 0, 1467, 2531, 2455, 150, 18.43%, 0, 0, 3, 394.19, 19251129
1664181462, 0, 1470, 2531, 2454, 149, 18.43%, 0, 0, 3, 355.03, 19378361
1664181467, 0, 1470, 2532, 2455, 149, 18.43%, 0, 0, 3, 302.94, 19379885
1664182276, 0, 1470, 2533, 2456, 149, 18.43%, 0, 0, 3, 338.55, 19615339
1664182281, 0, 1507, 2533, 2455, 148, 18.43%, 0, 0, 3, 376.34, 19617271
1664182746, 0, 1512, 2533, 2454, 147, 18.43%, 0, 0, 3, 358.76, 19804949
1664183403, 0, 1537, 2533, 2453, 147, 18.43%, 0, 0, 3, 326.81, 20014322
1664184593, 0, 1550, 2533, 2452, 146, 18.43%, 0, 0, 3, 369.95, 20315371
1664185018, 0, 1551, 2533, 2451, 145, 18.43%, 0, 0, 3, 357.05, 20486342
1664185023, 0, 1551, 2534, 2452, 145, 18.43%, 0, 0, 3, 294.05, 20487761
1664186096, 0, 1552, 2534, 2451, 145, 18.43%, 0, 0, 3, 307.45, 20780596
1664186993, 0, 1573, 2534, 2450, 144, 18.43%, 0, 0, 3, 343.47, 21042048
1664187014, 0, 1573, 2535, 2451, 144, 18.43%, 0, 0, 3, 348.02, 21049255
1664187045, 0, 1573, 2537, 2453, 144, 18.44%, 0, 0, 3, 348.10, 21060061
1664187195, 0, 1573, 2538, 2454, 144, 18.44%, 0, 0, 3, 347.42, 21112265
1664187628, 0, 1573, 2540, 2456, 144, 18.44%, 0, 0, 3, 369.39, 21263722
1664187639, 0, 1586, 2540, 2455, 146, 18.44%, 0, 0, 3, 373.74, 21267504
1664188155, 0, 1590, 2540, 2454, 145, 18.44%, 0, 0, 3, 391.28, 21460075
1664188643, 0, 1593, 2540, 2453, 144, 18.44%, 0, 0, 3, 338.28, 21651274
1664188865, 0, 1593, 2541, 2454, 144, 18.44%, 0, 0, 3, 288.62, 21715552
1664189686, 0, 1598, 2541, 2453, 144, 18.44%, 0, 0, 3, 344.20, 21951821
1664190144, 0, 1599, 2541, 2452, 143, 18.44%, 0, 0, 3, 306.77, 22132722
1664191266, 0, 1601, 2541, 2451, 142, 18.44%, 0, 0, 3, 284.47, 22423382
1664192369, 0, 1604, 2541, 2450, 141, 18.44%, 0, 0, 3, 298.04, 22709003
1664192374, 0, 1604, 2542, 2451, 141, 18.44%, 0, 0, 3, 281.14, 22710411
1664192450, 0, 1604, 2543, 2452, 141, 18.44%, 0, 0, 3, 276.93, 22731603
1664192532, 0, 1604, 2544, 2453, 141, 18.44%, 0, 0, 3, 274.01, 22754214
1664193398, 0, 1607, 2544, 2452, 141, 18.44%, 0, 0, 3, 301.56, 22994601
1664193549, 0, 1607, 2545, 2453, 141, 18.44%, 0, 0, 3, 287.43, 23038327
1664194396, 0, 1607, 2546, 2454, 141, 18.44%, 0, 0, 3, 334.65, 23283596
1664194402, 0, 1608, 2546, 2453, 141, 18.44%, 0, 0, 3, 318.02, 23285210
1664195235, 0, 1617, 2546, 2452, 140, 18.44%, 0, 0, 3, 341.23, 23544471
1664196302, 0, 1617, 2547, 2453, 140, 18.44%, 0, 0, 3, 328.68, 23852411
1664196308, 0, 1619, 2547, 2452, 139, 18.44%, 0, 0, 3, 390.42, 23854514
1664196333, 0, 1619, 2548, 2453, 139, 18.44%, 0, 0, 3, 406.02, 23864999
1664196686, 0, 1625, 2548, 2452, 139, 18.44%, 0, 0, 3, 356.44, 24008269
1664197380, 0, 1629, 2548, 2451, 138, 18.44%, 0, 0, 3, 342.84, 24227367
1664198354, 0, 1630, 2548, 2450, 137, 18.44%, 0, 0, 3, 334.25, 24506578
1664198721, 0, 1630, 2549, 2451, 137, 18.44%, 0, 0, 3, 324.49, 24626180
1664199144, 0, 1630, 2550, 2452, 137, 18.44%, 0, 0, 3, 365.44, 24764330
1664199149, 0, 1637, 2550, 2451, 136, 18.44%, 0, 0, 3, 354.20, 24766140
1664199154, 0, 1637, 2551, 2452, 136, 18.44%, 0, 0, 3, 317.93, 24767725
1664199948, 0, 1641, 2551, 2451, 136, 18.44%, 0, 0, 3, 381.75, 25010765
1664200435, 0, 1649, 2551, 2450, 135, 18.44%, 0, 0, 3, 396.93, 25202223
1664200888, 0, 1650, 2551, 2449, 134, 18.44%, 0, 0, 3, 352.81, 25381406
1664201530, 0, 1650, 2556, 2454, 134, 18.44%, 0, 0, 3, 375.90, 25600933
1664201545, 0, 1650, 2557, 2455, 134, 18.44%, 0, 0, 3, 375.42, 25606716
1664201561, 0, 1650, 2559, 2457, 134, 18.44%, 0, 0, 3, 372.89, 25612493
1664201576, 0, 1650, 2560, 2458, 134, 18.44%, 0, 0, 3, 374.24, 25618269
1664201592, 0, 1650, 2562, 2460, 134, 18.44%, 0, 0, 3, 372.66, 25624046
1664201602, 0, 1650, 2563, 2461, 134, 18.44%, 0, 0, 3, 373.68, 25627904
1664201617, 0, 1662, 2563, 2460, 138, 18.44%, 0, 0, 3, 341.48, 25633439
1664201719, 0, 1662, 2564, 2461, 138, 18.44%, 0, 0, 3, 351.28, 25666846
1664202430, 0, 1662, 2565, 2462, 138, 18.45%, 0, 0, 3, 350.07, 25899679
1664202440, 0, 1667, 2565, 2461, 138, 18.45%, 0, 0, 3, 366.23, 25903343
1664202986, 0, 1670, 2565, 2460, 137, 18.45%, 0, 0, 3, 281.37, 26103501
1664204283, 0, 1678, 2565, 2459, 137, 18.45%, 0, 0, 3, 256.11, 26399479
