# unix_time, cycles_done, cur_path, paths_total, pending_total, pending_favs, map_size, unique_crashes, unique_hangs, max_depth, execs_per_sec
1632247002, 0, 0, 1, 1, 1, 4.28%, 0, 0, 1, 42.55
1632247007, 0, 0, 11, 11, 1, 4.55%, 0, 0, 2, 48.39
1632247012, 0, 0, 19, 19, 1, 4.57%, 0, 0, 2, 49.37
1632247017, 0, 0, 20, 20, 1, 4.61%, 0, 0, 2, 49.90
1632247022, 0, 0, 22, 22, 1, 4.61%, 0, 0, 2, 51.94
1632247028, 0, 0, 23, 23, 1, 4.61%, 0, 0, 2, 76.39
1632247033, 0, 0, 25, 25, 1, 4.61%, 0, 0, 2, 88.80
1632247038, 0, 0, 26, 26, 1, 4.61%, 0, 0, 2, 94.83
1632247043, 0, 0, 27, 27, 1, 4.61%, 0, 0, 2, 68.01
1632247063, 0, 0, 29, 29, 1, 4.62%, 0, 0, 2, 56.86
1632247068, 0, 0, 34, 34, 1, 4.62%, 0, 0, 2, 56.72
1632247099, 0, 0, 35, 35, 1, 4.62%, 0, 0, 2, 56.36
1632247180, 0, 0, 36, 36, 1, 4.62%, 0, 0, 2, 58.86
1632247190, 0, 0, 37, 37, 1, 4.62%, 0, 0, 2, 59.83
1632247231, 0, 0, 40, 40, 1, 4.62%, 0, 0, 2, 58.46
1632247236, 0, 0, 43, 43, 1, 4.63%, 0, 0, 2, 57.98
1632247241, 0, 0, 44, 44, 1, 4.63%, 0, 0, 2, 57.99
1632247246, 0, 0, 45, 45, 1, 4.63%, 0, 0, 2, 58.49
1632247251, 0, 0, 46, 46, 1, 4.63%, 0, 0, 2, 54.57
1632247308, 0, 0, 48, 48, 1, 4.63%, 0, 0, 2, 55.30
1632247313, 0, 0, 49, 49, 1, 4.63%, 0, 0, 2, 54.98
1632247323, 0, 0, 50, 50, 1, 4.63%, 0, 0, 2, 56.72
1632247354, 0, 15, 50, 49, 15, 4.63%, 0, 0, 2, 58.25
1632247613, 0, 15, 51, 50, 15, 4.73%, 0, 0, 3, 52.70
1632247619, 0, 19, 51, 49, 14, 4.73%, 0, 0, 3, 53.76
1632247639, 0, 19, 52, 50, 14, 4.73%, 0, 0, 3, 54.44
1632247757, 0, 21, 52, 49, 14, 4.73%, 0, 0, 3, 48.36
1632248023, 0, 21, 53, 50, 14, 4.73%, 0, 0, 3, 54.46
1632248033, 0, 23, 53, 49, 14, 4.73%, 0, 0, 3, 43.08
1632248304, 0, 24, 53, 48, 13, 4.73%, 0, 0, 3, 53.11
1632248309, 0, 24, 54, 49, 13, 4.73%, 0, 0, 3, 54.25
1632248329, 0, 24, 55, 50, 13, 4.73%, 0, 0, 3, 53.64
1632248579, 0, 25, 55, 49, 12, 4.73%, 0, 0, 3, 51.51
1632248849, 0, 26, 56, 49, 11, 4.74%, 0, 0, 3, 53.29
1632249099, 0, 26, 57, 50, 11, 6.87%, 0, 0, 3, 52.43
1632249109, 0, 27, 57, 49, 12, 6.87%, 0, 0, 3, 53.04
1632249369, 0, 33, 57, 48, 11, 6.87%, 0, 0, 3, 52.34
1632249649, 0, 39, 57, 47, 10, 6.87%, 0, 0, 3, 47.23
1632249659, 0, 45, 57, 46, 9, 6.87%, 0, 0, 3, 44.79
1632249685, 0, 46, 57, 45, 8, 6.87%, 0, 0, 3, 44.61
1632249716, 0, 48, 57, 44, 7, 6.87%, 0, 0, 3, 45.41
1632250005, 0, 49, 57, 43, 6, 6.87%, 0, 0, 3, 47.19
1632250320, 0, 50, 58, 43, 5, 6.87%, 0, 0, 4, 48.77
1632250331, 0, 50, 59, 44, 5, 6.87%, 0, 0, 4, 47.57
1632250336, 0, 50, 62, 47, 5, 6.90%, 0, 0, 4, 47.34
1632250341, 0, 50, 64, 49, 5, 6.90%, 0, 0, 4, 34.13
1632250346, 0, 50, 66, 51, 5, 6.90%, 0, 0, 4, 38.85
1632250361, 0, 50, 67, 52, 5, 6.90%, 0, 0, 4, 46.83
1632250397, 0, 50, 68, 53, 5, 7.01%, 0, 0, 4, 47.18
1632250402, 0, 50, 69, 54, 5, 7.01%, 0, 0, 4, 38.64
1632250448, 0, 50, 70, 55, 5, 7.07%, 0, 0, 4, 45.70
1632250474, 0, 50, 72, 57, 5, 7.09%, 0, 0, 4, 40.28
1632250489, 0, 51, 73, 57, 13, 7.13%, 0, 0, 4, 49.15
1632250509, 0, 51, 74, 58, 13, 7.16%, 0, 0, 4, 48.73
1632250633, 0, 52, 74, 57, 14, 7.16%, 0, 0, 4, 52.84
1632250972, 0, 55, 74, 56, 13, 7.16%, 0, 0, 4, 49.55
1632251245, 0, 56, 74, 55, 12, 7.16%, 0, 0, 4, 51.87
1632251250, 0, 56, 75, 56, 12, 7.20%, 0, 0, 4, 52.69
1632251275, 0, 56, 77, 58, 12, 7.22%, 0, 0, 4, 51.36
1632251291, 0, 56, 78, 59, 12, 7.22%, 0, 0, 4, 51.01
1632251296, 0, 56, 79, 60, 12, 7.23%, 0, 0, 4, 51.11
1632251306, 0, 56, 80, 61, 12, 7.23%, 0, 0, 4, 51.25
1632251311, 0, 56, 81, 62, 12, 7.24%, 0, 0, 4, 50.92
1632251398, 0, 56, 82, 63, 12, 7.24%, 0, 0, 4, 51.49
1632251403, 0, 61, 82, 62, 18, 7.24%, 0, 0, 4, 50.50
1632251434, 0, 61, 83, 63, 18, 7.24%, 0, 0, 5, 50.73
1632251516, 0, 61, 84, 64, 18, 7.25%, 0, 0, 5, 50.52
1632251521, 0, 61, 85, 65, 18, 7.25%, 0, 0, 5, 48.76
1632251532, 0, 61, 86, 66, 18, 7.26%, 0, 0, 5, 47.98
1632251552, 0, 61, 88, 68, 18, 7.26%, 0, 0, 5, 48.40
1632251583, 0, 61, 89, 69, 18, 7.26%, 0, 0, 5, 48.21
1632251655, 0, 64, 89, 68, 23, 7.26%, 0, 0, 5, 49.24
1632251742, 0, 66, 89, 67, 22, 7.26%, 0, 0, 5, 46.99
1632251752, 0, 67, 90, 67, 21, 7.27%, 0, 0, 5, 47.58
1632251758, 0, 67, 97, 74, 21, 7.28%, 0, 0, 5, 49.82
1632251763, 0, 67, 98, 75, 21, 7.28%, 0, 0, 5, 50.62
1632251773, 0, 67, 100, 77, 21, 7.28%, 0, 0, 5, 48.98
1632251778, 0, 67, 101, 78, 21, 7.29%, 0, 0, 5, 50.44
1632251783, 0, 67, 102, 79, 21, 7.29%, 0, 0, 5, 50.31
1632251788, 0, 67, 103, 80, 21, 7.29%, 0, 0, 5, 50.69
1632251794, 0, 67, 104, 81, 21, 7.29%, 0, 0, 5, 47.31
1632251804, 0, 67, 105, 82, 21, 7.29%, 0, 0, 5, 50.50
1632251809, 0, 67, 106, 83, 21, 7.29%, 0, 0, 5, 50.40
1632251876, 0, 67, 109, 86, 21, 7.29%, 0, 0, 5, 50.38
1632251881, 0, 67, 121, 98, 21, 7.29%, 0, 0, 5, 49.08
1632251886, 0, 67, 127, 104, 21, 7.30%, 0, 0, 5, 44.38
1632251891, 0, 67, 130, 107, 21, 7.30%, 0, 0, 5, 46.97
1632251896, 0, 67, 132, 109, 21, 7.30%, 0, 0, 5, 47.93
1632251906, 0, 67, 136, 113, 21, 7.30%, 0, 0, 5, 47.82
1632251911, 0, 67, 138, 115, 21, 7.30%, 0, 0, 5, 47.33
1632251916, 0, 67, 141, 118, 21, 7.35%, 0, 0, 5, 47.31
1632251922, 0, 67, 143, 120, 21, 7.35%, 0, 0, 5, 47.92
1632251927, 0, 67, 144, 121, 21, 7.35%, 0, 0, 5, 47.53
1632251932, 0, 67, 147, 124, 21, 7.35%, 0, 0, 5, 47.47
1632251937, 0, 67, 151, 128, 21, 7.35%, 0, 0, 5, 47.30
1632251942, 0, 67, 152, 129, 21, 7.35%, 0, 0, 5, 47.27
1632251947, 0, 67, 153, 130, 21, 7.35%, 0, 0, 5, 47.00
1632251952, 0, 67, 154, 131, 21, 7.35%, 0, 0, 5, 48.20
1632251957, 0, 67, 156, 133, 21, 7.36%, 0, 0, 5, 47.16
1632251967, 0, 67, 158, 135, 21, 7.36%, 0, 0, 5, 47.15
1632251972, 0, 67, 160, 137, 21, 7.36%, 0, 0, 5, 47.40
1632251983, 0, 67, 161, 138, 21, 7.36%, 0, 0, 5, 47.60
1632251988, 0, 67, 162, 139, 21, 7.36%, 0, 0, 5, 47.36
1632251993, 0, 67, 163, 140, 21, 7.36%, 0, 0, 5, 47.29
1632251998, 0, 67, 164, 141, 21, 7.36%, 0, 0, 5, 47.74
1632252028, 0, 68, 164, 140, 40, 7.36%, 0, 0, 5, 48.39
1632252084, 0, 69, 164, 139, 39, 7.36%, 0, 0, 5, 46.59
1632252095, 0, 69, 165, 140, 39, 7.37%, 0, 0, 5, 49.01
1632252100, 0, 69, 166, 141, 39, 7.38%, 0, 0, 5, 49.46
1632252115, 0, 69, 168, 143, 39, 7.38%, 0, 0, 5, 48.44
1632252120, 0, 69, 171, 146, 39, 7.38%, 0, 0, 5, 47.02
1632252136, 0, 69, 172, 147, 39, 7.38%, 0, 0, 5, 46.51
1632252146, 0, 69, 174, 149, 39, 7.39%, 0, 0, 5, 46.11
1632252203, 0, 69, 175, 150, 39, 7.39%, 0, 0, 5, 45.17
1632252219, 0, 69, 176, 151, 39, 7.39%, 0, 0, 5, 46.39
1632252260, 0, 71, 176, 150, 45, 7.39%, 0, 0, 5, 46.30
1632252276, 0, 72, 176, 149, 44, 7.39%, 0, 0, 5, 46.69
1632252424, 0, 73, 176, 148, 43, 7.39%, 0, 0, 5, 48.98
1632252429, 0, 73, 177, 149, 43, 7.40%, 0, 0, 5, 49.09
1632252515, 0, 73, 179, 151, 43, 7.40%, 0, 0, 5, 49.35
1632252541, 0, 73, 180, 152, 43, 7.40%, 0, 0, 5, 47.75
1632252551, 0, 73, 181, 153, 43, 7.40%, 0, 0, 5, 49.61
1632252566, 0, 73, 185, 157, 43, 7.41%, 0, 0, 5, 47.55
1632252571, 0, 73, 186, 158, 43, 7.41%, 0, 0, 5, 47.05
1632252592, 0, 73, 187, 159, 43, 7.41%, 0, 0, 5, 47.05
1632252597, 0, 73, 188, 160, 43, 7.42%, 0, 0, 5, 47.23
1632252704, 0, 74, 188, 159, 50, 7.42%, 0, 0, 5, 47.02
1632252740, 0, 74, 191, 162, 50, 7.46%, 0, 0, 5, 47.11
1632252745, 0, 74, 192, 163, 50, 7.46%, 0, 0, 5, 46.78
1632252750, 0, 74, 193, 164, 50, 7.46%, 0, 0, 5, 46.36
1632252879, 0, 75, 193, 163, 53, 7.46%, 0, 0, 5, 54.88
1632253007, 0, 76, 194, 163, 52, 7.47%, 0, 0, 5, 55.10
1632253078, 0, 78, 194, 162, 52, 7.47%, 0, 0, 5, 46.23
1632253089, 0, 81, 195, 162, 51, 7.47%, 0, 0, 5, 47.06
1632253099, 0, 81, 196, 163, 51, 7.47%, 0, 0, 5, 48.92
1632253129, 0, 82, 196, 162, 52, 7.47%, 0, 0, 5, 46.63
1632253257, 0, 83, 196, 161, 51, 7.47%, 0, 0, 5, 46.74
1632253293, 0, 83, 197, 162, 51, 7.48%, 0, 0, 6, 49.62
1632253390, 0, 83, 198, 163, 51, 7.49%, 0, 0, 6, 49.17
1632253426, 0, 84, 198, 162, 52, 7.49%, 0, 0, 6, 48.36
1632253533, 0, 86, 198, 161, 51, 7.49%, 0, 0, 6, 48.29
1632253610, 0, 87, 198, 160, 50, 7.49%, 0, 0, 6, 46.68
1632253793, 0, 97, 198, 159, 49, 7.49%, 0, 0, 6, 48.73
1632253813, 0, 97, 200, 161, 49, 7.50%, 0, 0, 6, 51.30
1632253910, 0, 97, 201, 162, 49, 7.64%, 0, 0, 6, 48.57
1632253915, 0, 97, 205, 166, 49, 7.65%, 0, 0, 6, 47.38
1632253920, 0, 97, 208, 169, 49, 7.65%, 0, 0, 6, 47.21
1632253930, 0, 97, 210, 171, 49, 7.65%, 0, 0, 6, 47.09
1632253940, 0, 97, 212, 173, 49, 7.65%, 0, 0, 6, 47.67
1632253956, 0, 97, 214, 175, 49, 7.65%, 0, 0, 6, 47.54
1632253961, 0, 97, 215, 176, 49, 7.66%, 0, 0, 6, 47.22
1632253966, 0, 97, 218, 179, 49, 7.66%, 0, 0, 6, 46.78
1632253971, 0, 97, 219, 180, 49, 7.69%, 0, 0, 6, 46.75
1632253976, 0, 97, 221, 182, 49, 7.75%, 0, 0, 6, 47.09
1632253986, 0, 97, 222, 183, 49, 7.76%, 0, 0, 6, 47.26
1632253992, 0, 97, 223, 184, 49, 7.76%, 0, 0, 6, 47.19
1632253997, 0, 97, 224, 185, 49, 7.76%, 0, 0, 6, 43.72
1632254002, 0, 97, 225, 186, 49, 7.76%, 0, 0, 6, 46.01
1632254007, 0, 97, 226, 187, 49, 7.76%, 0, 0, 6, 46.76
1632254027, 0, 97, 227, 188, 49, 7.76%, 0, 0, 6, 47.10
1632254038, 0, 97, 228, 189, 49, 7.76%, 0, 0, 6, 47.05
1632254043, 0, 97, 229, 190, 49, 7.76%, 0, 0, 6, 47.76
1632254048, 0, 97, 230, 191, 49, 7.76%, 0, 0, 6, 47.22
1632254053, 0, 99, 231, 191, 60, 7.76%, 0, 0, 6, 47.60
1632254165, 0, 99, 232, 192, 60, 7.77%, 0, 0, 6, 48.96
1632254181, 0, 99, 233, 193, 60, 7.93%, 0, 0, 6, 46.47
1632254186, 0, 99, 234, 194, 60, 7.93%, 0, 0, 6, 44.29
1632254191, 0, 99, 236, 196, 60, 7.93%, 0, 0, 6, 45.42
1632254237, 0, 99, 237, 197, 60, 7.93%, 0, 0, 6, 46.51
1632254253, 0, 99, 238, 198, 60, 7.93%, 0, 0, 6, 47.07
1632254278, 0, 99, 239, 199, 60, 7.93%, 0, 0, 6, 46.94
1632254288, 0, 99, 240, 200, 60, 8.02%, 0, 0, 6, 47.15
1632254294, 0, 99, 241, 201, 60, 8.02%, 0, 0, 6, 46.77
1632254299, 0, 99, 242, 202, 60, 8.02%, 0, 0, 6, 46.61
1632254314, 0, 102, 242, 201, 61, 8.02%, 0, 0, 6, 61.11
1632254329, 0, 102, 243, 202, 61, 8.02%, 0, 0, 6, 49.13
1632254350, 0, 102, 244, 203, 61, 8.02%, 0, 0, 6, 49.46
1632254437, 0, 102, 245, 204, 61, 8.02%, 0, 0, 6, 47.88
1632254447, 0, 102, 246, 205, 61, 8.02%, 0, 0, 6, 46.66
1632254452, 0, 102, 247, 206, 61, 8.02%, 0, 0, 6, 46.75
1632254468, 0, 102, 248, 207, 61, 8.02%, 0, 0, 6, 46.90
1632254483, 0, 102, 249, 208, 61, 8.02%, 0, 0, 6, 46.75
1632254493, 0, 102, 250, 209, 61, 8.03%, 0, 0, 6, 46.65
1632254498, 0, 102, 251, 210, 61, 8.03%, 0, 0, 6, 46.69
1632254504, 0, 102, 252, 211, 61, 8.03%, 0, 0, 6, 47.19
1632254509, 0, 102, 253, 212, 61, 8.03%, 0, 0, 6, 46.63
1632254514, 0, 102, 254, 213, 61, 8.03%, 0, 0, 6, 46.62
1632254519, 0, 102, 255, 214, 61, 8.03%, 0, 0, 6, 46.57
1632254581, 0, 105, 255, 213, 60, 8.03%, 0, 0, 6, 48.16
1632254713, 0, 105, 256, 214, 60, 8.03%, 0, 0, 6, 46.69
1632254723, 0, 106, 256, 213, 59, 8.03%, 0, 0, 6, 50.95
1632254840, 0, 106, 257, 214, 59, 8.08%, 0, 0, 6, 47.73
1632254856, 0, 107, 257, 213, 59, 8.08%, 0, 0, 6, 47.81
1632254988, 0, 122, 257, 212, 58, 8.08%, 0, 0, 6, 46.24
1632254999, 0, 129, 257, 211, 57, 8.08%, 0, 0, 6, 46.35
1632255029, 0, 129, 258, 212, 57, 8.08%, 0, 0, 6, 49.25
1632255126, 0, 129, 259, 213, 57, 8.08%, 0, 0, 6, 47.41
1632255141, 0, 130, 259, 212, 55, 8.08%, 0, 0, 6, 47.20
1632255146, 0, 130, 261, 214, 55, 8.08%, 0, 0, 6, 48.52
1632255167, 0, 138, 261, 213, 56, 8.08%, 0, 0, 6, 46.15
1632255172, 0, 138, 263, 215, 56, 8.09%, 0, 0, 6, 46.03
1632255182, 0, 138, 264, 216, 56, 8.10%, 0, 0, 6, 45.41
1632255213, 0, 138, 265, 217, 56, 8.10%, 0, 0, 6, 45.84
1632255314, 0, 139, 265, 216, 58, 8.10%, 0, 0, 6, 46.52
1632255350, 0, 150, 265, 215, 57, 8.10%, 0, 0, 6, 45.88
1632255370, 0, 156, 265, 214, 56, 8.10%, 0, 0, 6, 46.01
1632255391, 0, 157, 266, 214, 55, 8.10%, 0, 0, 6, 47.64
1632255406, 0, 157, 267, 215, 55, 8.10%, 0, 0, 6, 48.71
1632255416, 0, 157, 268, 216, 55, 8.10%, 0, 0, 6, 48.84
1632255427, 0, 157, 271, 219, 55, 8.10%, 0, 0, 6, 49.12
1632255437, 0, 157, 272, 220, 55, 8.10%, 0, 0, 6, 48.99
1632255498, 0, 157, 273, 221, 55, 8.10%, 0, 0, 6, 48.73
1632255503, 0, 157, 278, 226, 55, 8.13%, 0, 0, 6, 47.12
1632255519, 0, 157, 279, 227, 55, 8.20%, 0, 0, 6, 46.73
1632255534, 0, 157, 280, 228, 55, 8.20%, 0, 0, 6, 46.64
1632255550, 0, 157, 281, 229, 55, 8.20%, 0, 0, 6, 46.39
1632255576, 0, 157, 282, 230, 55, 8.20%, 0, 0, 6, 47.36
1632255617, 0, 157, 283, 231, 55, 8.20%, 0, 0, 6, 46.80
1632255622, 0, 157, 284, 232, 55, 8.20%, 0, 0, 6, 46.81
1632255637, 0, 157, 285, 233, 55, 8.20%, 0, 0, 6, 48.50
1632255642, 0, 164, 285, 232, 57, 8.20%, 0, 0, 6, 47.35
1632255658, 0, 164, 287, 234, 57, 8.20%, 0, 0, 6, 48.92
1632255673, 0, 164, 289, 236, 57, 8.21%, 0, 0, 6, 48.08
1632255678, 0, 164, 290, 237, 57, 8.21%, 0, 0, 6, 46.21
1632255709, 0, 165, 290, 236, 57, 8.21%, 0, 0, 6, 46.36
1632255750, 0, 166, 290, 235, 56, 8.21%, 0, 0, 6, 47.16
1632255760, 0, 166, 291, 236, 56, 8.21%, 0, 0, 6, 48.42
1632255790, 0, 167, 291, 235, 55, 8.21%, 0, 0, 6, 48.06
1632255908, 0, 168, 291, 234, 54, 8.21%, 0, 0, 6, 46.71
1632255944, 0, 169, 291, 233, 53, 8.21%, 0, 0, 6, 47.84
1632256082, 0, 171, 291, 232, 52, 8.21%, 0, 0, 6, 48.00
1632256159, 0, 172, 291, 231, 51, 8.21%, 0, 0, 6, 47.84
1632256210, 0, 173, 291, 230, 50, 8.21%, 0, 0, 6, 47.04
1632256251, 0, 174, 291, 229, 49, 8.21%, 0, 0, 6, 47.34
1632256261, 0, 174, 292, 230, 49, 8.21%, 0, 0, 6, 48.69
1632256287, 0, 174, 293, 231, 49, 8.21%, 0, 0, 6, 49.34
1632256364, 0, 174, 294, 232, 49, 8.21%, 0, 0, 6, 49.39
1632256384, 0, 177, 294, 231, 50, 8.21%, 0, 0, 6, 47.92
1632256503, 0, 177, 295, 232, 50, 8.21%, 0, 0, 6, 47.88
1632256534, 0, 179, 296, 232, 49, 8.21%, 0, 0, 6, 47.81
1632256683, 0, 181, 296, 231, 48, 8.21%, 0, 0, 6, 46.32
1632256894, 0, 181, 297, 232, 48, 8.22%, 0, 0, 6, 47.97
1632256904, 0, 181, 298, 233, 48, 8.22%, 0, 0, 6, 46.33
1632256925, 0, 182, 298, 232, 48, 8.22%, 0, 0, 6, 48.84
1632257028, 0, 184, 298, 231, 47, 8.22%, 0, 0, 6, 45.84
1632257121, 0, 185, 298, 230, 46, 8.22%, 0, 0, 6, 45.52
1632257126, 0, 185, 299, 231, 46, 8.22%, 0, 0, 6, 45.30
1632257136, 0, 186, 299, 230, 46, 8.22%, 0, 0, 6, 47.18
1632257146, 0, 186, 300, 231, 46, 8.22%, 0, 0, 6, 48.23
1632257322, 0, 186, 301, 232, 46, 8.22%, 0, 0, 6, 48.46
1632257353, 0, 187, 301, 231, 46, 8.22%, 0, 0, 6, 47.78
1632257461, 0, 187, 302, 232, 46, 8.62%, 0, 0, 6, 48.25
1632257466, 0, 187, 303, 233, 46, 8.62%, 0, 0, 6, 47.35
1632257497, 0, 188, 303, 232, 47, 8.62%, 0, 0, 6, 45.57
1632257503, 0, 188, 321, 250, 47, 8.65%, 0, 0, 6, 48.00
1632257508, 0, 188, 325, 254, 47, 8.66%, 0, 0, 6, 48.30
1632257513, 0, 188, 326, 255, 47, 8.66%, 0, 0, 6, 47.58
1632257523, 0, 188, 327, 256, 47, 8.66%, 0, 0, 6, 48.68
1632257528, 0, 188, 328, 257, 47, 8.66%, 0, 0, 6, 48.42
1632257564, 0, 188, 329, 258, 47, 8.66%, 0, 0, 6, 48.10
1632257575, 0, 188, 334, 263, 47, 8.66%, 0, 0, 6, 48.69
1632257585, 0, 188, 335, 264, 47, 8.66%, 0, 0, 6, 47.19
1632257595, 0, 189, 335, 263, 54, 8.66%, 0, 0, 6, 47.32
1632257709, 0, 191, 335, 262, 53, 8.66%, 0, 0, 6, 47.89
1632257863, 0, 192, 335, 261, 52, 8.66%, 0, 0, 6, 47.09
1632257909, 0, 193, 335, 260, 51, 8.66%, 0, 0, 6, 46.68
1632257981, 0, 194, 335, 259, 50, 8.66%, 0, 0, 6, 50.29
1632258017, 0, 195, 335, 258, 49, 8.66%, 0, 0, 6, 47.23
1632258058, 0, 196, 335, 257, 48, 8.66%, 0, 0, 6, 47.10
1632258100, 0, 196, 336, 258, 48, 8.66%, 0, 0, 7, 48.48
1632258166, 0, 196, 337, 259, 48, 8.67%, 0, 0, 7, 48.49
1632258197, 0, 196, 338, 260, 48, 8.67%, 0, 0, 7, 48.67
1632258218, 0, 196, 339, 261, 48, 8.68%, 0, 0, 7, 48.57
1632258228, 0, 197, 339, 260, 51, 8.68%, 0, 0, 7, 46.50
1632258403, 0, 199, 340, 260, 50, 8.68%, 0, 0, 7, 47.06
1632258414, 0, 199, 341, 261, 50, 8.69%, 0, 0, 7, 48.20
1632258481, 0, 199, 342, 262, 50, 8.69%, 0, 0, 7, 47.98
1632258501, 0, 199, 343, 263, 50, 8.69%, 0, 0, 7, 48.21
1632258522, 0, 199, 345, 265, 50, 8.70%, 0, 0, 7, 48.71
1632258527, 0, 199, 346, 266, 50, 8.70%, 0, 0, 7, 46.58
1632258532, 0, 199, 347, 267, 50, 8.70%, 0, 0, 7, 46.10
1632258538, 0, 199, 349, 269, 50, 8.73%, 0, 0, 7, 45.94
1632258553, 0, 199, 350, 270, 50, 8.73%, 0, 0, 7, 46.53
1632258579, 0, 199, 351, 271, 50, 8.73%, 0, 0, 7, 45.90
1632258666, 0, 203, 351, 270, 51, 8.73%, 0, 0, 7, 46.18
1632258687, 0, 203, 352, 271, 51, 8.73%, 0, 0, 7, 48.29
1632258749, 0, 218, 354, 272, 50, 8.73%, 0, 0, 7, 47.29
1632258754, 0, 218, 357, 275, 50, 8.73%, 0, 0, 7, 48.43
1632258759, 0, 218, 359, 277, 50, 8.82%, 0, 0, 7, 47.47
1632258764, 0, 218, 360, 278, 50, 8.82%, 0, 0, 7, 48.26
1632258769, 0, 218, 361, 279, 50, 8.82%, 0, 0, 7, 48.23
1632258774, 0, 218, 363, 281, 50, 8.82%, 0, 0, 7, 48.66
1632258779, 0, 218, 364, 282, 50, 8.82%, 0, 0, 7, 48.30
1632258805, 0, 218, 365, 283, 50, 8.82%, 0, 0, 7, 47.55
1632258826, 0, 218, 366, 284, 50, 8.82%, 0, 0, 7, 46.21
1632258831, 0, 218, 368, 286, 50, 8.82%, 0, 0, 7, 45.78
1632258836, 0, 218, 369, 287, 50, 8.82%, 0, 0, 7, 46.65
1632258851, 0, 218, 370, 288, 50, 8.82%, 0, 0, 7, 45.75
1632258866, 0, 218, 371, 289, 50, 8.82%, 0, 0, 7, 48.36
1632258882, 0, 218, 372, 290, 50, 8.82%, 0, 0, 7, 45.91
1632258887, 0, 218, 373, 291, 50, 8.82%, 0, 0, 7, 45.92
1632258897, 0, 218, 374, 292, 50, 8.82%, 0, 0, 7, 46.89
1632258912, 0, 218, 376, 294, 50, 8.86%, 0, 0, 7, 46.40
1632258959, 0, 218, 377, 295, 50, 8.92%, 0, 0, 7, 45.92
1632258964, 0, 218, 378, 296, 50, 8.92%, 0, 0, 7, 46.01
1632258969, 0, 226, 378, 295, 57, 8.92%, 0, 0, 7, 47.27
1632258979, 0, 226, 379, 296, 57, 8.92%, 0, 0, 7, 47.94
1632259005, 0, 226, 380, 297, 57, 8.92%, 0, 0, 7, 48.20
1632259192, 0, 226, 381, 298, 57, 8.92%, 0, 0, 7, 46.97
1632259198, 0, 226, 382, 299, 57, 8.92%, 0, 0, 7, 47.45
1632259203, 0, 226, 383, 300, 57, 8.92%, 0, 0, 7, 46.50
1632259208, 0, 226, 384, 301, 57, 8.92%, 0, 0, 7, 47.12
1632259234, 0, 226, 385, 302, 57, 8.92%, 0, 0, 7, 46.35
1632259270, 0, 226, 386, 303, 57, 8.92%, 0, 0, 7, 49.89
1632259275, 0, 226, 387, 304, 57, 8.92%, 0, 0, 7, 47.19
1632259300, 0, 226, 388, 305, 57, 8.99%, 0, 0, 7, 46.85
1632259326, 0, 226, 390, 307, 57, 8.99%, 0, 0, 7, 48.44
1632259331, 0, 227, 392, 308, 57, 9.04%, 0, 0, 7, 48.12
1632259336, 0, 227, 393, 309, 57, 9.07%, 0, 0, 7, 47.80
1632259341, 0, 227, 394, 310, 57, 9.07%, 0, 0, 7, 48.33
1632259346, 0, 227, 395, 311, 57, 9.07%, 0, 0, 7, 47.35
1632259422, 0, 229, 395, 310, 60, 9.07%, 0, 0, 7, 46.39
1632259463, 0, 231, 395, 309, 59, 9.07%, 0, 0, 7, 46.51
1632259602, 0, 236, 396, 309, 58, 9.07%, 0, 0, 7, 46.22
1632259762, 0, 239, 400, 312, 57, 9.10%, 0, 0, 7, 47.96
1632259782, 0, 239, 402, 314, 57, 9.17%, 0, 0, 7, 48.55
1632259822, 0, 239, 404, 316, 57, 9.18%, 0, 0, 7, 46.98
1632259827, 0, 239, 406, 318, 57, 9.22%, 0, 0, 7, 47.97
1632260205, 0, 239, 407, 319, 57, 9.22%, 0, 0, 7, 46.96
1632260210, 0, 239, 408, 320, 57, 9.22%, 0, 0, 7, 46.53
1632260215, 0, 239, 409, 321, 57, 9.22%, 0, 0, 7, 46.55
1632260241, 0, 239, 410, 322, 57, 9.22%, 0, 0, 7, 46.48
1632260246, 0, 239, 412, 324, 57, 9.23%, 0, 0, 7, 46.58
1632260251, 0, 239, 413, 325, 57, 9.23%, 0, 0, 7, 47.27
1632260256, 0, 239, 414, 326, 57, 9.23%, 0, 0, 7, 47.15
1632260261, 0, 239, 415, 327, 57, 9.23%, 0, 0, 7, 46.69
1632260271, 0, 239, 416, 328, 57, 9.23%, 0, 0, 7, 46.56
1632260277, 0, 239, 418, 330, 57, 9.24%, 0, 0, 7, 47.14
1632260292, 0, 239, 419, 331, 57, 9.24%, 0, 0, 7, 46.95
1632260343, 0, 248, 420, 331, 67, 9.24%, 0, 0, 7, 46.52
1632260349, 0, 248, 422, 333, 67, 9.24%, 0, 0, 7, 48.67
1632260447, 0, 248, 423, 334, 67, 9.24%, 0, 0, 7, 46.60
1632260457, 0, 248, 425, 336, 67, 9.25%, 0, 0, 7, 46.07
1632260514, 0, 250, 425, 335, 68, 9.25%, 0, 0, 7, 46.39
1632260881, 0, 250, 426, 336, 68, 9.25%, 0, 0, 7, 46.98
1632260886, 0, 250, 428, 338, 68, 9.25%, 0, 0, 7, 46.79
1632260927, 0, 250, 429, 339, 68, 9.25%, 0, 0, 7, 46.99
1632260932, 0, 250, 430, 340, 68, 9.25%, 0, 0, 7, 46.72
1632260942, 0, 250, 431, 341, 68, 9.25%, 0, 0, 7, 46.89
1632261019, 0, 256, 434, 343, 69, 9.25%, 0, 0, 7, 47.60
1632261024, 0, 256, 436, 345, 69, 9.25%, 0, 0, 7, 47.74
1632261029, 0, 256, 438, 347, 69, 9.27%, 0, 0, 7, 48.48
1632261039, 0, 256, 439, 348, 69, 9.28%, 0, 0, 7, 47.90
1632261044, 0, 256, 440, 349, 69, 9.28%, 0, 0, 7, 47.89
1632261050, 0, 256, 444, 353, 69, 9.28%, 0, 0, 7, 49.02
1632261202, 0, 256, 445, 354, 69, 9.28%, 0, 0, 7, 48.04
1632261217, 0, 256, 446, 355, 69, 9.28%, 0, 0, 7, 47.71
1632261222, 0, 256, 452, 361, 69, 9.28%, 0, 0, 7, 46.80
1632261227, 0, 256, 454, 363, 69, 9.28%, 0, 0, 7, 46.65
1632261232, 0, 256, 455, 364, 69, 9.28%, 0, 0, 7, 45.97
1632261237, 0, 256, 457, 366, 69, 9.28%, 0, 0, 7, 45.92
1632261248, 0, 256, 458, 367, 69, 9.28%, 0, 0, 7, 46.27
1632261253, 0, 256, 459, 368, 69, 9.28%, 0, 0, 7, 46.38
1632261268, 0, 256, 461, 370, 69, 9.28%, 0, 0, 7, 46.10
1632261274, 0, 256, 462, 371, 69, 9.28%, 0, 0, 7, 46.13
1632261279, 0, 256, 463, 372, 69, 9.28%, 0, 0, 7, 46.11
1632261305, 0, 256, 464, 373, 69, 9.28%, 0, 0, 7, 46.34
1632261330, 0, 256, 465, 374, 69, 9.28%, 0, 0, 7, 46.87
1632261335, 0, 256, 466, 375, 69, 9.28%, 0, 0, 7, 46.21
1632261346, 0, 256, 467, 376, 69, 9.28%, 0, 0, 7, 46.46
1632261351, 0, 256, 468, 377, 69, 9.28%, 0, 0, 7, 46.86
1632261356, 0, 256, 470, 379, 69, 9.28%, 0, 0, 7, 46.67
1632261361, 0, 256, 471, 380, 69, 9.28%, 0, 0, 7, 47.02
1632261366, 0, 259, 471, 379, 75, 9.28%, 0, 0, 7, 46.56
1632261387, 0, 259, 472, 380, 75, 9.28%, 0, 0, 7, 45.19
1632261402, 0, 260, 472, 379, 74, 9.28%, 0, 0, 7, 45.47
1632261428, 0, 261, 472, 378, 73, 9.28%, 0, 0, 7, 46.72
1632261516, 0, 262, 472, 377, 72, 9.28%, 0, 0, 7, 46.20
1632261536, 0, 263, 472, 376, 71, 9.28%, 0, 0, 7, 45.24
1632261557, 0, 265, 472, 375, 70, 9.28%, 0, 0, 7, 45.88
1632261680, 0, 268, 472, 374, 69, 9.28%, 0, 0, 7, 47.55
1632261789, 0, 268, 473, 375, 69, 9.28%, 0, 0, 7, 46.88
1632261809, 0, 277, 476, 377, 68, 9.28%, 0, 0, 7, 47.52
1632261814, 0, 277, 477, 378, 68, 9.29%, 0, 0, 7, 47.78
1632261819, 0, 277, 478, 379, 68, 9.30%, 0, 0, 7, 47.75
1632261824, 0, 277, 480, 381, 68, 9.30%, 0, 0, 7, 47.68
1632261830, 0, 277, 481, 382, 68, 9.30%, 0, 0, 7, 48.51
1632261928, 0, 277, 482, 383, 68, 9.30%, 0, 0, 7, 47.54
1632261933, 0, 277, 483, 384, 68, 9.30%, 0, 0, 7, 46.33
1632261943, 0, 277, 486, 387, 68, 9.33%, 0, 0, 7, 46.22
1632261953, 0, 277, 488, 389, 68, 9.33%, 0, 0, 7, 46.41
1632261964, 0, 277, 491, 392, 68, 9.34%, 0, 0, 7, 46.40
1632261969, 0, 277, 493, 394, 68, 9.34%, 0, 0, 7, 46.33
1632261974, 0, 277, 495, 396, 68, 9.34%, 0, 0, 7, 46.45
1632261984, 0, 277, 496, 397, 68, 9.34%, 0, 0, 7, 45.87
1632262005, 0, 277, 497, 398, 68, 9.34%, 0, 0, 7, 46.21
1632262010, 0, 277, 498, 399, 68, 9.34%, 0, 0, 7, 46.21
1632262015, 0, 277, 499, 400, 68, 9.36%, 0, 0, 7, 46.23
1632262020, 0, 277, 500, 401, 68, 9.36%, 0, 0, 7, 47.67
1632262025, 0, 277, 503, 404, 68, 9.37%, 0, 0, 7, 46.20
1632262041, 0, 277, 506, 407, 68, 9.39%, 0, 0, 7, 46.01
1632262046, 0, 277, 507, 408, 68, 9.39%, 0, 0, 7, 45.64
1632262051, 0, 277, 509, 410, 68, 9.39%, 0, 0, 7, 46.36
1632262072, 0, 277, 510, 411, 68, 9.39%, 0, 0, 7, 46.02
1632262077, 0, 278, 516, 416, 73, 9.42%, 0, 0, 7, 51.42
1632262082, 0, 278, 519, 419, 73, 9.42%, 0, 0, 7, 48.92
1632262092, 0, 278, 523, 423, 73, 9.44%, 0, 0, 7, 50.60
1632262102, 0, 278, 526, 426, 73, 9.47%, 0, 0, 7, 50.23
1632262108, 0, 278, 528, 428, 73, 9.48%, 0, 0, 7, 49.65
1632262123, 0, 278, 530, 430, 73, 9.48%, 0, 0, 7, 48.60
1632262138, 0, 278, 531, 431, 73, 9.48%, 0, 0, 7, 48.19
1632262303, 0, 278, 532, 432, 73, 9.48%, 0, 0, 7, 52.35
1632262354, 0, 278, 540, 440, 73, 9.48%, 0, 0, 7, 57.37
1632262364, 0, 278, 541, 441, 73, 9.48%, 0, 0, 7, 48.63
1632262369, 0, 278, 542, 442, 73, 9.48%, 0, 0, 7, 48.78
1632262375, 0, 278, 545, 445, 73, 9.48%, 0, 0, 7, 49.82
1632262380, 0, 278, 548, 448, 73, 9.48%, 0, 0, 7, 49.44
1632262385, 0, 278, 549, 449, 73, 9.48%, 0, 0, 7, 49.11
1632262400, 0, 278, 554, 454, 73, 9.48%, 0, 0, 7, 49.19
1632262410, 0, 278, 556, 456, 73, 9.48%, 0, 0, 7, 49.73
1632262415, 0, 278, 557, 457, 73, 9.49%, 0, 0, 7, 48.22
1632262426, 0, 278, 558, 458, 73, 9.49%, 0, 0, 7, 48.87
1632262436, 0, 278, 559, 459, 73, 9.49%, 0, 0, 7, 48.28
1632262441, 0, 278, 561, 461, 73, 9.49%, 0, 0, 7, 48.87
1632262446, 0, 278, 562, 462, 73, 9.49%, 0, 0, 7, 50.02
1632262466, 0, 278, 563, 463, 73, 9.49%, 0, 0, 7, 49.07
1632262497, 0, 285, 563, 462, 81, 9.49%, 0, 0, 7, 47.81
1632262543, 0, 286, 563, 461, 80, 9.49%, 0, 0, 7, 47.04
1632262584, 0, 287, 563, 460, 79, 9.49%, 0, 0, 7, 46.97
1632262625, 0, 291, 563, 459, 78, 9.49%, 0, 0, 7, 45.56
1632262630, 0, 291, 564, 460, 78, 9.49%, 0, 0, 7, 47.51
1632262754, 0, 293, 564, 459, 78, 9.49%, 0, 0, 7, 46.84
1632262790, 0, 296, 564, 458, 77, 9.49%, 0, 0, 7, 46.40
1632263218, 0, 297, 564, 457, 76, 9.49%, 0, 0, 7, 46.89
1632263442, 0, 298, 564, 456, 75, 9.49%, 0, 0, 7, 45.16
1632263452, 0, 299, 564, 455, 74, 9.49%, 0, 0, 7, 44.57
1632263671, 0, 301, 564, 454, 73, 9.49%, 0, 0, 7, 46.71
1632263676, 0, 301, 565, 455, 73, 9.50%, 0, 0, 7, 46.54
1632263789, 0, 301, 566, 456, 73, 9.50%, 0, 0, 7, 46.30
1632263799, 0, 301, 568, 458, 73, 9.68%, 0, 0, 7, 46.90
1632263804, 0, 301, 569, 459, 73, 9.69%, 0, 0, 7, 47.70
1632263819, 0, 301, 570, 460, 73, 9.69%, 0, 0, 7, 45.90
1632263830, 0, 302, 570, 459, 76, 9.69%, 0, 0, 7, 45.45
1632263963, 0, 302, 572, 461, 76, 9.70%, 0, 0, 7, 46.60
1632263984, 0, 309, 578, 466, 76, 9.70%, 0, 0, 7, 46.60
1632264075, 0, 310, 581, 468, 75, 9.70%, 0, 0, 7, 47.19
1632264080, 0, 310, 584, 471, 75, 9.70%, 0, 0, 7, 47.72
1632264167, 0, 322, 585, 471, 74, 9.70%, 0, 0, 7, 47.27
1632264172, 0, 322, 591, 477, 74, 9.70%, 0, 0, 7, 47.61
1632264249, 0, 322, 592, 478, 74, 9.70%, 0, 0, 7, 47.37
1632264259, 0, 323, 592, 477, 73, 9.70%, 0, 0, 7, 45.46
1632264264, 0, 323, 598, 483, 73, 9.70%, 0, 0, 7, 47.46
1632264351, 0, 323, 599, 484, 73, 9.70%, 0, 0, 7, 45.87
1632264362, 0, 325, 602, 486, 73, 9.70%, 0, 0, 7, 46.83
1632264367, 0, 325, 605, 489, 73, 9.70%, 0, 0, 7, 47.79
1632264454, 0, 326, 610, 493, 72, 9.70%, 0, 0, 7, 47.25
1632264542, 0, 326, 611, 494, 72, 9.70%, 0, 0, 7, 45.57
1632264552, 0, 331, 611, 493, 71, 9.70%, 0, 0, 7, 45.85
1632264557, 0, 331, 613, 495, 71, 9.70%, 0, 0, 7, 47.59
1632264562, 0, 331, 614, 496, 71, 9.70%, 0, 0, 7, 47.64
1632264572, 0, 331, 615, 497, 71, 9.70%, 0, 0, 7, 47.67
1632264638, 0, 331, 616, 498, 71, 9.71%, 0, 0, 7, 45.98
1632264653, 0, 335, 616, 497, 71, 9.71%, 0, 0, 7, 47.17
1632264767, 0, 335, 617, 498, 71, 9.71%, 0, 0, 8, 48.49
1632264819, 0, 335, 618, 499, 71, 9.71%, 0, 0, 8, 47.36
1632264829, 0, 336, 620, 500, 72, 9.72%, 0, 0, 8, 47.92
1632264870, 0, 336, 621, 501, 72, 9.72%, 0, 0, 8, 48.26
1632264989, 0, 336, 622, 502, 72, 9.73%, 0, 0, 8, 48.26
1632265004, 0, 337, 622, 501, 75, 9.73%, 0, 0, 8, 47.58
1632265174, 0, 337, 623, 502, 75, 9.74%, 0, 0, 8, 45.98
1632265184, 0, 338, 623, 501, 75, 9.74%, 0, 0, 8, 47.01
1632265226, 0, 338, 624, 502, 75, 9.74%, 0, 0, 8, 48.08
1632265360, 0, 343, 627, 504, 74, 9.74%, 0, 0, 8, 64.58
1632265365, 0, 343, 628, 505, 74, 9.74%, 0, 0, 8, 64.80
1632265370, 0, 343, 629, 506, 74, 9.74%, 0, 0, 8, 60.72
1632265376, 0, 343, 630, 507, 74, 9.74%, 0, 0, 8, 12.57
1632265447, 0, 343, 631, 508, 74, 9.74%, 0, 0, 8, 51.71
1632265457, 0, 343, 632, 509, 74, 9.74%, 0, 0, 8, 49.21
1632265478, 0, 347, 632, 508, 74, 9.74%, 0, 0, 8, 47.66
1632265610, 0, 347, 633, 509, 74, 9.82%, 0, 0, 8, 45.46
1632265625, 0, 348, 633, 508, 74, 9.82%, 0, 0, 8, 45.51
1632265651, 0, 354, 634, 508, 73, 9.82%, 0, 0, 8, 62.02
1632265656, 0, 354, 636, 510, 73, 9.82%, 0, 0, 8, 62.00
1632265661, 0, 354, 639, 513, 73, 9.84%, 0, 0, 8, 58.54
1632265712, 0, 355, 639, 512, 75, 9.84%, 0, 0, 8, 47.60
1632265722, 0, 355, 640, 513, 75, 9.84%, 0, 0, 8, 47.02
1632265788, 0, 355, 641, 514, 75, 9.84%, 0, 0, 8, 46.19
1632265803, 0, 358, 641, 513, 74, 9.84%, 0, 0, 8, 45.18
1632265889, 0, 366, 641, 512, 73, 9.84%, 0, 0, 8, 46.00
1632265919, 0, 368, 641, 511, 72, 9.84%, 0, 0, 8, 45.41
1632265924, 0, 368, 642, 512, 72, 9.84%, 0, 0, 8, 45.67
1632265960, 0, 374, 650, 519, 71, 9.84%, 0, 0, 8, 62.75
1632265965, 0, 374, 652, 521, 71, 9.84%, 0, 0, 8, 70.43
1632265970, 0, 374, 661, 530, 71, 9.84%, 0, 0, 8, 65.13
1632265975, 0, 374, 663, 532, 71, 9.84%, 0, 0, 8, 70.79
1632266021, 0, 374, 664, 533, 71, 9.84%, 0, 0, 8, 50.74
1632266031, 0, 376, 666, 534, 74, 9.84%, 0, 0, 8, 48.54
1632266036, 0, 376, 672, 540, 74, 9.85%, 0, 0, 8, 48.46
1632266042, 0, 376, 673, 541, 74, 9.85%, 0, 0, 8, 47.78
1632266052, 0, 376, 675, 543, 74, 9.85%, 0, 0, 8, 47.44
1632266108, 0, 376, 677, 545, 74, 9.85%, 0, 0, 8, 46.68
1632266113, 0, 376, 680, 548, 74, 9.85%, 0, 0, 8, 47.11
1632266118, 0, 376, 682, 550, 74, 9.85%, 0, 0, 8, 47.07
1632266123, 0, 376, 684, 552, 74, 9.85%, 0, 0, 8, 45.36
1632266128, 0, 376, 685, 553, 74, 9.85%, 0, 0, 8, 45.21
1632266139, 0, 376, 686, 554, 74, 9.85%, 0, 0, 8, 45.29
1632266144, 0, 376, 687, 555, 74, 9.85%, 0, 0, 8, 45.65
1632266154, 0, 376, 689, 557, 74, 9.85%, 0, 0, 8, 45.73
1632266179, 0, 376, 690, 558, 74, 9.85%, 0, 0, 8, 45.55
1632266240, 0, 376, 691, 559, 74, 9.85%, 0, 0, 8, 45.81
1632266245, 0, 376, 692, 560, 74, 9.85%, 0, 0, 8, 46.65
1632266255, 0, 380, 692, 559, 77, 9.85%, 0, 0, 8, 62.87
1632266291, 0, 380, 693, 560, 77, 9.85%, 0, 0, 8, 60.97
1632266490, 0, 388, 693, 559, 77, 9.85%, 0, 0, 8, 57.09
1632266495, 0, 388, 701, 567, 77, 9.85%, 0, 0, 8, 66.75
1632266500, 0, 388, 704, 570, 77, 9.85%, 0, 0, 8, 75.61
1632266505, 0, 388, 707, 573, 77, 9.85%, 0, 0, 8, 60.09
1632266582, 0, 388, 708, 574, 77, 9.85%, 0, 0, 8, 55.69
1632266587, 0, 388, 710, 576, 77, 9.85%, 0, 0, 8, 51.52
1632266592, 0, 388, 711, 577, 77, 9.85%, 0, 0, 8, 50.19
1632266628, 0, 388, 712, 578, 77, 9.85%, 0, 0, 8, 50.64
1632266648, 0, 388, 713, 579, 77, 10.97%, 0, 0, 8, 2.94
1632266680, 0, 388, 714, 580, 77, 10.97%, 0, 0, 8, 52.14
1632266715, 0, 388, 716, 582, 77, 10.97%, 0, 0, 8, 49.59
1632266736, 0, 391, 719, 584, 76, 10.98%, 0, 0, 8, 48.30
1632266741, 0, 391, 720, 585, 76, 10.98%, 0, 0, 8, 47.98
1632266756, 0, 391, 721, 586, 76, 10.98%, 0, 0, 8, 47.92
1632266761, 0, 391, 722, 587, 76, 10.98%, 0, 0, 8, 48.12
1632266771, 0, 391, 723, 588, 76, 10.98%, 0, 0, 8, 47.99
1632266816, 0, 391, 724, 589, 76, 10.98%, 0, 0, 8, 46.41
1632266822, 0, 391, 727, 592, 76, 10.98%, 0, 0, 8, 45.80
1632266827, 0, 391, 728, 593, 76, 10.98%, 0, 0, 8, 45.61
1632266868, 0, 391, 729, 594, 76, 10.98%, 0, 0, 8, 45.70
1632266883, 0, 391, 731, 596, 76, 10.98%, 0, 0, 8, 46.45
1632266888, 0, 391, 732, 597, 76, 10.98%, 0, 0, 8, 45.59
1632266909, 0, 391, 734, 599, 76, 10.98%, 0, 0, 8, 45.87
1632266959, 0, 392, 735, 599, 79, 11.03%, 0, 0, 8, 45.43
1632266965, 0, 392, 740, 604, 79, 11.03%, 0, 0, 8, 48.07
1632266970, 0, 392, 741, 605, 79, 11.03%, 0, 0, 8, 48.41
1632266985, 0, 392, 742, 606, 79, 11.03%, 0, 0, 8, 48.10
1632266990, 0, 392, 744, 608, 79, 11.03%, 0, 0, 8, 47.99
1632267051, 0, 393, 744, 607, 80, 11.03%, 0, 0, 8, 45.94
1632267056, 0, 393, 745, 608, 80, 11.03%, 0, 0, 8, 71.27
1632267061, 0, 393, 747, 610, 80, 11.03%, 0, 0, 8, 63.45
1632267066, 0, 393, 748, 611, 80, 11.03%, 0, 0, 8, 60.51
1632267122, 0, 396, 752, 614, 80, 11.03%, 0, 0, 8, 50.87
1632267127, 0, 396, 753, 615, 80, 11.03%, 0, 0, 8, 48.38
1632267142, 0, 396, 754, 616, 80, 11.03%, 0, 0, 8, 48.40
1632267163, 0, 396, 755, 617, 80, 11.03%, 0, 0, 8, 47.55
1632267188, 0, 396, 757, 619, 80, 11.03%, 0, 0, 8, 48.35
1632267571, 0, 396, 758, 620, 80, 11.03%, 0, 0, 8, 47.18
1632267587, 0, 399, 758, 619, 82, 11.03%, 0, 0, 8, 46.52
1632267647, 0, 399, 759, 620, 82, 11.03%, 0, 0, 8, 47.48
1632267991, 0, 400, 759, 619, 81, 11.03%, 0, 0, 8, 46.68
1632267996, 0, 400, 762, 622, 81, 11.03%, 0, 0, 8, 61.16
1632268001, 0, 400, 763, 623, 81, 11.03%, 0, 0, 8, 76.13
1632268006, 0, 400, 764, 624, 81, 11.03%, 0, 0, 8, 75.65
1632268016, 0, 400, 765, 625, 81, 11.03%, 0, 0, 8, 75.18
1632268032, 0, 400, 768, 628, 81, 11.04%, 0, 0, 8, 58.93
1632268037, 0, 400, 771, 631, 81, 11.07%, 0, 0, 8, 60.33
1632268277, 0, 400, 773, 633, 81, 11.07%, 0, 0, 8, 62.52
1632268287, 0, 400, 775, 635, 81, 11.07%, 0, 0, 8, 54.89
1632268307, 0, 400, 776, 636, 81, 11.07%, 0, 0, 8, 54.99
1632268323, 0, 400, 777, 637, 81, 11.07%, 0, 0, 8, 55.64
1632268328, 0, 400, 779, 639, 81, 11.07%, 0, 0, 8, 53.34
1632268343, 0, 400, 781, 641, 81, 11.07%, 0, 0, 8, 56.96
1632268358, 0, 400, 782, 642, 81, 11.07%, 0, 0, 8, 52.40
1632268374, 0, 400, 783, 643, 81, 11.07%, 0, 0, 8, 57.87
1632268394, 0, 401, 785, 644, 86, 11.07%, 0, 0, 8, 60.65
1632268399, 0, 401, 786, 645, 86, 11.07%, 0, 0, 8, 80.30
1632268404, 0, 401, 787, 646, 86, 11.07%, 0, 0, 8, 74.91
1632268430, 0, 401, 788, 647, 86, 11.07%, 0, 0, 8, 81.38
1632268435, 0, 401, 789, 648, 86, 11.07%, 0, 0, 8, 64.41
1632268680, 0, 417, 796, 654, 86, 11.08%, 0, 0, 8, 79.02
1632268685, 0, 417, 798, 656, 86, 11.08%, 0, 0, 8, 79.15
1632268690, 0, 417, 799, 657, 86, 11.08%, 0, 0, 8, 84.02
1632268695, 0, 417, 802, 660, 86, 11.08%, 0, 0, 8, 81.41
1632268710, 0, 417, 805, 663, 86, 11.08%, 0, 0, 8, 86.88
1632268720, 0, 417, 806, 664, 86, 11.08%, 0, 0, 8, 85.78
1632268730, 0, 417, 809, 667, 86, 11.08%, 0, 0, 8, 62.12
1632268736, 0, 417, 810, 668, 86, 11.08%, 0, 0, 8, 11.40
1632268980, 0, 417, 813, 671, 86, 11.08%, 0, 0, 8, 77.63
1632268985, 0, 417, 819, 677, 86, 11.08%, 0, 0, 8, 64.66
1632268990, 0, 417, 820, 678, 86, 11.08%, 0, 0, 8, 54.75
1632269000, 0, 417, 821, 679, 86, 11.08%, 0, 0, 8, 56.02
1632269005, 0, 417, 822, 680, 86, 11.08%, 0, 0, 8, 59.31
1632269010, 0, 417, 823, 681, 86, 11.08%, 0, 0, 8, 58.36
1632269026, 0, 417, 824, 682, 86, 11.08%, 0, 0, 8, 58.35
1632269066, 0, 420, 824, 681, 90, 11.08%, 0, 0, 8, 55.46
1632269175, 0, 424, 825, 681, 89, 11.08%, 0, 0, 8, 47.42
1632269180, 0, 424, 827, 683, 89, 11.09%, 0, 0, 8, 50.39
1632269288, 0, 424, 828, 684, 89, 11.09%, 0, 0, 8, 46.23
1632269303, 0, 431, 829, 684, 88, 11.09%, 0, 0, 8, 46.78
1632269313, 0, 431, 830, 685, 88, 11.09%, 0, 0, 8, 48.02
1632269318, 0, 431, 831, 686, 88, 11.09%, 0, 0, 8, 47.96
1632269334, 0, 431, 832, 687, 88, 11.09%, 0, 0, 8, 47.97
1632269511, 0, 433, 832, 686, 87, 11.09%, 0, 0, 8, 45.89
1632269526, 0, 433, 833, 687, 87, 11.09%, 0, 0, 8, 48.31
1632269667, 0, 435, 833, 686, 87, 11.09%, 0, 0, 8, 46.48
1632269677, 0, 435, 834, 687, 87, 11.09%, 0, 0, 8, 47.90
1632269880, 0, 442, 835, 687, 86, 11.09%, 0, 0, 8, 47.26
1632269885, 0, 442, 836, 688, 86, 11.09%, 0, 0, 8, 47.41
1632269905, 0, 442, 837, 689, 86, 11.09%, 0, 0, 8, 47.17
1632270036, 0, 442, 839, 691, 86, 11.09%, 0, 0, 8, 46.61
1632270066, 0, 443, 839, 690, 86, 11.09%, 0, 0, 8, 46.11
1632270071, 0, 443, 840, 691, 86, 11.09%, 0, 0, 8, 47.34
1632270076, 0, 443, 841, 692, 86, 11.09%, 0, 0, 8, 48.40
1632270112, 0, 443, 842, 693, 86, 11.09%, 0, 0, 8, 48.18
1632270270, 0, 443, 846, 697, 86, 11.09%, 0, 0, 8, 46.38
1632270275, 0, 443, 847, 698, 86, 11.09%, 0, 0, 8, 45.91
1632270280, 0, 443, 848, 699, 86, 11.09%, 0, 0, 8, 45.89
1632270285, 0, 443, 850, 701, 86, 11.09%, 0, 0, 8, 46.60
1632270301, 0, 443, 852, 703, 86, 11.09%, 0, 0, 8, 46.52
1632270311, 0, 443, 853, 704, 86, 11.09%, 0, 0, 8, 45.94
1632270342, 0, 443, 854, 705, 86, 11.09%, 0, 0, 8, 45.80
1632270367, 0, 443, 855, 706, 86, 11.09%, 0, 0, 8, 47.47
1632270409, 0, 443, 856, 707, 86, 11.09%, 0, 0, 8, 46.14
1632270414, 0, 457, 856, 706, 85, 11.09%, 0, 0, 8, 47.32
1632270475, 0, 468, 856, 705, 84, 11.09%, 0, 0, 8, 45.88
1632270490, 0, 468, 857, 706, 84, 11.09%, 0, 0, 8, 48.15
1632270500, 0, 468, 858, 707, 84, 11.09%, 0, 0, 8, 48.01
1632270613, 0, 469, 858, 706, 83, 11.09%, 0, 0, 8, 46.50
1632270628, 0, 469, 859, 707, 83, 11.09%, 0, 0, 8, 47.58
1632270785, 0, 476, 865, 712, 83, 11.19%, 0, 0, 8, 46.84
1632270795, 0, 476, 866, 713, 83, 11.19%, 0, 0, 8, 47.61
1632270805, 0, 476, 867, 714, 83, 11.20%, 0, 0, 8, 46.73
1632270815, 0, 476, 868, 715, 83, 11.20%, 0, 0, 8, 47.64
1632270907, 0, 476, 871, 718, 83, 11.21%, 0, 0, 8, 46.89
1632270912, 0, 476, 875, 722, 83, 11.22%, 0, 0, 8, 45.96
1632270917, 0, 476, 876, 723, 83, 11.22%, 0, 0, 8, 45.37
1632270922, 0, 476, 881, 728, 83, 11.23%, 0, 0, 8, 46.10
1632270932, 0, 476, 882, 729, 83, 11.23%, 0, 0, 8, 45.55
1632270968, 0, 476, 885, 732, 83, 11.23%, 0, 0, 8, 46.46
1632270978, 0, 476, 886, 733, 83, 11.23%, 0, 0, 8, 46.21
1632271003, 0, 476, 887, 734, 83, 11.23%, 0, 0, 8, 46.33
1632271009, 0, 476, 889, 736, 83, 11.23%, 0, 0, 8, 46.85
1632271034, 0, 476, 890, 737, 83, 11.23%, 0, 0, 8, 46.01
1632271055, 0, 489, 895, 741, 93, 11.24%, 0, 0, 8, 47.64
1632271060, 0, 489, 896, 742, 93, 11.24%, 0, 0, 8, 48.70
1632271065, 0, 489, 898, 744, 93, 11.24%, 0, 0, 8, 48.50
1632271137, 0, 489, 899, 745, 93, 11.24%, 0, 0, 8, 47.84
1632271152, 0, 489, 902, 748, 93, 11.24%, 0, 0, 8, 48.64
1632271157, 0, 489, 905, 751, 93, 11.24%, 0, 0, 8, 47.90
1632271162, 0, 489, 906, 752, 93, 11.24%, 0, 0, 8, 47.23
1632271167, 0, 489, 907, 753, 93, 11.24%, 0, 0, 8, 45.84
1632271172, 0, 489, 908, 754, 93, 11.24%, 0, 0, 8, 45.86
1632271177, 0, 489, 909, 755, 93, 11.24%, 0, 0, 8, 47.44
1632271188, 0, 489, 911, 757, 93, 11.24%, 0, 0, 8, 46.82
1632271208, 0, 489, 912, 758, 93, 11.24%, 0, 0, 8, 48.20
1632271229, 0, 489, 914, 760, 93, 11.24%, 0, 0, 8, 46.30
1632271295, 0, 496, 917, 762, 101, 11.26%, 0, 0, 8, 46.63
1632271300, 0, 496, 918, 763, 101, 11.27%, 0, 0, 8, 49.42
1632271311, 0, 496, 919, 764, 101, 11.27%, 0, 0, 8, 48.67
1632271321, 0, 496, 920, 765, 101, 11.27%, 0, 0, 8, 48.21
1632271326, 0, 496, 921, 766, 101, 11.27%, 0, 0, 8, 48.32
1632271424, 0, 497, 921, 765, 103, 11.27%, 0, 0, 8, 46.05
1632271429, 0, 497, 924, 768, 103, 11.27%, 0, 0, 8, 47.88
1632271561, 0, 497, 926, 770, 103, 11.28%, 0, 0, 8, 46.53
1632271566, 0, 497, 928, 772, 103, 11.28%, 0, 0, 8, 46.23
1632271571, 0, 497, 930, 774, 103, 11.28%, 0, 0, 8, 46.33
1632271581, 0, 497, 931, 775, 103, 11.28%, 0, 0, 8, 47.45
1632271586, 0, 497, 932, 776, 103, 11.28%, 0, 0, 8, 46.32
1632271591, 0, 497, 934, 778, 103, 11.28%, 0, 0, 8, 46.16
1632271606, 0, 497, 935, 779, 103, 11.28%, 0, 0, 8, 46.87
1632271617, 0, 497, 936, 780, 103, 11.28%, 0, 0, 8, 46.14
1632271668, 0, 497, 937, 781, 103, 11.28%, 0, 0, 8, 46.23
1632271698, 0, 497, 938, 782, 103, 11.28%, 0, 0, 8, 47.15
1632271703, 0, 498, 944, 787, 103, 11.29%, 0, 0, 8, 49.32
1632271709, 0, 498, 945, 788, 103, 11.29%, 0, 0, 8, 48.38
1632271714, 0, 498, 946, 789, 103, 11.31%, 0, 0, 8, 49.38
1632271719, 0, 498, 947, 790, 103, 11.31%, 0, 0, 8, 48.34
1632271729, 0, 498, 950, 793, 103, 11.31%, 0, 0, 8, 48.98
1632271744, 0, 498, 952, 795, 103, 11.31%, 0, 0, 8, 48.13
1632271961, 0, 498, 953, 796, 103, 11.31%, 0, 0, 8, 47.62
1632271977, 0, 504, 955, 797, 107, 11.31%, 0, 0, 8, 46.45
1632271982, 0, 504, 956, 798, 107, 11.32%, 0, 0, 8, 47.71
1632271987, 0, 504, 958, 800, 107, 11.32%, 0, 0, 8, 47.72
1632271998, 0, 504, 959, 801, 107, 11.32%, 0, 0, 8, 49.15
1632272013, 0, 504, 960, 802, 107, 11.32%, 0, 0, 8, 48.07
1632272165, 0, 504, 961, 803, 107, 11.32%, 0, 0, 8, 46.44
1632272175, 0, 504, 962, 804, 107, 11.32%, 0, 0, 8, 46.20
1632272180, 0, 504, 963, 805, 107, 11.32%, 0, 0, 8, 46.24
1632272185, 0, 504, 964, 806, 107, 11.32%, 0, 0, 8, 45.83
1632272200, 0, 504, 965, 807, 107, 11.32%, 0, 0, 8, 46.03
1632272211, 0, 504, 966, 808, 107, 11.32%, 0, 0, 8, 46.15
1632272226, 0, 504, 967, 809, 107, 11.32%, 0, 0, 8, 45.80
1632272231, 0, 504, 968, 810, 107, 11.32%, 0, 0, 8, 46.58
1632272252, 0, 504, 971, 813, 107, 11.32%, 0, 0, 8, 47.26
1632272267, 0, 504, 972, 814, 107, 11.32%, 0, 0, 8, 45.97
1632272308, 0, 512, 973, 814, 109, 11.32%, 0, 0, 8, 71.28
1632272324, 0, 512, 974, 815, 109, 11.32%, 0, 0, 8, 82.08
1632272482, 0, 512, 975, 816, 109, 11.32%, 0, 0, 8, 76.23
1632272492, 0, 526, 975, 815, 109, 11.32%, 0, 0, 8, 50.08
1632272507, 0, 526, 976, 816, 109, 11.32%, 0, 0, 8, 80.20
1632272654, 0, 529, 976, 815, 108, 11.32%, 0, 0, 8, 49.37
1632272659, 0, 529, 977, 816, 108, 11.32%, 0, 0, 8, 75.18
1632272858, 0, 529, 978, 817, 108, 11.32%, 0, 0, 8, 54.03
1632272868, 0, 533, 978, 816, 107, 11.32%, 0, 0, 8, 56.34
1632273042, 0, 557, 978, 815, 106, 11.32%, 0, 0, 8, 72.49
1632273067, 0, 557, 979, 816, 106, 11.33%, 0, 0, 8, 77.26
1632273088, 0, 557, 980, 817, 106, 11.33%, 0, 0, 8, 62.96
1632273103, 0, 557, 981, 818, 106, 11.34%, 0, 0, 8, 79.98
1632273281, 0, 557, 982, 819, 106, 11.34%, 0, 0, 8, 75.80
1632273297, 0, 557, 985, 822, 106, 11.34%, 0, 0, 8, 63.02
1632273373, 0, 557, 986, 823, 106, 11.34%, 0, 0, 8, 56.33
1632273383, 0, 563, 988, 824, 109, 11.34%, 0, 0, 8, 48.59
1632273418, 0, 563, 989, 825, 109, 11.34%, 0, 0, 8, 47.85
1632273509, 0, 564, 989, 824, 109, 11.34%, 0, 0, 8, 46.25
1632273514, 0, 564, 990, 825, 109, 11.34%, 0, 0, 8, 47.01
1632273626, 0, 564, 991, 826, 109, 11.34%, 0, 0, 8, 46.93
1632273661, 0, 567, 991, 825, 109, 11.34%, 0, 0, 8, 45.83
1632273676, 0, 567, 992, 826, 109, 11.35%, 0, 0, 8, 46.55
1632273712, 0, 567, 994, 828, 109, 11.36%, 0, 0, 8, 47.03
1632273784, 0, 567, 995, 829, 109, 11.36%, 0, 0, 8, 45.99
1632273795, 0, 567, 996, 830, 109, 11.36%, 0, 0, 8, 46.70
1632273815, 0, 568, 996, 829, 113, 11.36%, 0, 0, 8, 45.36
1632273974, 0, 569, 996, 828, 112, 11.36%, 0, 0, 8, 46.72
1632274130, 0, 569, 997, 829, 112, 11.37%, 0, 0, 8, 47.84
1632274145, 0, 569, 998, 830, 112, 11.37%, 0, 0, 8, 46.53
1632274150, 0, 569, 999, 831, 112, 11.37%, 0, 0, 8, 46.11
1632274161, 0, 570, 999, 830, 114, 11.37%, 0, 0, 8, 45.43
1632274181, 0, 570, 1000, 831, 114, 11.38%, 0, 0, 8, 45.73
1632274297, 0, 570, 1001, 832, 114, 11.39%, 0, 0, 8, 47.98
1632274318, 0, 580, 1002, 832, 115, 11.39%, 0, 0, 8, 46.59
1632274409, 0, 592, 1005, 834, 114, 11.39%, 0, 0, 8, 46.12
1632274414, 0, 592, 1006, 835, 114, 11.39%, 0, 0, 8, 46.86
1632274419, 0, 592, 1007, 836, 114, 11.39%, 0, 0, 8, 47.07
1632274429, 0, 592, 1009, 838, 114, 11.39%, 0, 0, 8, 47.63
1632274505, 0, 601, 1009, 837, 113, 11.39%, 0, 0, 8, 46.57
1632274596, 0, 615, 1009, 836, 113, 11.39%, 0, 0, 8, 47.13
1632274607, 0, 615, 1010, 837, 113, 11.42%, 0, 0, 8, 47.81
1632274617, 0, 615, 1011, 838, 113, 11.43%, 0, 0, 8, 47.83
1632274708, 0, 615, 1012, 839, 113, 11.43%, 0, 0, 8, 47.66
1632274871, 0, 615, 1013, 840, 113, 11.44%, 0, 0, 8, 47.76
1632274891, 0, 616, 1013, 839, 113, 11.44%, 0, 0, 8, 46.30
1632275035, 0, 616, 1014, 840, 113, 11.44%, 0, 0, 9, 48.89
1632275056, 0, 616, 1015, 841, 113, 11.44%, 0, 0, 9, 48.31
1632275077, 0, 618, 1015, 840, 114, 11.44%, 0, 0, 9, 48.02
1632275252, 0, 619, 1015, 839, 113, 11.44%, 0, 0, 9, 45.77
1632275433, 0, 620, 1015, 838, 112, 11.44%, 0, 0, 9, 46.71
1632275613, 0, 621, 1015, 837, 111, 11.44%, 0, 0, 9, 47.25
1632275738, 0, 621, 1016, 838, 111, 11.45%, 0, 0, 9, 48.00
1632275774, 0, 621, 1017, 839, 111, 11.45%, 0, 0, 9, 48.19
1632275794, 0, 622, 1017, 838, 112, 11.45%, 0, 0, 9, 45.36
1632275799, 0, 622, 1019, 840, 112, 11.45%, 0, 0, 9, 46.75
1632275840, 0, 622, 1020, 841, 112, 11.46%, 0, 0, 9, 48.97
1632275943, 0, 622, 1021, 842, 112, 11.46%, 0, 0, 9, 47.05
1632275958, 0, 622, 1023, 844, 112, 11.47%, 0, 0, 9, 46.97
1632275994, 0, 623, 1023, 843, 116, 11.47%, 0, 0, 9, 46.17
1632276177, 0, 624, 1023, 842, 115, 11.47%, 0, 0, 9, 66.95
1632276279, 0, 625, 1023, 841, 114, 11.47%, 0, 0, 9, 64.49
1632276381, 0, 626, 1023, 840, 113, 11.47%, 0, 0, 9, 66.31
1632276396, 0, 626, 1024, 841, 113, 11.47%, 0, 0, 9, 72.17
1632276478, 0, 626, 1025, 842, 113, 11.47%, 0, 0, 9, 49.64
1632276488, 0, 626, 1026, 843, 113, 11.47%, 0, 0, 9, 49.64
1632276514, 0, 626, 1027, 844, 113, 11.47%, 0, 0, 9, 48.35
1632276539, 0, 628, 1027, 843, 113, 11.47%, 0, 0, 9, 52.25
1632276544, 0, 628, 1029, 845, 113, 11.47%, 0, 0, 9, 76.37
1632276636, 0, 632, 1030, 845, 113, 11.47%, 0, 0, 9, 48.58
1632276905, 0, 632, 1031, 846, 113, 11.47%, 0, 0, 9, 48.70
1632276915, 0, 632, 1032, 847, 113, 11.48%, 0, 0, 9, 47.48
1632277084, 0, 632, 1033, 848, 113, 11.52%, 0, 0, 9, 45.95
1632277100, 0, 634, 1033, 847, 114, 11.52%, 0, 0, 9, 60.10
1632277166, 0, 635, 1033, 846, 113, 11.52%, 0, 0, 9, 56.29
1632277238, 0, 636, 1034, 846, 112, 11.52%, 0, 0, 9, 71.98
1632277248, 0, 636, 1035, 847, 112, 11.52%, 0, 0, 9, 64.09
1632277299, 0, 636, 1036, 848, 112, 11.52%, 0, 0, 9, 50.34
1632277304, 0, 636, 1037, 849, 112, 11.61%, 0, 0, 9, 50.04
1632277315, 0, 636, 1038, 850, 112, 11.61%, 0, 0, 9, 49.28
1632277325, 0, 636, 1039, 851, 112, 11.61%, 0, 0, 9, 49.23
1632277350, 0, 636, 1040, 852, 112, 11.61%, 0, 0, 9, 48.62
1632277361, 0, 637, 1041, 852, 113, 11.61%, 0, 0, 9, 48.05
1632277366, 0, 637, 1042, 853, 113, 11.61%, 0, 0, 9, 48.03
1632277371, 0, 637, 1044, 855, 113, 11.61%, 0, 0, 9, 47.78
1632277376, 0, 637, 1045, 856, 113, 11.61%, 0, 0, 9, 48.19
1632277386, 0, 637, 1047, 858, 113, 11.61%, 0, 0, 9, 47.70
1632277421, 0, 637, 1048, 859, 113, 11.62%, 0, 0, 9, 46.67
1632277442, 0, 637, 1050, 861, 113, 11.62%, 0, 0, 9, 46.46
1632277447, 0, 637, 1053, 864, 113, 11.62%, 0, 0, 9, 46.09
1632277452, 0, 637, 1054, 865, 113, 11.62%, 0, 0, 9, 45.79
1632277467, 0, 637, 1055, 866, 113, 11.62%, 0, 0, 9, 45.66
1632277472, 0, 637, 1056, 867, 113, 11.62%, 0, 0, 9, 45.73
1632277478, 0, 637, 1057, 868, 113, 11.62%, 0, 0, 9, 47.21
1632277488, 0, 637, 1058, 869, 113, 11.62%, 0, 0, 9, 46.29
1632277493, 0, 637, 1059, 870, 113, 11.62%, 0, 0, 9, 45.97
1632277549, 0, 641, 1060, 870, 117, 11.62%, 0, 0, 9, 46.44
1632277590, 0, 648, 1060, 869, 116, 11.62%, 0, 0, 9, 45.17
1632277656, 0, 655, 1060, 868, 116, 11.62%, 0, 0, 9, 61.71
1632277728, 0, 660, 1060, 867, 115, 11.62%, 0, 0, 9, 63.85
1632277733, 0, 660, 1061, 868, 115, 11.62%, 0, 0, 9, 71.21
1632277738, 0, 660, 1062, 869, 115, 11.62%, 0, 0, 9, 63.41
1632277784, 0, 660, 1064, 871, 115, 11.62%, 0, 0, 9, 51.93
1632277794, 0, 660, 1065, 872, 115, 11.62%, 0, 0, 9, 49.01
1632277804, 0, 660, 1066, 873, 115, 11.62%, 0, 0, 9, 48.66
1632277814, 0, 660, 1067, 874, 115, 11.62%, 0, 0, 9, 49.57
1632277855, 0, 663, 1067, 873, 115, 11.62%, 0, 0, 9, 47.26
1632277875, 0, 666, 1067, 872, 114, 11.62%, 0, 0, 9, 44.48
1632277963, 0, 667, 1067, 871, 113, 11.62%, 0, 0, 9, 46.93
1632278050, 0, 670, 1068, 871, 112, 11.62%, 0, 0, 9, 62.18
1632278106, 0, 670, 1069, 872, 112, 11.62%, 0, 0, 9, 52.19
1632278111, 0, 670, 1070, 873, 112, 11.62%, 0, 0, 9, 49.44
1632278121, 0, 670, 1071, 874, 112, 11.62%, 0, 0, 9, 44.51
1632278127, 0, 670, 1072, 875, 112, 11.62%, 0, 0, 9, 47.10
1632278203, 0, 671, 1072, 874, 113, 11.62%, 0, 0, 9, 47.46
1632278278, 0, 671, 1074, 876, 113, 11.62%, 0, 0, 9, 46.62
1632278283, 0, 671, 1075, 877, 113, 11.62%, 0, 0, 9, 45.60
1632278289, 0, 671, 1076, 878, 113, 11.62%, 0, 0, 9, 45.63
1632278319, 0, 671, 1077, 879, 113, 11.62%, 0, 0, 9, 45.32
1632278335, 0, 671, 1078, 880, 113, 11.62%, 0, 0, 9, 44.87
1632278386, 0, 684, 1078, 879, 112, 11.62%, 0, 0, 9, 44.81
1632278396, 0, 684, 1079, 880, 112, 11.62%, 0, 0, 9, 47.32
1632278533, 0, 684, 1080, 881, 112, 11.62%, 0, 0, 9, 46.51
1632278538, 0, 684, 1081, 882, 112, 11.62%, 0, 0, 9, 45.47
1632278579, 0, 707, 1081, 881, 112, 11.62%, 0, 0, 9, 47.17
1632278675, 0, 708, 1081, 880, 111, 11.62%, 0, 0, 9, 53.49
1632278680, 0, 708, 1082, 881, 111, 11.62%, 0, 0, 9, 75.17
1632278756, 0, 708, 1083, 882, 111, 11.62%, 0, 0, 9, 55.39
1632278792, 0, 712, 1083, 881, 110, 11.62%, 0, 0, 9, 1.81
1632278803, 0, 712, 1084, 882, 110, 11.65%, 0, 0, 9, 2.96
1632278873, 0, 712, 1085, 883, 110, 11.65%, 0, 0, 9, 2.42
1632278878, 0, 712, 1086, 884, 110, 11.66%, 0, 0, 9, 2.13
1632278993, 0, 712, 1087, 885, 110, 11.66%, 0, 0, 9, 6.04
1632279004, 0, 712, 1088, 886, 110, 11.66%, 0, 0, 9, 3.05
1632279019, 0, 712, 1089, 887, 110, 11.66%, 0, 0, 9, 3.82
1632279073, 0, 712, 1090, 888, 110, 11.66%, 0, 0, 9, 1.81
1632279079, 0, 712, 1091, 889, 110, 11.66%, 0, 0, 9, 1.81
1632279106, 0, 712, 1092, 890, 110, 11.67%, 0, 0, 9, 1.80
1632279116, 0, 712, 1093, 891, 110, 11.67%, 0, 0, 9, 5.53
1632279122, 0, 712, 1094, 892, 110, 11.67%, 0, 0, 9, 3.66
1632279127, 0, 712, 1095, 893, 110, 11.67%, 0, 0, 9, 2.78
1632279138, 0, 712, 1096, 894, 110, 11.67%, 0, 0, 9, 2.04
1632279144, 0, 712, 1097, 895, 110, 11.67%, 0, 0, 9, 5.79
1632279149, 0, 712, 1098, 896, 110, 11.67%, 0, 0, 9, 4.83
1632279154, 0, 712, 1099, 897, 110, 11.67%, 0, 0, 9, 3.62
1632279169, 0, 712, 1100, 898, 110, 11.67%, 0, 0, 9, 3.57
1632279175, 0, 712, 1101, 899, 110, 11.67%, 0, 0, 9, 3.18
1632279185, 0, 712, 1102, 900, 110, 11.67%, 0, 0, 9, 3.50
1632279196, 0, 712, 1103, 901, 110, 11.67%, 0, 0, 9, 4.56
1632279201, 0, 712, 1104, 902, 110, 11.67%, 0, 0, 9, 4.93
1632279212, 0, 712, 1105, 903, 110, 11.67%, 0, 0, 9, 7.80
1632279227, 0, 712, 1106, 904, 110, 11.67%, 0, 0, 9, 3.14
1632279243, 0, 712, 1107, 905, 110, 11.67%, 0, 0, 9, 3.01
1632279307, 0, 712, 1108, 906, 110, 11.67%, 0, 0, 9, 41.91
1632279318, 0, 712, 1109, 907, 110, 11.67%, 0, 0, 9, 42.60
1632279471, 0, 712, 1110, 908, 110, 11.67%, 0, 0, 9, 17.54
1632279481, 0, 712, 1111, 909, 110, 11.67%, 0, 0, 9, 3.73
1632279587, 0, 717, 1111, 908, 116, 11.67%, 0, 0, 9, 58.42
1632279684, 0, 719, 1111, 907, 115, 11.67%, 0, 0, 9, 46.41
1632279770, 0, 719, 1112, 908, 115, 11.67%, 0, 0, 9, 45.71
1632279775, 0, 719, 1113, 909, 115, 11.67%, 0, 0, 9, 46.00
1632279805, 0, 719, 1114, 910, 115, 11.67%, 0, 0, 9, 46.36
1632279846, 0, 719, 1115, 911, 115, 11.67%, 0, 0, 9, 46.69
1632279872, 0, 734, 1115, 910, 116, 11.67%, 0, 0, 9, 44.68
1632279877, 0, 734, 1117, 912, 116, 11.70%, 0, 0, 9, 48.12
1632279892, 0, 734, 1118, 913, 116, 11.70%, 0, 0, 9, 47.02
1632279912, 0, 734, 1119, 914, 116, 11.71%, 0, 0, 9, 47.13
1632279932, 0, 734, 1120, 915, 116, 11.71%, 0, 0, 9, 47.50
1632279943, 0, 734, 1122, 917, 116, 11.77%, 0, 0, 9, 47.16
1632280135, 0, 734, 1126, 921, 116, 11.77%, 0, 0, 9, 46.71
1632280195, 0, 734, 1127, 922, 116, 11.78%, 0, 0, 9, 46.91
1632280322, 0, 740, 1127, 921, 121, 11.78%, 0, 0, 9, 63.26
1632280394, 0, 746, 1127, 920, 120, 11.78%, 0, 0, 9, 47.77
1632280399, 0, 746, 1128, 921, 120, 11.78%, 0, 0, 9, 72.82
1632280404, 0, 746, 1129, 922, 120, 11.78%, 0, 0, 9, 64.72
1632280445, 0, 746, 1130, 923, 120, 11.78%, 0, 0, 9, 59.50
1632280460, 0, 746, 1131, 924, 120, 11.78%, 0, 0, 9, 50.86
1632280470, 0, 746, 1132, 925, 120, 11.78%, 0, 0, 9, 51.50
1632280490, 0, 746, 1133, 926, 120, 11.78%, 0, 0, 9, 50.46
1632280515, 0, 746, 1134, 927, 120, 11.78%, 0, 0, 9, 50.09
1632280520, 0, 746, 1135, 928, 120, 11.78%, 0, 0, 9, 50.53
1632280541, 0, 747, 1135, 927, 121, 11.78%, 0, 0, 9, 51.16
1632280546, 0, 747, 1136, 928, 121, 11.78%, 0, 0, 9, 48.44
1632280639, 0, 757, 1136, 927, 120, 11.78%, 0, 0, 9, 47.14
1632280649, 0, 757, 1137, 928, 120, 11.78%, 0, 0, 9, 47.91
1632281101, 0, 757, 1138, 929, 120, 11.78%, 0, 0, 9, 46.02
1632281106, 0, 757, 1139, 930, 120, 11.78%, 0, 0, 9, 46.13
1632281111, 0, 757, 1140, 931, 120, 11.78%, 0, 0, 9, 47.22
1632281127, 0, 757, 1141, 932, 120, 11.78%, 0, 0, 9, 45.75
1632281142, 0, 757, 1142, 933, 120, 11.78%, 0, 0, 9, 45.91
1632281199, 0, 759, 1142, 932, 120, 11.78%, 0, 0, 9, 46.27
1632281225, 0, 759, 1143, 933, 120, 11.78%, 0, 0, 9, 64.53
1632281377, 0, 780, 1143, 932, 119, 11.78%, 0, 0, 9, 67.29
1632281535, 0, 780, 1145, 934, 119, 11.78%, 0, 0, 9, 82.94
1632281550, 0, 780, 1146, 935, 119, 11.78%, 0, 0, 9, 52.30
1632281555, 0, 780, 1147, 936, 119, 11.78%, 0, 0, 9, 55.29
1632281561, 0, 780, 1149, 938, 119, 11.78%, 0, 0, 9, 52.95
1632281581, 0, 780, 1150, 939, 119, 11.78%, 0, 0, 9, 50.11
1632281611, 0, 783, 1151, 939, 118, 11.78%, 0, 0, 9, 67.18
1632281779, 0, 786, 1151, 938, 117, 11.78%, 0, 0, 9, 54.52
1632281784, 0, 786, 1152, 939, 117, 11.78%, 0, 0, 9, 82.16
1632281982, 0, 790, 1152, 938, 116, 11.78%, 0, 0, 9, 57.13
1632281988, 0, 790, 1153, 939, 116, 11.78%, 0, 0, 9, 83.34
1632281998, 0, 790, 1154, 940, 116, 11.78%, 0, 0, 9, 86.29
1632282176, 0, 790, 1155, 941, 116, 11.78%, 0, 0, 9, 86.35
1632282196, 0, 790, 1156, 942, 116, 11.78%, 0, 0, 9, 55.43
1632282247, 0, 813, 1156, 941, 115, 11.78%, 0, 0, 9, 66.11
1632282272, 0, 813, 1157, 942, 115, 11.78%, 0, 0, 9, 81.24
1632282574, 0, 825, 1160, 944, 114, 11.78%, 0, 0, 9, 49.77
1632282579, 0, 825, 1161, 945, 114, 11.78%, 0, 0, 9, 48.01
1632282690, 0, 825, 1163, 947, 114, 11.78%, 0, 0, 9, 46.17
1632282700, 0, 825, 1164, 948, 114, 11.78%, 0, 0, 9, 46.21
1632282721, 0, 825, 1165, 949, 114, 11.78%, 0, 0, 9, 45.43
1632282736, 0, 825, 1166, 950, 114, 11.78%, 0, 0, 9, 45.71
1632282767, 0, 825, 1167, 951, 114, 11.78%, 0, 0, 9, 45.64
1632282792, 0, 831, 1167, 950, 113, 11.78%, 0, 0, 9, 45.55
1632282980, 0, 831, 1168, 951, 113, 11.78%, 0, 0, 9, 45.39
1632282996, 0, 831, 1169, 952, 113, 11.78%, 0, 0, 9, 45.35
1632283031, 0, 833, 1169, 951, 112, 11.78%, 0, 0, 9, 44.93
1632283184, 0, 834, 1169, 950, 111, 11.78%, 0, 0, 9, 48.16
1632283351, 0, 835, 1169, 949, 110, 11.78%, 0, 0, 9, 46.45
1632283499, 0, 838, 1169, 948, 109, 11.78%, 0, 0, 9, 45.75
1632283754, 0, 840, 1169, 947, 108, 11.78%, 0, 0, 9, 68.04
1632283861, 0, 846, 1170, 947, 107, 11.78%, 0, 0, 9, 47.46
1632284094, 0, 846, 1171, 948, 107, 11.78%, 0, 0, 9, 47.28
1632284155, 0, 846, 1172, 949, 107, 11.78%, 0, 0, 9, 46.26
1632284181, 0, 851, 1172, 948, 106, 11.78%, 0, 0, 9, 46.15
1632284500, 0, 855, 1172, 947, 105, 11.78%, 0, 0, 9, 56.84
1632284658, 0, 856, 1172, 946, 104, 11.78%, 0, 0, 9, 49.66
1632284800, 0, 858, 1172, 945, 103, 11.78%, 0, 0, 9, 45.17
1632284958, 0, 860, 1172, 944, 102, 11.78%, 0, 0, 9, 45.01
1632284963, 0, 860, 1173, 945, 102, 11.78%, 0, 0, 9, 46.90
1632284988, 0, 860, 1174, 946, 102, 11.78%, 0, 0, 9, 47.50
1632285084, 0, 860, 1176, 948, 102, 11.78%, 0, 0, 9, 46.21
1632285099, 0, 860, 1177, 949, 102, 11.78%, 0, 0, 9, 45.71
1632285104, 0, 860, 1178, 950, 102, 11.78%, 0, 0, 9, 45.82
1632285109, 0, 860, 1179, 951, 102, 11.78%, 0, 0, 9, 45.87
1632285115, 0, 860, 1180, 952, 102, 11.78%, 0, 0, 9, 46.08
1632285125, 0, 860, 1181, 953, 102, 11.78%, 0, 0, 9, 47.33
1632285130, 0, 860, 1182, 954, 102, 11.78%, 0, 0, 9, 46.26
1632285140, 0, 860, 1183, 955, 102, 11.78%, 0, 0, 9, 45.57
1632285170, 0, 860, 1184, 956, 102, 11.78%, 0, 0, 9, 46.25
1632285175, 0, 860, 1185, 957, 102, 11.78%, 0, 0, 9, 46.01
1632285191, 0, 862, 1187, 958, 102, 11.78%, 0, 0, 9, 46.03
1632285196, 0, 862, 1188, 959, 102, 11.78%, 0, 0, 9, 47.05
1632285206, 0, 862, 1190, 961, 102, 11.79%, 0, 0, 9, 47.16
1632285216, 0, 862, 1192, 963, 102, 11.79%, 0, 0, 9, 47.38
1632285327, 0, 866, 1192, 962, 107, 11.79%, 0, 0, 9, 46.15
1632285333, 0, 866, 1193, 963, 107, 11.79%, 0, 0, 9, 47.74
1632285343, 0, 866, 1194, 964, 107, 11.80%, 0, 0, 9, 48.59
1632285358, 0, 866, 1195, 965, 107, 11.80%, 0, 0, 9, 54.07
1632285408, 0, 866, 1196, 966, 107, 11.80%, 0, 0, 9, 54.18
1632285444, 0, 866, 1197, 967, 107, 11.80%, 0, 0, 9, 50.71
1632285449, 0, 866, 1200, 970, 107, 11.80%, 0, 0, 9, 49.68
1632285454, 0, 866, 1201, 971, 107, 11.80%, 0, 0, 9, 47.17
1632285459, 0, 866, 1202, 972, 107, 11.80%, 0, 0, 9, 46.13
1632285464, 0, 866, 1203, 973, 107, 11.80%, 0, 0, 9, 45.80
1632285469, 0, 866, 1204, 974, 107, 11.82%, 0, 0, 9, 46.13
1632285474, 0, 866, 1206, 976, 107, 11.82%, 0, 0, 9, 46.96
1632285479, 0, 866, 1208, 978, 107, 11.82%, 0, 0, 9, 46.45
1632285485, 0, 866, 1209, 979, 107, 11.82%, 0, 0, 9, 45.82
1632285495, 0, 866, 1210, 980, 107, 11.82%, 0, 0, 9, 46.02
1632285505, 0, 866, 1212, 982, 107, 11.82%, 0, 0, 9, 44.37
1632285556, 0, 867, 1212, 981, 109, 11.82%, 0, 0, 9, 47.01
1632285581, 0, 867, 1213, 982, 109, 11.82%, 0, 0, 9, 47.78
1632285688, 0, 867, 1214, 983, 109, 11.82%, 0, 0, 9, 45.43
1632285708, 0, 870, 1214, 982, 108, 11.82%, 0, 0, 9, 46.47
1632285713, 0, 870, 1215, 983, 108, 11.82%, 0, 0, 9, 47.13
1632285875, 0, 870, 1216, 984, 108, 11.82%, 0, 0, 9, 45.84
1632285885, 0, 874, 1216, 983, 108, 11.82%, 0, 0, 9, 46.00
1632285891, 0, 874, 1217, 984, 108, 11.82%, 0, 0, 9, 47.72
1632285901, 0, 874, 1218, 985, 108, 11.82%, 0, 0, 9, 47.77
1632286144, 0, 874, 1219, 986, 108, 11.82%, 0, 0, 9, 47.29
1632286154, 0, 874, 1220, 987, 108, 11.82%, 0, 0, 9, 47.74
1632286159, 0, 874, 1221, 988, 108, 11.82%, 0, 0, 9, 47.31
1632286164, 0, 874, 1222, 989, 108, 11.82%, 0, 0, 9, 48.23
1632286169, 0, 874, 1223, 990, 108, 11.82%, 0, 0, 9, 48.99
1632286184, 0, 874, 1225, 992, 108, 11.82%, 0, 0, 9, 47.80
1632286189, 0, 874, 1226, 993, 108, 11.82%, 0, 0, 9, 47.50
1632286235, 0, 889, 1226, 992, 107, 11.82%, 0, 0, 9, 46.58
1632286245, 0, 889, 1227, 993, 107, 11.82%, 0, 0, 9, 47.33
1632286402, 0, 895, 1227, 992, 107, 11.82%, 0, 0, 9, 49.27
1632286468, 0, 895, 1228, 993, 107, 11.82%, 0, 0, 9, 52.16
1632286503, 0, 895, 1229, 994, 107, 11.82%, 0, 0, 9, 48.39
1632286509, 0, 895, 1230, 995, 107, 11.82%, 0, 0, 9, 47.83
1632286524, 0, 895, 1231, 996, 107, 11.82%, 0, 0, 9, 47.31
1632286529, 0, 895, 1232, 997, 107, 11.82%, 0, 0, 9, 47.29
1632286534, 0, 895, 1234, 999, 107, 11.83%, 0, 0, 9, 47.39
1632286595, 0, 896, 1234, 998, 106, 11.83%, 0, 0, 9, 46.53
1632286677, 0, 896, 1235, 999, 106, 11.83%, 0, 0, 9, 48.98
1632286697, 0, 899, 1235, 998, 106, 11.83%, 0, 0, 9, 48.67
1632286783, 0, 901, 1235, 997, 105, 11.83%, 0, 0, 9, 50.37
1632286935, 0, 901, 1236, 998, 105, 11.83%, 0, 0, 9, 48.06
1632286945, 0, 901, 1237, 999, 105, 11.83%, 0, 0, 9, 46.58
1632286986, 0, 905, 1238, 999, 105, 11.83%, 0, 0, 9, 70.12
1632287103, 0, 905, 1239, 1000, 105, 11.83%, 0, 0, 9, 54.19
1632287128, 0, 905, 1240, 1001, 105, 11.83%, 0, 0, 9, 50.86
1632287164, 0, 905, 1241, 1002, 105, 11.83%, 0, 0, 9, 51.16
1632287169, 0, 911, 1242, 1002, 105, 11.83%, 0, 0, 9, 51.39
1632287184, 0, 911, 1243, 1003, 105, 11.83%, 0, 0, 9, 49.52
1632287331, 0, 912, 1243, 1002, 105, 11.83%, 0, 0, 9, 48.26
1632287412, 0, 912, 1244, 1003, 105, 11.83%, 0, 0, 9, 46.75
1632287427, 0, 912, 1245, 1004, 105, 11.83%, 0, 0, 9, 45.39
1632287468, 0, 915, 1247, 1005, 104, 11.83%, 0, 0, 9, 46.24
1632287473, 0, 915, 1249, 1007, 104, 11.83%, 0, 0, 9, 47.18
1632287478, 0, 915, 1250, 1008, 104, 11.83%, 0, 0, 9, 47.94
1632287493, 0, 915, 1251, 1009, 104, 11.84%, 0, 0, 9, 47.59
1632287543, 0, 915, 1252, 1010, 104, 11.84%, 0, 0, 9, 48.70
1632287589, 0, 915, 1256, 1014, 104, 11.84%, 0, 0, 9, 47.58
1632287594, 0, 915, 1258, 1016, 104, 11.84%, 0, 0, 9, 46.02
1632287599, 0, 915, 1261, 1019, 104, 11.84%, 0, 0, 9, 46.21
1632287619, 0, 915, 1263, 1021, 104, 11.84%, 0, 0, 9, 45.39
1632287645, 0, 915, 1264, 1022, 104, 11.84%, 0, 0, 9, 45.77
1632287660, 0, 915, 1265, 1023, 104, 11.84%, 0, 0, 9, 45.34
1632287691, 0, 915, 1266, 1024, 104, 11.84%, 0, 0, 9, 45.54
1632287701, 0, 918, 1266, 1023, 104, 11.84%, 0, 0, 9, 59.96
1632287706, 0, 918, 1267, 1024, 104, 11.84%, 0, 0, 9, 76.81
1632287721, 0, 918, 1268, 1025, 104, 11.84%, 0, 0, 9, 81.31
1632287798, 0, 918, 1269, 1026, 104, 11.84%, 0, 0, 9, 48.79
1632287808, 0, 918, 1270, 1027, 104, 11.85%, 0, 0, 9, 49.43
1632287854, 0, 922, 1271, 1027, 104, 11.85%, 0, 0, 9, 48.55
1632287986, 0, 922, 1272, 1028, 104, 11.85%, 0, 0, 9, 46.86
1632287991, 0, 922, 1273, 1029, 104, 11.85%, 0, 0, 9, 46.34
1632288001, 0, 922, 1274, 1030, 104, 11.85%, 0, 0, 9, 46.57
1632288042, 0, 922, 1275, 1031, 104, 11.85%, 0, 0, 9, 46.16
1632288094, 0, 930, 1275, 1030, 103, 11.85%, 0, 0, 9, 57.95
1632288206, 0, 930, 1276, 1031, 103, 11.85%, 0, 0, 9, 51.34
1632288226, 0, 930, 1277, 1032, 103, 11.85%, 0, 0, 9, 50.67
1632288291, 0, 934, 1277, 1031, 102, 11.85%, 0, 0, 9, 49.03
1632288296, 0, 934, 1278, 1032, 102, 11.85%, 0, 0, 9, 47.70
1632288393, 0, 939, 1282, 1035, 101, 11.85%, 0, 0, 9, 48.69
1632288403, 0, 939, 1284, 1037, 101, 11.86%, 0, 0, 9, 48.33
1632288413, 0, 939, 1287, 1040, 101, 11.86%, 0, 0, 9, 50.75
1632288434, 0, 939, 1290, 1043, 101, 11.86%, 0, 0, 9, 48.23
1632288651, 0, 939, 1291, 1044, 101, 11.86%, 0, 0, 9, 47.29
1632288656, 0, 939, 1292, 1045, 101, 11.86%, 0, 0, 9, 46.65
1632288677, 0, 939, 1293, 1046, 101, 11.86%, 0, 0, 9, 45.81
1632288703, 0, 939, 1294, 1047, 101, 11.86%, 0, 0, 9, 46.51
1632288744, 0, 939, 1295, 1048, 101, 11.86%, 0, 0, 9, 45.94
1632288759, 0, 941, 1295, 1047, 104, 11.86%, 0, 0, 9, 47.73
1632288769, 0, 941, 1296, 1048, 104, 11.86%, 0, 0, 9, 48.67
1632288779, 0, 941, 1297, 1049, 104, 11.86%, 0, 0, 9, 48.95
1632288794, 0, 941, 1298, 1050, 104, 11.86%, 0, 0, 9, 46.79
1632288800, 0, 941, 1299, 1051, 104, 11.86%, 0, 0, 9, 48.24
1632289008, 0, 943, 1299, 1050, 106, 11.86%, 0, 0, 9, 11.55
1632289135, 0, 945, 1301, 1051, 104, 11.87%, 0, 0, 9, 70.62
1632289140, 0, 945, 1302, 1052, 104, 11.87%, 0, 0, 9, 80.57
1632289145, 0, 945, 1305, 1055, 104, 11.87%, 0, 0, 9, 83.13
1632289156, 0, 945, 1308, 1058, 104, 11.88%, 0, 0, 9, 10.37
1632289268, 0, 955, 1309, 1058, 110, 11.88%, 0, 0, 9, 49.69
1632289425, 0, 957, 1310, 1058, 109, 11.88%, 0, 0, 9, 46.88
1632289435, 0, 957, 1311, 1059, 109, 11.88%, 0, 0, 9, 47.64
1632289597, 0, 959, 1312, 1059, 109, 11.88%, 0, 0, 9, 46.83
1632289784, 0, 959, 1314, 1061, 109, 11.88%, 0, 0, 9, 46.42
1632289800, 0, 959, 1315, 1062, 109, 11.88%, 0, 0, 9, 47.20
1632289892, 0, 974, 1315, 1061, 108, 11.88%, 0, 0, 9, 76.05
1632290084, 0, 979, 1315, 1060, 107, 11.88%, 0, 0, 9, 75.35
1632290319, 0, 980, 1316, 1060, 106, 11.90%, 0, 0, 9, 58.21
1632290324, 0, 980, 1319, 1063, 106, 11.90%, 0, 0, 9, 83.97
1632290329, 0, 980, 1321, 1065, 106, 11.91%, 0, 0, 9, 88.87
1632290334, 0, 980, 1323, 1067, 106, 11.91%, 0, 0, 9, 87.31
1632290339, 0, 980, 1324, 1068, 106, 11.91%, 0, 0, 9, 80.63
1632290345, 0, 980, 1325, 1069, 106, 11.91%, 0, 0, 9, 93.93
1632290350, 0, 980, 1326, 1070, 106, 11.91%, 0, 0, 9, 88.87
1632290365, 0, 980, 1329, 1073, 106, 11.91%, 0, 0, 9, 70.37
1632290457, 0, 980, 1330, 1074, 106, 11.92%, 0, 0, 9, 87.77
1632290482, 0, 980, 1331, 1075, 106, 11.92%, 0, 0, 9, 94.22
1632290564, 0, 980, 1332, 1076, 106, 11.92%, 0, 0, 9, 62.95
1632290569, 0, 980, 1333, 1077, 106, 11.92%, 0, 0, 9, 59.65
1632290579, 0, 980, 1334, 1078, 106, 11.92%, 0, 0, 9, 57.50
1632290604, 0, 980, 1335, 1079, 106, 11.92%, 0, 0, 9, 59.79
1632290610, 0, 980, 1336, 1080, 106, 11.92%, 0, 0, 9, 60.56
1632290625, 0, 984, 1336, 1079, 114, 11.92%, 0, 0, 9, 55.31
1632290885, 0, 988, 1336, 1078, 113, 11.92%, 0, 0, 9, 50.24
1632291005, 0, 988, 1337, 1079, 113, 11.92%, 0, 0, 9, 45.60
1632291031, 0, 989, 1337, 1078, 113, 11.92%, 0, 0, 9, 46.19
1632291188, 0, 991, 1337, 1077, 112, 11.92%, 0, 0, 9, 45.91
1632291322, 0, 991, 1338, 1078, 112, 11.92%, 0, 0, 9, 46.95
1632291347, 0, 994, 1338, 1077, 112, 11.92%, 0, 0, 9, 45.79
1632291511, 0, 995, 1338, 1076, 111, 11.92%, 0, 0, 9, 45.82
1632291665, 0, 996, 1338, 1075, 110, 11.92%, 0, 0, 9, 45.07
1632291676, 0, 996, 1339, 1076, 110, 11.92%, 0, 0, 9, 47.03
1632291681, 0, 996, 1340, 1077, 110, 11.93%, 0, 0, 9, 46.97
1632291722, 0, 996, 1341, 1078, 110, 11.93%, 0, 0, 9, 48.01
1632291727, 0, 996, 1342, 1079, 110, 11.94%, 0, 0, 9, 48.25
1632291859, 0, 997, 1342, 1078, 113, 11.94%, 0, 0, 9, 47.06
1632291916, 0, 997, 1343, 1079, 113, 11.94%, 0, 0, 9, 48.34
1632292050, 0, 998, 1343, 1078, 113, 11.94%, 0, 0, 9, 47.37
1632292290, 0, 999, 1343, 1077, 112, 11.94%, 0, 0, 9, 45.38
1632292295, 0, 999, 1344, 1078, 112, 11.94%, 0, 0, 9, 46.43
1632292448, 0, 1000, 1344, 1077, 112, 11.94%, 0, 0, 9, 44.60
1632292611, 0, 1009, 1347, 1079, 111, 11.94%, 0, 0, 9, 45.50
1632292637, 0, 1009, 1348, 1080, 111, 11.94%, 0, 0, 9, 46.09
1632292652, 0, 1009, 1349, 1081, 111, 11.95%, 0, 0, 9, 45.68
1632292856, 0, 1009, 1353, 1085, 111, 11.95%, 0, 0, 9, 46.76
1632292928, 0, 1009, 1354, 1086, 111, 11.95%, 0, 0, 9, 45.15
1632292933, 0, 1009, 1355, 1087, 111, 11.95%, 0, 0, 9, 45.05
1632292969, 0, 1010, 1355, 1086, 113, 11.95%, 0, 0, 9, 46.15
1632293273, 0, 1012, 1355, 1085, 112, 11.95%, 0, 0, 9, 45.30
1632293289, 0, 1012, 1356, 1086, 112, 11.95%, 0, 0, 9, 45.91
1632293299, 0, 1012, 1357, 1087, 112, 11.95%, 0, 0, 9, 45.83
1632293320, 0, 1012, 1358, 1088, 112, 11.95%, 0, 0, 9, 45.98
1632293595, 0, 1013, 1358, 1087, 113, 11.95%, 0, 0, 9, 47.07
1632293778, 0, 1014, 1358, 1086, 112, 11.95%, 0, 0, 9, 46.53
1632293963, 0, 1015, 1358, 1085, 111, 11.95%, 0, 0, 9, 46.86
1632294151, 0, 1016, 1358, 1084, 110, 11.95%, 0, 0, 9, 47.19
1632294191, 0, 1016, 1359, 1085, 110, 11.95%, 0, 0, 10, 47.77
1632294338, 0, 1018, 1359, 1084, 110, 11.95%, 0, 0, 10, 45.31
1632294496, 0, 1018, 1360, 1085, 110, 11.95%, 0, 0, 10, 46.41
1632294501, 0, 1018, 1361, 1086, 110, 11.95%, 0, 0, 10, 46.77
1632294537, 0, 1019, 1361, 1085, 110, 11.95%, 0, 0, 10, 45.83
1632294542, 0, 1019, 1363, 1087, 110, 11.96%, 0, 0, 10, 46.34
1632294700, 0, 1019, 1364, 1088, 110, 11.97%, 0, 0, 10, 46.79
1632294705, 0, 1019, 1365, 1089, 110, 11.97%, 0, 0, 10, 48.35
1632294735, 0, 1020, 1365, 1088, 113, 11.97%, 0, 0, 10, 45.60
1632294931, 0, 1021, 1365, 1087, 112, 11.97%, 0, 0, 10, 45.75
1632295098, 0, 1021, 1366, 1088, 112, 11.98%, 0, 0, 10, 47.47
1632295133, 0, 1023, 1366, 1087, 112, 11.98%, 0, 0, 10, 68.20
1632295240, 0, 1027, 1366, 1086, 111, 11.98%, 0, 0, 10, 71.01
1632295250, 0, 1027, 1367, 1087, 111, 11.98%, 0, 0, 10, 61.85
1632295265, 0, 1027, 1368, 1088, 111, 11.98%, 0, 0, 10, 94.12
1632295311, 0, 1027, 1369, 1089, 111, 11.98%, 0, 0, 10, 80.32
1632295316, 0, 1027, 1370, 1090, 111, 11.98%, 0, 0, 10, 56.99
1632295362, 0, 1032, 1370, 1089, 110, 11.98%, 0, 0, 10, 49.64
1632295367, 0, 1032, 1372, 1091, 110, 11.99%, 0, 0, 10, 48.09
1632295382, 0, 1032, 1373, 1092, 110, 12.00%, 0, 0, 10, 45.04
1632295387, 0, 1032, 1374, 1093, 110, 12.00%, 0, 0, 10, 45.27
1632295423, 0, 1032, 1375, 1094, 110, 12.02%, 0, 0, 10, 47.45
1632295560, 0, 1032, 1380, 1099, 110, 12.02%, 0, 0, 10, 40.05
1632295671, 0, 1032, 1385, 1104, 110, 12.03%, 0, 0, 10, 47.04
1632295721, 0, 1032, 1386, 1105, 110, 12.03%, 0, 0, 10, 46.63
1632295822, 0, 1032, 1387, 1106, 110, 12.03%, 0, 0, 10, 46.81
1632295838, 0, 1032, 1388, 1107, 110, 12.03%, 0, 0, 10, 45.56
1632295848, 0, 1032, 1389, 1108, 110, 12.03%, 0, 0, 10, 46.06
1632295874, 0, 1032, 1390, 1109, 110, 12.03%, 0, 0, 10, 47.10
1632295879, 0, 1032, 1391, 1110, 110, 12.03%, 0, 0, 10, 46.30
1632295894, 0, 1032, 1392, 1111, 110, 12.03%, 0, 0, 10, 45.89
1632295930, 0, 1034, 1394, 1112, 120, 12.03%, 0, 0, 10, 75.59
1632295941, 0, 1034, 1395, 1113, 120, 12.03%, 0, 0, 10, 77.60
1632296002, 0, 1042, 1395, 1112, 119, 12.03%, 0, 0, 10, 47.78
1632296083, 0, 1042, 1396, 1113, 119, 12.03%, 0, 0, 10, 46.55
1632296098, 0, 1042, 1397, 1114, 119, 12.03%, 0, 0, 10, 45.45
1632296119, 0, 1042, 1398, 1115, 119, 12.03%, 0, 0, 10, 44.95
1632296144, 0, 1042, 1399, 1116, 119, 12.03%, 0, 0, 10, 45.54
1632296155, 0, 1042, 1400, 1117, 119, 12.03%, 0, 0, 10, 44.80
1632296185, 0, 1043, 1401, 1117, 120, 12.03%, 0, 0, 10, 45.88
1632296276, 0, 1044, 1402, 1117, 119, 12.03%, 0, 0, 10, 46.64
1632296368, 0, 1045, 1402, 1116, 119, 12.03%, 0, 0, 10, 45.82
1632296459, 0, 1046, 1402, 1115, 118, 12.03%, 0, 0, 10, 45.80
1632296536, 0, 1046, 1403, 1116, 118, 12.03%, 0, 0, 10, 47.10
1632296561, 0, 1047, 1403, 1115, 117, 12.03%, 0, 0, 10, 44.49
1632296658, 0, 1056, 1403, 1114, 116, 12.03%, 0, 0, 10, 83.65
1632296790, 0, 1056, 1405, 1116, 116, 12.03%, 0, 0, 10, 61.43
1632296796, 0, 1056, 1406, 1117, 116, 12.03%, 0, 0, 10, 53.65
1632296801, 0, 1056, 1407, 1118, 116, 12.03%, 0, 0, 10, 51.21
1632296882, 0, 1061, 1407, 1117, 115, 12.03%, 0, 0, 10, 67.13
1632296953, 0, 1061, 1408, 1118, 115, 12.03%, 0, 0, 10, 49.26
1632297009, 0, 1070, 1413, 1122, 114, 12.04%, 0, 0, 10, 65.70
1632297014, 0, 1070, 1416, 1125, 114, 12.04%, 0, 0, 10, 69.64
1632297106, 0, 1072, 1417, 1125, 117, 12.04%, 0, 0, 10, 46.88
1632297223, 0, 1085, 1417, 1124, 116, 12.04%, 0, 0, 10, 42.06
1632297330, 0, 1085, 1418, 1125, 116, 12.04%, 0, 0, 10, 1.81
1632297515, 0, 1087, 1418, 1124, 116, 12.04%, 0, 0, 10, 1.79
1632297578, 0, 1087, 1419, 1125, 116, 12.04%, 0, 0, 10, 3.26
1632297588, 0, 1087, 1420, 1126, 116, 12.04%, 0, 0, 10, 2.25
1632297834, 0, 1091, 1420, 1125, 115, 12.04%, 0, 0, 10, 1.79
1632298209, 0, 1093, 1420, 1124, 114, 12.04%, 0, 0, 10, 1.83
1632298365, 0, 1093, 1421, 1125, 114, 12.04%, 0, 0, 10, 2.69
1632299104, 0, 1099, 1421, 1124, 113, 12.04%, 0, 0, 10, 3.49
1632299846, 0, 1102, 1421, 1123, 112, 12.04%, 0, 0, 10, 42.68
1632299856, 0, 1107, 1421, 1122, 111, 12.04%, 0, 0, 10, 3.41
1632299949, 0, 1107, 1422, 1123, 111, 12.04%, 0, 0, 10, 3.50
1632300854, 0, 1107, 1423, 1124, 111, 12.04%, 0, 0, 10, 3.53
1632302356, 0, 1107, 1423, 1124, 111, 12.04%, 0, 1, 10, 0.20
1632302691, 0, 1107, 1424, 1125, 111, 12.04%, 0, 1, 10, 4.07
1632302706, 0, 1107, 1425, 1126, 111, 12.04%, 0, 1, 10, 4.91
1632302711, 0, 1107, 1426, 1127, 111, 12.04%, 0, 1, 10, 4.91
1632302716, 0, 1107, 1427, 1128, 111, 12.04%, 0, 1, 10, 5.08
1632302722, 0, 1107, 1428, 1129, 111, 12.04%, 0, 1, 10, 4.57
1632302764, 0, 1107, 1429, 1130, 111, 12.04%, 0, 1, 10, 4.63
1632302805, 0, 1107, 1430, 1131, 111, 12.04%, 0, 1, 10, 5.47
1632302898, 0, 1107, 1431, 1132, 111, 12.04%, 0, 1, 10, 5.46
1632302944, 0, 1107, 1432, 1133, 111, 12.04%, 0, 1, 10, 5.33
1632303096, 0, 1107, 1433, 1134, 111, 12.04%, 0, 1, 10, 5.40
1632303141, 0, 1107, 1433, 1134, 111, 12.04%, 0, 2, 10, 0.20
1632303396, 0, 1107, 1434, 1135, 111, 12.04%, 0, 2, 10, 5.43
1632303506, 0, 1111, 1434, 1134, 111, 12.04%, 0, 2, 10, 68.69
1632303521, 0, 1111, 1435, 1135, 111, 12.04%, 0, 2, 10, 66.62
1632303612, 0, 1116, 1436, 1135, 110, 12.04%, 0, 2, 10, 46.96
1632303679, 0, 1116, 1437, 1136, 110, 12.05%, 0, 2, 10, 46.17
1632303872, 0, 1116, 1438, 1137, 110, 12.05%, 0, 2, 10, 47.12
1632304070, 0, 1117, 1439, 1137, 110, 12.05%, 0, 2, 10, 46.53
1632304080, 0, 1117, 1440, 1138, 110, 12.05%, 0, 2, 10, 47.29
1632304086, 0, 1117, 1441, 1139, 110, 12.05%, 0, 2, 10, 46.98
1632304091, 0, 1117, 1443, 1141, 110, 12.05%, 0, 2, 10, 47.28
1632304136, 0, 1117, 1446, 1144, 110, 12.06%, 0, 2, 10, 46.56
1632304283, 0, 1117, 1448, 1146, 110, 12.08%, 0, 2, 10, 47.03
1632304288, 0, 1117, 1449, 1147, 110, 12.08%, 0, 2, 10, 47.17
1632304303, 0, 1117, 1456, 1154, 110, 12.11%, 0, 2, 10, 44.07
1632304308, 0, 1117, 1457, 1155, 110, 12.11%, 0, 2, 10, 45.63
1632304516, 0, 1117, 1458, 1156, 110, 12.11%, 0, 2, 10, 46.04
1632304521, 0, 1117, 1459, 1157, 110, 12.11%, 0, 2, 10, 45.66
1632304547, 0, 1117, 1460, 1158, 110, 12.11%, 0, 2, 10, 45.72
1632304552, 0, 1117, 1461, 1159, 110, 12.11%, 0, 2, 10, 45.61
1632304568, 0, 1117, 1462, 1160, 110, 12.11%, 0, 2, 10, 46.02
1632304624, 0, 1120, 1463, 1160, 120, 12.12%, 0, 2, 10, 47.08
1632304645, 0, 1120, 1464, 1161, 120, 12.12%, 0, 2, 10, 46.96
1632304690, 0, 1120, 1465, 1162, 120, 12.12%, 0, 2, 10, 46.88
1632304883, 0, 1120, 1468, 1165, 120, 12.12%, 0, 2, 10, 46.62
1632304944, 0, 1120, 1469, 1166, 120, 12.12%, 0, 2, 10, 46.88
1632305036, 0, 1120, 1470, 1167, 120, 12.12%, 0, 2, 10, 46.91
1632305066, 0, 1120, 1472, 1169, 120, 12.12%, 0, 2, 10, 46.59
1632305072, 0, 1120, 1473, 1170, 120, 12.12%, 0, 2, 10, 46.07
1632305087, 0, 1120, 1474, 1171, 120, 12.12%, 0, 2, 10, 45.54
1632305123, 0, 1120, 1475, 1172, 120, 12.12%, 0, 2, 10, 45.83
1632305149, 0, 1120, 1476, 1173, 120, 12.12%, 0, 2, 10, 45.69
1632305174, 0, 1121, 1476, 1172, 124, 12.12%, 0, 2, 10, 45.93
1632305438, 0, 1121, 1478, 1174, 124, 12.14%, 0, 2, 10, 47.01
1632305494, 0, 1121, 1480, 1176, 124, 12.14%, 0, 2, 10, 46.44
1632305631, 0, 1126, 1480, 1175, 125, 12.14%, 0, 2, 10, 45.73
1632305636, 0, 1126, 1482, 1177, 125, 12.14%, 0, 2, 10, 47.07
1632305652, 0, 1126, 1483, 1178, 125, 12.14%, 0, 2, 10, 47.13
1632305672, 0, 1126, 1484, 1179, 125, 12.15%, 0, 2, 10, 47.88
1632305702, 0, 1126, 1486, 1181, 125, 12.15%, 0, 2, 10, 45.62
1632306088, 0, 1127, 1486, 1180, 129, 12.15%, 0, 2, 10, 49.31
1632306175, 0, 1130, 1486, 1179, 128, 12.15%, 0, 2, 10, 64.40
1632306247, 0, 1140, 1486, 1178, 127, 12.15%, 0, 2, 10, 47.50
1632306552, 0, 1142, 1487, 1178, 126, 12.15%, 0, 2, 10, 47.18
1632306562, 0, 1142, 1488, 1179, 126, 12.15%, 0, 2, 10, 47.37
1632306795, 0, 1147, 1488, 1178, 127, 12.15%, 0, 2, 10, 78.99
1632306806, 0, 1147, 1489, 1179, 127, 12.15%, 0, 2, 10, 97.58
1632306938, 0, 1150, 1489, 1178, 127, 12.15%, 0, 2, 10, 58.07
1632307071, 0, 1173, 1489, 1177, 125, 12.15%, 0, 2, 10, 48.66
1632307096, 0, 1173, 1490, 1178, 125, 12.15%, 0, 2, 10, 47.66
1632307202, 0, 1173, 1491, 1179, 125, 12.15%, 0, 2, 10, 45.71
1632307223, 0, 1182, 1491, 1178, 124, 12.15%, 0, 2, 10, 48.84
1632307441, 0, 1182, 1493, 1180, 124, 12.15%, 0, 2, 10, 48.11
1632307446, 0, 1182, 1494, 1181, 124, 12.15%, 0, 2, 10, 47.65
1632307486, 0, 1182, 1495, 1182, 124, 12.15%, 0, 2, 10, 46.96
1632307512, 0, 1182, 1496, 1183, 124, 12.15%, 0, 2, 10, 48.39
1632307537, 0, 1184, 1497, 1183, 125, 12.15%, 0, 2, 10, 46.41
1632307542, 0, 1184, 1498, 1184, 125, 12.15%, 0, 2, 10, 47.22
1632307639, 0, 1186, 1498, 1183, 124, 12.15%, 0, 2, 10, 45.90
1632307765, 0, 1186, 1500, 1185, 124, 12.15%, 0, 2, 10, 46.38
1632307817, 0, 1186, 1501, 1186, 124, 12.15%, 0, 2, 10, 45.08
1632307873, 0, 1187, 1501, 1185, 123, 12.15%, 0, 2, 10, 46.26
1632307999, 0, 1187, 1502, 1186, 123, 12.15%, 0, 2, 10, 47.53
1632308025, 0, 1188, 1502, 1185, 123, 12.15%, 0, 2, 10, 45.46
1632308156, 0, 1188, 1504, 1187, 123, 12.15%, 0, 2, 10, 45.48
1632308162, 0, 1188, 1505, 1188, 123, 12.15%, 0, 2, 10, 45.15
1632308238, 0, 1188, 1506, 1189, 123, 12.15%, 0, 2, 10, 45.26
1632308259, 0, 1190, 1506, 1188, 122, 12.15%, 0, 2, 10, 45.42
1632308385, 0, 1190, 1507, 1189, 122, 12.15%, 0, 2, 10, 46.52
1632308390, 0, 1190, 1508, 1190, 122, 12.15%, 0, 2, 10, 45.94
1632308405, 0, 1190, 1509, 1191, 122, 12.15%, 0, 2, 10, 45.41
1632308497, 0, 1193, 1509, 1190, 121, 12.15%, 0, 2, 10, 47.36
1632308624, 0, 1193, 1510, 1191, 121, 12.15%, 0, 2, 10, 47.14
1632308645, 0, 1203, 1510, 1190, 120, 12.15%, 0, 2, 10, 46.79
1632308650, 0, 1203, 1511, 1191, 120, 12.17%, 0, 2, 10, 47.15
1632308746, 0, 1203, 1513, 1193, 120, 12.17%, 0, 2, 10, 47.50
1632308761, 0, 1203, 1514, 1194, 120, 12.17%, 0, 2, 10, 48.20
1632308782, 0, 1204, 1514, 1193, 123, 12.17%, 0, 2, 10, 45.73
1632308802, 0, 1204, 1515, 1194, 123, 12.17%, 0, 2, 10, 47.30
1632308873, 0, 1214, 1515, 1193, 122, 12.17%, 0, 2, 10, 45.93
1632309026, 0, 1224, 1515, 1192, 121, 12.17%, 0, 2, 10, 46.55
1632309300, 0, 1229, 1515, 1191, 121, 12.17%, 0, 2, 10, 50.24
1632309366, 0, 1232, 1515, 1190, 120, 12.17%, 0, 2, 10, 46.73
1632309387, 0, 1232, 1516, 1191, 120, 12.17%, 0, 2, 10, 47.31
1632309443, 0, 1232, 1519, 1194, 120, 12.17%, 0, 2, 10, 51.90
1632309565, 0, 1232, 1520, 1195, 120, 12.17%, 0, 2, 10, 47.96
1632309586, 0, 1235, 1520, 1194, 119, 12.17%, 0, 2, 10, 73.14
1632309678, 0, 1237, 1520, 1193, 119, 12.17%, 0, 2, 10, 81.64
1632309785, 0, 1237, 1521, 1194, 119, 12.17%, 0, 2, 10, 53.50
1632309815, 0, 1237, 1522, 1195, 119, 12.17%, 0, 2, 10, 51.64
1632309830, 0, 1237, 1523, 1196, 119, 12.17%, 0, 2, 10, 51.89
1632309856, 0, 1266, 1523, 1195, 118, 12.17%, 0, 2, 10, 74.26
1632309871, 0, 1266, 1524, 1196, 118, 12.17%, 0, 2, 10, 76.35
1632309963, 0, 1267, 1524, 1195, 117, 12.17%, 0, 2, 10, 73.47
1632310054, 0, 1267, 1525, 1196, 117, 12.17%, 0, 2, 10, 49.70
1632310070, 0, 1270, 1525, 1195, 116, 12.17%, 0, 2, 10, 48.83
1632310080, 0, 1270, 1526, 1196, 116, 12.17%, 0, 2, 10, 47.71
1632310217, 0, 1270, 1528, 1198, 116, 12.17%, 0, 2, 10, 45.23
1632310253, 0, 1270, 1529, 1199, 116, 12.17%, 0, 2, 10, 45.07
1632310278, 0, 1270, 1530, 1200, 116, 12.17%, 0, 2, 10, 45.14
1632310319, 0, 1279, 1530, 1199, 116, 12.17%, 0, 2, 10, 46.45
1632310340, 0, 1279, 1531, 1200, 116, 12.17%, 0, 2, 10, 47.87
1632310360, 0, 1279, 1533, 1202, 116, 12.17%, 0, 2, 10, 48.01
1632310574, 0, 1279, 1534, 1203, 116, 12.17%, 0, 2, 10, 46.15
1632310589, 0, 1281, 1534, 1202, 116, 12.17%, 0, 2, 10, 42.98
1632310600, 0, 1281, 1535, 1203, 116, 12.17%, 0, 2, 10, 51.90
1632310828, 0, 1282, 1535, 1202, 115, 12.17%, 0, 2, 10, 52.26
1632310834, 0, 1282, 1538, 1205, 115, 12.18%, 0, 2, 10, 82.93
1632310839, 0, 1282, 1540, 1207, 115, 12.18%, 0, 2, 10, 86.39
1632310849, 0, 1282, 1541, 1208, 115, 12.18%, 0, 2, 10, 62.79
1632310951, 0, 1282, 1542, 1209, 115, 12.18%, 0, 2, 10, 50.10
1632310982, 0, 1289, 1542, 1208, 117, 12.18%, 0, 2, 10, 51.21
1632311002, 0, 1289, 1543, 1209, 117, 12.18%, 0, 2, 10, 73.24
1632311007, 0, 1289, 1544, 1210, 117, 12.18%, 0, 2, 10, 67.83
1632311140, 0, 1289, 1545, 1211, 117, 12.18%, 0, 2, 10, 51.17
1632311161, 0, 1289, 1546, 1212, 117, 12.18%, 0, 2, 10, 51.18
1632311176, 0, 1289, 1547, 1213, 117, 12.18%, 0, 2, 10, 52.42
1632311196, 0, 1295, 1548, 1213, 116, 12.18%, 0, 2, 10, 74.10
1632311201, 0, 1295, 1551, 1216, 116, 12.18%, 0, 2, 10, 82.24
1632311212, 0, 1295, 1552, 1217, 116, 12.18%, 0, 2, 10, 63.68
1632311303, 0, 1297, 1552, 1216, 116, 12.18%, 0, 2, 10, 47.62
1632311308, 0, 1297, 1553, 1217, 116, 12.18%, 0, 2, 10, 46.93
1632311472, 0, 1298, 1553, 1216, 115, 12.18%, 0, 2, 10, 70.87
1632311599, 0, 1299, 1554, 1216, 114, 12.18%, 0, 2, 10, 57.51
1632311610, 0, 1299, 1556, 1218, 114, 12.18%, 0, 2, 10, 81.93
1632311615, 0, 1299, 1558, 1220, 114, 12.18%, 0, 2, 10, 64.97
1632311691, 0, 1301, 1559, 1220, 114, 12.18%, 0, 2, 10, 78.79
1632311702, 0, 1301, 1560, 1221, 114, 12.18%, 0, 2, 10, 89.31
1632311707, 0, 1301, 1561, 1222, 114, 12.18%, 0, 2, 10, 68.09
1632311809, 0, 1307, 1561, 1221, 114, 12.18%, 0, 2, 10, 60.25
1632311814, 0, 1307, 1562, 1222, 114, 12.18%, 0, 2, 10, 81.31
1632311906, 0, 1309, 1562, 1221, 113, 12.18%, 0, 2, 10, 47.40
1632312083, 0, 1315, 1566, 1224, 112, 12.19%, 0, 2, 10, 82.18
1632312089, 0, 1315, 1568, 1226, 112, 12.19%, 0, 2, 10, 88.35
1632312099, 0, 1315, 1569, 1227, 112, 12.19%, 0, 2, 10, 96.71
1632312104, 0, 1315, 1570, 1228, 112, 12.20%, 0, 2, 10, 105.89
1632312109, 0, 1315, 1571, 1229, 112, 12.20%, 0, 2, 10, 72.90
1632312114, 0, 1315, 1572, 1230, 112, 12.20%, 0, 2, 10, 81.20
1632312129, 0, 1315, 1573, 1231, 112, 12.20%, 0, 2, 10, 96.94
1632312134, 0, 1315, 1574, 1232, 112, 12.20%, 0, 2, 10, 109.31
1632312272, 0, 1315, 1575, 1233, 112, 12.20%, 0, 2, 10, 57.57
1632312277, 0, 1315, 1576, 1234, 112, 12.20%, 0, 2, 10, 57.15
1632312282, 0, 1315, 1577, 1235, 112, 12.20%, 0, 2, 10, 59.12
1632312287, 0, 1315, 1578, 1236, 112, 12.20%, 0, 2, 10, 56.90
1632312297, 0, 1315, 1581, 1239, 112, 12.20%, 0, 2, 10, 57.07
1632312322, 0, 1315, 1582, 1240, 112, 12.20%, 0, 2, 10, 56.06
1632312333, 0, 1320, 1582, 1239, 119, 12.20%, 0, 2, 10, 59.21
1632312562, 0, 1320, 1583, 1240, 119, 12.20%, 0, 2, 10, 62.62
1632312623, 0, 1321, 1583, 1239, 118, 12.20%, 0, 2, 10, 61.84
1632312654, 0, 1321, 1584, 1240, 118, 12.20%, 0, 2, 10, 101.30
1632312684, 0, 1321, 1585, 1241, 118, 12.20%, 0, 2, 10, 98.84
1632312883, 0, 1321, 1586, 1242, 118, 12.20%, 0, 2, 10, 55.49
1632312919, 0, 1323, 1586, 1241, 119, 12.20%, 0, 2, 10, 81.20
1632313205, 0, 1325, 1586, 1240, 118, 12.20%, 0, 2, 10, 50.49
1632313246, 0, 1325, 1587, 1241, 118, 12.20%, 0, 2, 10, 48.54
1632313630, 0, 1325, 1588, 1242, 118, 12.20%, 0, 2, 10, 47.47
1632313656, 0, 1327, 1589, 1242, 118, 12.20%, 0, 2, 10, 61.65
1632313676, 0, 1327, 1590, 1243, 118, 12.20%, 0, 2, 10, 90.71
1632313906, 0, 1329, 1590, 1242, 118, 12.20%, 0, 2, 10, 74.75
1632314141, 0, 1329, 1591, 1243, 118, 12.20%, 0, 2, 10, 60.09
1632314202, 0, 1333, 1591, 1242, 117, 12.20%, 0, 2, 10, 90.89
1632314340, 0, 1333, 1592, 1243, 117, 12.20%, 0, 2, 10, 99.17
1632314446, 0, 1333, 1593, 1244, 117, 12.20%, 0, 2, 10, 58.87
1632314456, 0, 1333, 1594, 1245, 117, 12.20%, 0, 2, 10, 62.26
1632314471, 0, 1333, 1595, 1246, 117, 12.20%, 0, 2, 10, 56.03
1632314507, 0, 1333, 1596, 1247, 117, 12.20%, 0, 2, 10, 57.32
1632314532, 0, 1335, 1596, 1246, 117, 12.20%, 0, 2, 10, 80.32
1632314787, 0, 1336, 1596, 1245, 116, 12.20%, 0, 2, 10, 51.60
1632314797, 0, 1336, 1597, 1246, 116, 12.20%, 0, 2, 10, 47.47
1632314913, 0, 1336, 1598, 1247, 116, 12.20%, 0, 2, 10, 45.37
1632314939, 0, 1337, 1598, 1246, 117, 12.20%, 0, 2, 10, 44.81
1632315103, 0, 1338, 1598, 1245, 116, 12.20%, 0, 2, 10, 46.13
1632315296, 0, 1339, 1598, 1244, 115, 12.20%, 0, 2, 10, 45.44
1632315352, 0, 1339, 1599, 1245, 115, 12.21%, 0, 2, 10, 47.67
1632315494, 0, 1340, 1599, 1244, 115, 12.21%, 0, 2, 10, 45.02
1632315694, 0, 1341, 1599, 1243, 114, 12.21%, 0, 2, 10, 44.88
1632315894, 0, 1342, 1599, 1242, 113, 12.21%, 0, 2, 10, 44.81
1632316093, 0, 1343, 1599, 1241, 112, 12.21%, 0, 2, 10, 44.90
1632316215, 0, 1343, 1600, 1242, 112, 12.21%, 0, 2, 10, 45.25
1632316256, 0, 1344, 1600, 1241, 112, 12.21%, 0, 2, 10, 44.32
1632316292, 0, 1344, 1601, 1242, 112, 12.21%, 0, 2, 10, 46.57
1632316575, 0, 1347, 1601, 1241, 111, 12.21%, 0, 2, 10, 45.73
1632316610, 0, 1347, 1602, 1242, 111, 12.21%, 0, 2, 10, 45.65
1632316886, 0, 1347, 1603, 1243, 111, 12.21%, 0, 2, 10, 44.96
1632316911, 0, 1348, 1603, 1242, 110, 12.21%, 0, 2, 10, 45.63
1632317130, 0, 1348, 1604, 1243, 110, 12.21%, 0, 2, 10, 45.74
1632317231, 0, 1352, 1604, 1242, 110, 12.21%, 0, 2, 10, 43.69
1632317236, 0, 1352, 1605, 1243, 110, 12.21%, 0, 2, 10, 38.91
1632317292, 0, 1352, 1606, 1244, 110, 12.21%, 0, 2, 10, 42.51
1632317639, 0, 1355, 1606, 1243, 110, 12.21%, 0, 2, 10, 45.03
1632317961, 0, 1357, 1606, 1242, 109, 12.21%, 0, 2, 10, 45.58
1632318288, 0, 1358, 1606, 1241, 108, 12.21%, 0, 2, 10, 46.80
1632318445, 0, 1358, 1607, 1242, 108, 12.21%, 0, 2, 11, 47.85
1632318480, 0, 1359, 1607, 1241, 108, 12.21%, 0, 2, 11, 45.59
1632318684, 0, 1360, 1607, 1240, 107, 12.21%, 0, 2, 11, 45.33
1632318889, 0, 1361, 1607, 1239, 106, 12.21%, 0, 2, 11, 44.86
1632319099, 0, 1362, 1607, 1238, 105, 12.21%, 0, 2, 11, 46.00
1632319303, 0, 1363, 1607, 1237, 104, 12.21%, 0, 2, 11, 44.34
1632319313, 0, 1363, 1608, 1238, 104, 12.21%, 0, 2, 11, 46.75
1632319318, 0, 1363, 1609, 1239, 104, 12.21%, 0, 2, 11, 46.52
1632319512, 0, 1364, 1609, 1238, 104, 12.21%, 0, 2, 11, 44.57
1632319726, 0, 1365, 1609, 1237, 103, 12.21%, 0, 2, 11, 45.97
1632319935, 0, 1370, 1609, 1236, 102, 12.21%, 0, 2, 11, 46.24
1632320129, 0, 1370, 1612, 1239, 102, 12.21%, 0, 2, 11, 40.31
1632320404, 0, 1370, 1613, 1240, 102, 12.22%, 0, 2, 11, 45.10
1632320429, 0, 1371, 1613, 1239, 102, 12.22%, 0, 2, 11, 45.97
1632320623, 0, 1371, 1615, 1241, 102, 12.22%, 0, 2, 11, 41.03
1632320909, 0, 1373, 1615, 1240, 101, 12.22%, 0, 2, 11, 46.01
1632321103, 0, 1373, 1617, 1242, 101, 12.22%, 0, 2, 11, 40.68
1632321389, 0, 1375, 1621, 1245, 100, 12.22%, 0, 2, 11, 43.41
1632321409, 0, 1375, 1626, 1250, 100, 12.22%, 0, 2, 11, 42.18
1632321414, 0, 1375, 1627, 1251, 100, 12.22%, 0, 2, 11, 43.37
1632321430, 0, 1375, 1629, 1253, 100, 12.22%, 0, 2, 11, 39.71
1632321435, 0, 1375, 1635, 1259, 100, 12.22%, 0, 2, 11, 42.57
1632321450, 0, 1375, 1636, 1260, 100, 12.22%, 0, 2, 11, 42.58
1632321471, 0, 1375, 1651, 1275, 100, 12.22%, 0, 2, 11, 37.88
1632321610, 0, 1375, 1657, 1281, 100, 12.22%, 0, 2, 11, 29.48
1632321616, 0, 1375, 1658, 1282, 100, 12.22%, 0, 2, 11, 40.25
1632321718, 0, 1375, 1662, 1286, 100, 12.22%, 0, 2, 11, 43.34
1632321734, 0, 1375, 1664, 1288, 100, 12.22%, 0, 2, 11, 41.06
1632321873, 0, 1375, 1667, 1291, 100, 12.22%, 0, 2, 11, 35.12
1632321878, 0, 1375, 1670, 1294, 100, 12.22%, 0, 2, 11, 42.16
1632321909, 0, 1375, 1671, 1295, 100, 12.22%, 0, 2, 11, 43.33
1632321914, 0, 1375, 1673, 1297, 100, 12.22%, 0, 2, 11, 43.87
1632321919, 0, 1375, 1675, 1299, 100, 12.22%, 0, 2, 11, 44.21
1632321924, 0, 1375, 1681, 1305, 100, 12.22%, 0, 2, 11, 44.37
1632321929, 0, 1375, 1682, 1306, 100, 12.22%, 0, 2, 11, 44.11
1632321934, 0, 1375, 1684, 1308, 100, 12.22%, 0, 2, 11, 43.46
1632321939, 0, 1375, 1686, 1310, 100, 12.22%, 0, 2, 11, 43.35
1632321944, 0, 1375, 1687, 1311, 100, 12.22%, 0, 2, 11, 44.12
1632321950, 0, 1375, 1688, 1312, 100, 12.22%, 0, 2, 11, 43.64
1632321955, 0, 1375, 1689, 1313, 100, 12.22%, 0, 2, 11, 43.78
1632321965, 0, 1375, 1690, 1314, 100, 12.22%, 0, 2, 11, 43.39
1632321975, 0, 1375, 1691, 1315, 100, 12.22%, 0, 2, 11, 43.49
1632322001, 0, 1375, 1692, 1316, 100, 12.22%, 0, 2, 11, 44.42
1632322017, 0, 1375, 1693, 1317, 100, 12.22%, 0, 2, 11, 43.33
1632322027, 0, 1377, 1694, 1317, 100, 12.22%, 0, 2, 11, 38.45
1632322596, 0, 1377, 1695, 1318, 100, 12.22%, 0, 2, 11, 35.09
1632322601, 0, 1377, 1696, 1319, 100, 12.22%, 0, 2, 11, 35.68
1632322637, 0, 1377, 1698, 1321, 100, 12.22%, 0, 2, 11, 38.09
1632322642, 0, 1377, 1700, 1323, 100, 12.22%, 0, 2, 11, 39.09
1632322647, 0, 1377, 1703, 1326, 100, 12.22%, 0, 2, 11, 39.13
1632322653, 0, 1377, 1707, 1330, 100, 12.22%, 0, 2, 11, 35.26
1632322658, 0, 1377, 1708, 1331, 100, 12.22%, 0, 2, 11, 38.45
1632322668, 0, 1377, 1709, 1332, 100, 12.22%, 0, 2, 11, 41.16
1632322683, 0, 1377, 1710, 1333, 100, 12.22%, 0, 2, 11, 40.87
1632322688, 0, 1377, 1711, 1334, 100, 12.22%, 0, 2, 11, 41.62
1632322694, 0, 1377, 1712, 1335, 100, 12.22%, 0, 2, 11, 41.50
1632322704, 0, 1377, 1713, 1336, 100, 12.22%, 0, 2, 11, 41.00
1632322714, 0, 1377, 1714, 1337, 100, 12.22%, 0, 2, 11, 40.59
1632322729, 0, 1377, 1715, 1338, 100, 12.22%, 0, 2, 11, 40.69
1632322734, 0, 1377, 1716, 1339, 100, 12.22%, 0, 2, 11, 40.99
1632322739, 0, 1377, 1717, 1340, 100, 12.22%, 0, 2, 11, 40.64
1632322744, 0, 1377, 1718, 1341, 100, 12.22%, 0, 2, 11, 40.01
1632322760, 0, 1377, 1720, 1343, 100, 12.22%, 0, 2, 11, 40.63
1632322765, 0, 1379, 1720, 1342, 100, 12.22%, 0, 2, 11, 44.43
1632322785, 0, 1379, 1722, 1344, 100, 12.22%, 0, 2, 11, 46.82
1632322831, 0, 1379, 1723, 1345, 100, 12.22%, 0, 2, 11, 45.65
1632322857, 0, 1379, 1724, 1346, 100, 12.22%, 0, 2, 11, 45.14
1632323240, 0, 1379, 1725, 1347, 100, 12.22%, 0, 2, 11, 45.70
1632323250, 0, 1379, 1727, 1349, 100, 12.22%, 0, 2, 11, 45.52
1632323276, 0, 1379, 1728, 1350, 100, 12.22%, 0, 2, 11, 45.21
1632323286, 0, 1379, 1729, 1351, 100, 12.22%, 0, 2, 11, 46.19
1632323342, 0, 1380, 1729, 1350, 102, 12.22%, 0, 2, 11, 46.44
1632323810, 0, 1380, 1730, 1351, 102, 12.22%, 0, 2, 11, 45.29
1632323815, 0, 1380, 1731, 1352, 102, 12.22%, 0, 2, 11, 45.54
1632323861, 0, 1381, 1731, 1351, 101, 12.22%, 0, 2, 11, 46.56
1632324336, 0, 1384, 1731, 1350, 100, 12.22%, 0, 2, 11, 45.57
1632324341, 0, 1384, 1732, 1351, 100, 12.23%, 0, 2, 11, 46.57
1632324377, 0, 1384, 1733, 1352, 100, 12.23%, 0, 2, 11, 46.14
1632324413, 0, 1384, 1734, 1353, 100, 12.23%, 0, 2, 11, 45.28
1632324816, 0, 1399, 1734, 1352, 101, 12.23%, 0, 2, 11, 45.07
1632324821, 0, 1399, 1736, 1354, 101, 12.23%, 0, 2, 11, 44.64
1632325174, 0, 1399, 1737, 1355, 101, 12.23%, 0, 2, 11, 46.72
1632325296, 0, 1399, 1738, 1356, 101, 12.23%, 0, 2, 11, 42.35
1632325327, 0, 1399, 1739, 1357, 101, 12.23%, 0, 2, 11, 41.05
1632325347, 0, 1399, 1740, 1358, 101, 12.23%, 0, 2, 11, 44.44
1632325357, 0, 1399, 1741, 1359, 101, 12.23%, 0, 2, 11, 44.50
1632325373, 0, 1399, 1742, 1360, 101, 12.23%, 0, 2, 11, 44.68
1632325383, 0, 1399, 1743, 1361, 101, 12.23%, 0, 2, 11, 44.12
1632325388, 0, 1399, 1744, 1362, 101, 12.23%, 0, 2, 11, 42.59
1632325398, 0, 1399, 1747, 1365, 101, 12.23%, 0, 2, 11, 43.48
1632325403, 0, 1399, 1748, 1366, 101, 12.23%, 0, 2, 11, 44.43
1632325419, 0, 1399, 1749, 1367, 101, 12.23%, 0, 2, 11, 44.26
1632325429, 0, 1399, 1750, 1368, 101, 12.23%, 0, 2, 11, 43.64
1632325439, 0, 1400, 1750, 1367, 102, 12.23%, 0, 2, 11, 43.09
1632325614, 0, 1408, 1750, 1366, 101, 12.23%, 0, 2, 11, 46.87
1632325711, 0, 1408, 1751, 1367, 101, 12.23%, 0, 2, 11, 46.10
1632325732, 0, 1409, 1751, 1366, 100, 12.23%, 0, 2, 11, 47.07
1632325737, 0, 1409, 1752, 1367, 100, 12.23%, 0, 2, 11, 74.71
1632325757, 0, 1409, 1753, 1368, 100, 12.23%, 0, 2, 11, 69.99
1632325813, 0, 1409, 1754, 1369, 100, 12.23%, 0, 2, 11, 49.45
1632325818, 0, 1409, 1756, 1371, 100, 12.23%, 0, 2, 11, 48.82
1632325844, 0, 1409, 1757, 1372, 100, 12.23%, 0, 2, 11, 48.37
1632325880, 0, 1412, 1758, 1372, 100, 12.23%, 0, 2, 11, 47.01
1632325890, 0, 1412, 1761, 1375, 100, 12.23%, 0, 2, 11, 50.54
1632325976, 0, 1412, 1762, 1376, 100, 12.23%, 0, 2, 11, 48.00
1632325982, 0, 1412, 1763, 1377, 100, 12.23%, 0, 2, 11, 47.36
1632326002, 0, 1412, 1764, 1378, 100, 12.23%, 0, 2, 11, 46.70
1632326023, 0, 1412, 1765, 1379, 100, 12.23%, 0, 2, 11, 47.85
1632326028, 0, 1412, 1766, 1380, 100, 12.23%, 0, 2, 11, 46.52
1632326079, 0, 1414, 1768, 1381, 100, 12.23%, 0, 2, 11, 63.09
1632326170, 0, 1415, 1768, 1380, 99, 12.23%, 0, 2, 11, 47.54
1632326277, 0, 1417, 1768, 1379, 98, 12.23%, 0, 2, 11, 1.80
1632326412, 0, 1417, 1769, 1380, 98, 12.23%, 0, 2, 11, 1.79
1632326572, 0, 1417, 1770, 1381, 98, 12.23%, 0, 2, 11, 39.93
1632326577, 0, 1430, 1770, 1380, 97, 12.23%, 0, 2, 11, 12.10
1632328581, 0, 1434, 1770, 1379, 96, 12.23%, 0, 2, 11, 60.54
1632328693, 0, 1437, 1770, 1378, 95, 12.23%, 0, 2, 11, 47.38
1632328906, 0, 1437, 1771, 1379, 95, 12.23%, 0, 2, 11, 48.02
1632329145, 0, 1440, 1771, 1378, 94, 12.23%, 0, 2, 11, 46.37
1632329360, 0, 1440, 1772, 1379, 94, 12.23%, 0, 2, 11, 47.55
1632329597, 0, 1440, 1773, 1380, 94, 12.23%, 0, 2, 11, 45.98
1632329618, 0, 1442, 1773, 1379, 93, 12.23%, 0, 2, 11, 46.56
1632329628, 0, 1442, 1774, 1380, 93, 12.24%, 0, 2, 11, 47.37
1632329653, 0, 1442, 1775, 1381, 93, 12.24%, 0, 2, 11, 46.43
1632329684, 0, 1442, 1776, 1382, 93, 12.24%, 0, 2, 11, 46.60
1632329851, 0, 1442, 1777, 1383, 93, 12.24%, 0, 2, 11, 46.75
1632330071, 0, 1442, 1778, 1384, 93, 12.24%, 0, 2, 11, 46.04
1632330076, 0, 1442, 1779, 1385, 93, 12.24%, 0, 2, 11, 45.18
1632330122, 0, 1443, 1780, 1385, 94, 12.24%, 0, 2, 11, 45.99
1632330142, 0, 1443, 1783, 1388, 94, 12.25%, 0, 2, 11, 46.63
1632330193, 0, 1443, 1785, 1390, 94, 12.25%, 0, 2, 11, 46.94
1632330337, 0, 1443, 1786, 1391, 94, 12.25%, 0, 2, 11, 46.89
1632330577, 0, 1443, 1787, 1392, 94, 12.25%, 0, 2, 11, 45.59
1632330597, 0, 1445, 1787, 1391, 94, 12.25%, 0, 2, 11, 45.27
1632331059, 0, 1448, 1787, 1390, 93, 12.25%, 0, 2, 11, 46.13
1632331191, 0, 1448, 1788, 1391, 93, 12.25%, 0, 2, 11, 46.64
1632331509, 0, 1448, 1789, 1392, 93, 12.25%, 0, 2, 11, 45.89
1632331514, 0, 1448, 1791, 1394, 93, 12.25%, 0, 2, 11, 45.78
1632331591, 0, 1448, 1792, 1395, 93, 12.25%, 0, 2, 11, 45.49
1632331616, 0, 1449, 1792, 1394, 94, 12.25%, 0, 2, 11, 45.15
1632331657, 0, 1449, 1793, 1395, 94, 12.25%, 0, 2, 11, 45.63
1632332072, 0, 1449, 1795, 1397, 94, 12.25%, 0, 2, 11, 45.66
1632332087, 0, 1449, 1796, 1398, 94, 12.25%, 0, 2, 11, 45.86
1632332113, 0, 1449, 1798, 1400, 94, 12.25%, 0, 2, 11, 45.02
1632332123, 0, 1449, 1799, 1401, 94, 12.26%, 0, 2, 11, 45.34
1632332128, 0, 1449, 1800, 1402, 94, 12.26%, 0, 2, 11, 45.30
1632332148, 0, 1449, 1801, 1403, 94, 12.26%, 0, 2, 11, 45.21
1632332153, 0, 1449, 1803, 1405, 94, 12.26%, 0, 2, 11, 46.31
1632332174, 0, 1449, 1804, 1406, 94, 12.27%, 0, 2, 11, 45.26
1632332179, 0, 1450, 1804, 1405, 98, 12.27%, 0, 2, 11, 45.44
1632332220, 0, 1450, 1805, 1406, 98, 12.27%, 0, 2, 11, 46.73
1632332635, 0, 1450, 1806, 1407, 98, 12.27%, 0, 2, 11, 45.34
1632332640, 0, 1450, 1807, 1408, 98, 12.27%, 0, 2, 11, 45.28
1632332645, 0, 1450, 1808, 1409, 98, 12.28%, 0, 2, 11, 45.22
1632332650, 0, 1450, 1809, 1410, 98, 12.30%, 0, 2, 11, 45.54
1632332665, 0, 1450, 1810, 1411, 98, 12.30%, 0, 2, 11, 45.66
1632332671, 0, 1450, 1812, 1413, 98, 12.30%, 0, 2, 11, 45.23
1632332686, 0, 1450, 1813, 1414, 98, 12.31%, 0, 2, 11, 45.05
1632332737, 0, 1450, 1814, 1415, 98, 12.31%, 0, 2, 11, 45.15
1632332742, 0, 1451, 1814, 1414, 103, 12.31%, 0, 2, 11, 46.16
1632332808, 0, 1451, 1815, 1415, 103, 12.31%, 0, 2, 11, 46.14
1632332992, 0, 1451, 1816, 1416, 103, 12.31%, 0, 2, 11, 37.97
1632333198, 0, 1451, 1818, 1418, 103, 12.32%, 0, 2, 11, 46.44
1632333233, 0, 1451, 1820, 1420, 103, 12.32%, 0, 2, 11, 45.52
1632333264, 0, 1451, 1821, 1421, 103, 12.32%, 0, 2, 11, 44.67
1632333305, 0, 1452, 1821, 1420, 103, 12.32%, 0, 2, 11, 38.81
1632333330, 0, 1452, 1822, 1421, 103, 12.32%, 0, 2, 11, 26.88
1632333361, 0, 1452, 1823, 1422, 103, 12.32%, 0, 2, 11, 27.14
1632333585, 0, 1452, 1824, 1423, 103, 12.32%, 0, 2, 11, 28.70
1632333590, 0, 1452, 1825, 1424, 103, 12.32%, 0, 2, 11, 25.75
1632333815, 0, 1452, 1828, 1427, 103, 12.32%, 0, 2, 11, 32.61
1632333820, 0, 1452, 1830, 1429, 103, 12.32%, 0, 2, 11, 27.98
1632333957, 0, 1452, 1831, 1430, 103, 12.32%, 0, 2, 11, 33.92
1632334039, 0, 1452, 1832, 1431, 103, 12.32%, 0, 2, 11, 32.37
1632334069, 0, 1461, 1832, 1430, 103, 12.32%, 0, 2, 11, 44.29
1632334136, 0, 1461, 1833, 1431, 103, 12.32%, 0, 2, 11, 45.93
1632334530, 0, 1462, 1833, 1430, 104, 12.32%, 0, 2, 11, 44.96
1632334996, 0, 1466, 1833, 1429, 103, 12.32%, 0, 2, 11, 45.53
