#FIG 3.2
## ME>
G t
Metric
A4
10
Se
-2
1200 2
# фуП
2 3 0 1 0 7 50 -5 -1 4 0 0 0 0 0 7
	 2400 3705 3941 3283 4346 1738 3210 615 16691037 1264 2889
	 2400 3з‘эЖu
2 1 0 1 0 7 40 0 -1 0 0 0 0 0 0 3
18 4819 4047 2879 4276 2ёЗ
# #§>
6 0  70 0 3
# iv>
2 1 0 1 0 7 50 0 -10 00 040 1 0 0ИTА
# нK
2 0 0 0 3
31 3cX
2 1 0 1 0 7 50 0 -1 0 0 0 0 0 0 3
	 3131 3260 3193 3488 3255 3716
# цй>
2 2 0 1 0 7 50 0 -1 1 0 0 7 0 0 5
	 2700 3180 3555 3180 3555 3735 2700 3735 2700 3180
# мd>
2 2 0 1 0 7 50 0 -1 0 0 0 0 0 0 22
	0 37
	 3750 4365 2895 40+2595 3765
	5 3840 2730 3885 2820 32730 3885 2820 3915 3030 3900 3240 3765 3105 3690
	 2880 3690 2775 3810 3105 5220 452 0 1 0 7 50 0 -100 12 1860 
17 2685 3615 6405 4650
# Mµј
3 1 0 1 0 7 50 0 -1 4.000 0 0 0 6
	 5715 1830 6855 2385 6345 3015 5235 272 5025 2415 5280 2160
	 1 1.000 1 7.-100 12 1860 
17 2 
3 