#FIG 3.2
#-  2
# Єґq
2 30 7
	 24
	 2d|
2
2 1 3
	39
# id>
6 1 3
# id>
2 1 0 1 0 7 50 0 -1 0 0 0 0 0 0 3
	8 2819 4047 2879 4276 2939
# d>
2 1 0 1 0 7 50 0 -1 0 0 0 0 0 0 3
	1 3260 3193 3488 3255 3716
# ІЧ>
2 2 0 1 0 7 50 0 -1 1 0 0 7 0 0 5
	0 3180 3555 3+80 3555 3735 2700 3735 2700 3180
# id>
2 2 0 1 0 7 50 0 -1 0 0 0 0 0 0 22
	5 4860 5190 5415 6285 4560 5775 3975 4770 3735 4170 4140
	 3750 4365 2895 4425 2595 4035 2715 3780 2670 3720 2595 3765
	5 3840 2730 3885 2820 3915 3030 3900 3240 3765 3105 3690
	 2880 3690 2775 690
	0 3690 2775 3вє4Zцbъ }Ї
5 1 0 1 0 7 50 0 -1 4 0 0 0 0 5434 3579 7545 2205 7890 3900 7530 4980
# Mп)
5 1 0 1 0 7 50 0 -1 4 0 1 0 0 4031 5580 4875 5385 3420 5220 3420 5940
# M55
1 2 0 1 0 7 50 0 -1 4 1 0. 4545 4132 1860 517 2685 3615 6805 4650
# MET
3 1 0 1 0 7 50 0 -1 4 0 0 0 6
	 5715 1830 6855 2385 6345 3015 5235 2760 5025 2415 5280 2160
	 1 1 1 1 1 1
# MET>
3 2 0 1 0 7 50 0 -1 4 0 0 0 6
	 2310 5835 2340 7350 357045 7500 5145 4305 5850 5280 5640 7920
	 0 -1 -1.-1.-1.5 450
# MЧ
3 3 0 1 0 7 50 0 -1 4.000 0 0 0 10
	 8010 3165 6270 3150 7005 4500 5280 9030 5925 6885 5910
	 6525 340 7350 3570 7500 5145 4305 5850 5280 5640 79031 5580 20
	00 -1 -1 -1.-1.0.000
# Mid>
3 3 0 1 0 7 50 0 -1 0 0 0 0 10
	0 3165 6270 3150 7005 4500 9135 585 525 5