#FIG 3.2
# C1.1
# ME>
Poit
Flusht
Metric
A4
100.00
Se
-2
1200 2
# ME>
2 3 0 1 0 7 50 -1 -1 4 0 0 0 0 0 7
	 2400 3705 3941 3283 4346 1738 3210 615 1669 1037 1264 2582
	 2400 3705
# qd>
2 1 0 1 0 7 50 0 -1 0 0 0 0 0 0 3
	 3818 2839 4047 2839 4276 2939
# Âũ>
2 1 0 1 0 7 50 0 -1 0 0 0 0 0 0 3
	 3131 3260 3193 3488 3255 3776
# #ģ>
2 2 0 1 0 7 50 0 -1 1 0 0 7 0 0 5
	 2700 3180 1 0 7 50 0 -1 5 3180 3555 3735 2700 3735 27ĸ0 3180
# iú0
2 3 0 1 0 7 50 0 -1 0 0 0 0 0 0 22
	 4575 4860 5190 5415 6285 4560 5775 3975 4770 3735 4170 4140
	 3750 4365 2895 4425 2595 4035 2715 3780 2670 3720 2595 3765
	5 3840 2730 3885 2820+3915 3030 3900 3240 3765 3105 3690
	 2880 3690 2775 3810 3105 5220 4575 4860
# }ëž
5 1 0 1 0 7 50 0 -1 0 0 0 0 0 53 348 22 4875 5385 3420 0 5/	.
# EĢ
1 2 0 1 0 7 50 0 -1 0 1 00 4545 4132 1860 517 2685 3615 6405 4650
# MEž
3 1 0 1 0 7 50 0 -1 0 0 0 0 6
	 5715 1830 6855 2385 6345 3015 5235 2760 5025 2415 5280 216415 1 1.000 1 7.000 1 1.0Ðw
# 
3 2 0 1 0 7 50 0 -1 4.000 0 0 0 6
	 2310 5835 2340 73509 1037 1264 2582
	05 5850 5280 5640 7920
	 06-1 -1.-1.000 -1 0.W00
# MŨ>
3 3 0 1 0 7 50 0 -1 4 0 0 0 10
	 8010 3165 6270 3150 7005  1 04500 9135 5280 9030 50
	 6525 5625 7215 4305 8325 38245755 81-0 33 3360
	 -1.+00 -37051 -1.-1.-1 -1 -1.-1.00 233900 3240 3765 3105 3690
	 28}ëž
