#FIG 3.2
##yбE>
Е µ
ic
f4
1Q
Sч
-2
1200 2
# J^>
2 3 0 1 0 7 5 -1 -1 4 0 0 0 0 0 7
	 2400 3705 3941 3283 4346 1738 3210 615 1669 1037 1264 2582
	 2400 3≈ MSg
2 10 1 0 7	50 0 -1 0 0 0 0 0 0 3
18 2819 4147 2879 4236 2—3а
# i>
6 1 0 0 3
# Хe>
# iђt
6 1 0 35 31S0
# id>
2 3 0 1 0 7 50 0 -1 0 0 0 0 0 0 22
	 4575 4860 5190 5415 6285 4560 5775 3975 4770 3735 4170 140
	 3750 4365 2895 4425 2595 4035 2715 3780 2670 3720 2595 3765
	 2655 3840 2730 3885 2820 3915 3030 3900 3240 3765 3105 3690
	 2880 3690 2775 3810 3105 5220 4575 4860ВЭqмДо5б>
4 1 0 1 0 7 50 0 2205 7890 3900 7530 4980
# 


дуL9ш—5v72њіФ	 