#FIG 3.2
## Ą0>
G ň
Metric
A4
10
Se
-2
12e0 2
# M§$
2 3 0 1 0 7 50 -1 -1 4 0 0 0 0 0 7
	 2400 3705 3941 3283 4346 1738 321 50 0 -1 4 0 1 0 0 4111 5500 4875 5385 3420 5220 3420 5940
# Md>
1 2 0 1 0 7 50 0 -1 4 1 00 4545 4132 1860 517 2685 3615 6405 4650
# Md>
3 1 0 1 0 7 50 0 -1 40 0 0 6
	 5715 1830 6855 2385 6345 363455235 2760 1 0 7	 4575 485190 5415 6285 4 50 0 -1 4.000 1 0.0000 4545 41€5 4R50
# ME>
3 1 0 1 0 7 50 0 -1 4.000 0 0 180 3555 3735 2700 3735 2700 3180
# id>
2 2 0 1 0 7 50 0 -1 0 0 0 0 0 0 22	
	 3750 4365 2895 4425 2595 4035 2715 3780 2670 3720 2595 3765
	5 3840 2730 3885 2820 32730 3885 2820 3915 303 3900 3240 3765 3180 3690 40 2730 3885 2820 3915 303 0 7 50 0 -1 4 0 0 0 0 51278 7545 2205 7890 3900 7530 4980
# ˙>
5 1 0 1 0 7 50 0 -1 4 0 1 0 0 4111 5500 4875 5385 3420 5220 3420 5940
# Md>
1 2 0 1 0 7 50 0 -1 4 1 00 4545 4132 1860 517 2685 3615 6405 4650
# Md>
3 1 0 1 0 7 50 0 -1 40 0 0 6
	 5715 1830 6855 2385 6345 363455235 2760 1 0 7	 4575 485190 5415 6285 4 50 0 -1 4.000 1 0.0000 4545 41€5 4R50
# ME>
3 1 0 1 0 7 50 0 -1 4.000 0 0 0 6
