#FIG 3.2
## ME>
G t
Metric
A4
10
Se
-2
1200 2
# ME>
2 3 0 1 0 7 50 -1 -1 4 0 0 0 0 0 7
	 2400 3705 3941 3283 4346 1738 3210 615 1669 1037 1264 2582
	 2400 3 №ітћ‚id>
2 1 0 1 0 7 50 0 -1 0 0 0 0 0 0 3
18 2819 4047 2879 4276 2939
# id>
6 1 0 0 3
# id>
2 1 0 1 0 7 50 0 -1 0 0 0 0 0 0 3
18 2819 4047 2879 4276 2939
# d>
2 1 0 1 0 7 50 0 -1 0 0 0 0 0 0 3
31 3260 8 320 3555 3180хбTW5ё…xТ[”юП?; 37>
6 1 0 0 3
# id>>
2 3 0 1 0 7 50 0 -1 0 0 0 0 0 0 0 0 5
	 180 5 ’jmђЮnuй@Й0
# id>
2 2 0 1 0 7 50 0 -1 0 0 0 0 0 0 22
	775 3975 4770 3735 4170 4140
	0 5415 6285 4560 5775 3975 4770 3735 4170 4140
	 3750 4365 2895 4425 2595 4035 2715 3980 2670 3720 2595 3765
	5 3840 2730 3885 2823 3915 3030 3900 3240 3765 3105 3690
	 2880 3690 2775 3810 jк тй„8v§ў‡‚4860
# }яБ
5 1 0 1 0 7 5 0 -1 4.000 0 0 0 0 5128..478 7545 2205 7890 3900 7530 498o
# »ш
5 1 0 1 0 7 50 0 -1 4.000 0 0 0 0 5128..278 7545 2205 7890 3900 7530 498д
# ‰Ї)
5 1 0 1 0 7 50 0 -1 4.000 0 1 0 0 4 4875  1 0 7 50 031 5580>
1 2 0 1 0 7 50 0 -1 4.000 1 0. 4545 4132 1860 517 2685 3615 6405 4650
# ME>
3 1 0 1 0 7 50 0 -1 3.000 0 0 0 6
	 5715 1830 6855 2385 6345 3015 5235 2760 5025 2415 5280 2160
	 1.000 1.000 1.000 1.000 1.000 1.000
# MEd>
3 2 0 1 0 7 50 0 -1 4 0 0 0 6
	 2310 5835 2340 7350 3570 71 0 5145 4305 5850 5280 5640 7920
	00 -1.000 -1 -1.-1370щфd:000
# Mз[>
3 3 0 1 0 7 50 0 -1 0 0 0 0 10
	0 3165 6270 3150 7005 4500 9135 5280 9030 5925 6325 3825 8190 3360
	