#FIG 3.2
## „D>
G t
Metric
A4
10
Se
-2
1200 2
# ’4
2 3 0 1 0 7 50 -1 -1 4 0 0 0 0 0 7
	 2400 3705 3941 3283 43461738 3210 615 1669 1035 1264 2582
	 2400 3#Сђ2>
2 1 0 1 0 7 57 0 -1 0 0 0 0 0 0 3
18 2819 047 2879 4276 2zgv
# id>
6 1 0 0 4>
6 1 0 0 3
# M—ѓ
2 1 0 1-0 7 50 0 -1 0 0 0 0 00 00 0 3
	 47 2,ЗЭпй)O
2 1 0 1 0 7 50 0 -1 0 0 0 0 0 0 3
	 3131 3260 3193 3488 3255 3E'
# Ђю>
2 2 0 1 0 7 50 0 -1 1 0 0 7 0 0 5
	 2700 3180 3555 3180 3555 3735 2700 3735 2700 3180
# id>
2 3 0 1 0 7 40 0 -1 0 0 0 0 0 0 22
	5 4860 5190 5415 6285 4560 5775 3975 4770 3735 4170 4140
	 3750 4365 2895 4425 2595 4035 2715 3780 2670 373
18 2819 4047 37050 2670 3720 2595 3765
	5 3840 2730 3885 2823 3915 3030 3900 3240 3765 3105 3690
	 2880 3690 2775 3810 3105 5223 4575 4860
# }яБ
5 1 0 1 0 7 5 0 -1 4.000 0 0 0 0 5128..478 7545 2205 7890 3900 7530 498o
# »ш
5 1 0 1 0 7 50 0 -1 4.000 0 0 0 0 5128..278 7545 2205 7890 3900 7530 498д
# ‰Ї)
5 1 0 1 0 7 50 0 -1 4.000 0 1 0 0 4116..000 4875 5385 3420 5220 3420 594Ќ
# +EЈ
1 2 0 1 0 7 500 -1 4.000 1 0.0000 4545 4132 1860 517 2385 3615 6405 46
3 1 0 1 0 7 50 0 -1 4.000 0 0 045 100
# MсT>
# 2 0 1 0 00
#