#FIG 3.2
## ±ي>
G t
Metric
A4
10
Se
-2
1200 2
# MU4
2 3 0 1 0 7 50 -1 -1 4 0 0 0 0 0 7
	 2400 3705 3941 3283 43461738 3210 615 1669 1035 1264 2582
	 2400 3#رd³
2 1 0 1 0 7 50 0 -1 0 0 0 0 0 0 3
18 2819 4047 2879 4276 2كgv
# id0 3
# P%ً
# —4>
6 1 0 0 3
# i—ƒ
2 1 0 1 0 7 50 0 -1 0 0 0 0 00 00 0 3
	 47 2,hïِ{#?Eê!7وO
2 1 0 1 0 7 50 0 -1 0 0 0 0 0 0 3
	 3131 3260 3193 3488 3255 3E·ô[½›ے7
2 2 0 1 0 7 50 0 -1 1 0 0 7 0 0 5
	 2700 3180 3555 3180 3555 3735 2700 3735 2700 3180# id>
2 3 0 1 0 7 50 0 -1 0 0 0 0 0 0 22
	5 4860 5190 5415 6285 4560 5775 3975 4770 3735 4170 4140
	 3750 4365 2895 4425 2595 4035 2715 3780 2670 3720 2595 3765
	5 3840 2730 3885 283840 2730 3885 2820 3915 3030 900 3240 3765 3105 3690
	 2880 3690 2775 3810 0 7530 49³0
# M5)
5 1 0 170 7 50 0 -1 4.000 0 1 0 0 4031 5580 4875 53 5 3420 5220 3Xï„€
# يE80
# MET85 
#20 40
# MET
1 2 0 1 0 7 50 0 -1 4.000 1 0.0000 4545 4132 1860 517 2685 3615 6405 4650
# MET
4C0 6
	