#FIG 3.2
##Áª0@
G²‰
MeTric
A4
10
ºí-2
12
# ˆ[
2 3  7
	0 37
#7>
# i'e
6 1 0 02 0>
2 1 0 1 0 7 50 0 -1 0 0 0 0 0 0 3
18 2819 40 0 0 6
#7>
# i'e
6 1 0 0 3
# /º>
2 1 0 1 0 7 50 0 -1 0 0 0 0 0 0 3
	8  5190 0 0 0 0 000 4875 5385 3420 5220 3420 5940
# MET
1 2 0 1 0 7 50 0 -1 0 1 00 4545 4132 1860 517 2685 3615 6405 4ÿ
3 1 0 1 0 7 50 0 -1 0 0 0 0 6
	5 1830 6855 2385 6345 3015 5235 2760 5025 5235 2760 5025 2415 528345160
	 1.000 1.000 1.000 1.000 1.000 1.000
# 
3 1 0 1 0 7 50 0 -1 4.000 0 0 0 6
	5 1830 6855 2385 6345 3015 5235 2760 5025 24280 21 0 0 41000  2415 5280 21 0 0 41000 4875 538220 3420 5940
# Ld>
1 2 0 1 0 7 50 0 -1 0 1 00 4545 4132 1860 517 2681 3615 6405 4650
# Öe>
3 1 0 1 0 7 50 0 -1 0 0 0 0 6
	 5715 1830 6855 2385 6345 3015 5235 2760 5025 2415 528345160
	 1.000 1.000 1.000 1.000 1.000 1.000
# 
3 1 0 1 0 7 50 0 -1 4.000 0 0 0 6
	5 1830 6855 2385 6345 3015 5235 2760 5025 24280 21 0 0 41000 4875 5385 3420 5220 3420 5940
# Ld>50
# Öe>
3 1 0 1 0 7 50 0 -1 0 0 0 0 6
	 5715 1830 6855 2385 6345 3015 5235 2760 5025 2415 5280 2160
	 1 1.000 1 1.000 1 1.000
# 
3 1 0 1 0 7 50 0 -1 4.000 0 0 05 3940
# ME£
1 2 0 1 0 940
