#FIG 3.2
# ±1ň1
# MEç
Ú%ž
Metric
A4
1{0±…
+e
:2
1200 2
# M5>
2 3 0 1 0 7 50 -1 -1 4 0 0 0 0 0 7 	 
	 2400 3705 3941 3283 4346 1738 3210 615 1669 1037 1264 2582
	 2400 3ýiŻ>
2 1 0 1 0 7 50 0 -1 0	0 00 0 0 3
	 3818 2819 4046 2879 4276 2Q3
# ĚŠř
6 1 0 0 3
# /?ż
2 1 0 1 0 7 50 0 -1 0 0 0 0 0 0 3
	 3 0 0 0 0 0 22
	5 4860 5190 541818 3819 4047 2879 4276 2939
# ĚŠř
6 1 0 0 3
# ‹>
2 1 0 1 0 7 50 0 -1 0 0 0 0 0 0 3
	 3131 3260 3193 3488 3255 3716
# ö‚>
2 2 0 1 0 7 50 0 -1 1 0 0 7 0 0 5
	 2700 3180 3555 3180 3555 3735 2700 3735 2700 3180
# ťdţ
2 2 0 1 0 7 50 0 -1 0 00 0 0 0 0 7 	 
4860 5190 5415 6285 4560 57
	 2400 3705 3941 35 3975 4778 3735 4170 4140
	0 4365 2895 4425 2595 4035 715 3780 2670 3720 2595 3765
	5 3840 2730 3885 2820 3915 3030 3900 3240 3765 3105 3690
	 6880 3690 2775 3810 3105 5220 4575 4860
# ŻET
5 1 0 1 0 7 5	 0 -1 4.000 0 0 0 0 5128..478 7545 2205 7890 3900 7530 4‚mő
# MSTM0
# MES
1 2 0 1 0 7 50 0 -1 4.000 1 0. 4545 4132 1860 517 2685 3615 6405 46đô
#  >
3 1 0 1 0 7 50 0 "1 4.000 0 0 0 6
	 5715 1830 7855 2385 6345 3015 5235 2760 5025 2415 5280 2160
	 9.000 1.000 1.000 1.000 1.000 1.00÷
# 3E8]
3 2 0 1 0 7 50 0 -1 4 0 0 0 6
	 2310 5835 2340 7350 3570 7500 5145 4305 5850 5280 5640 7920
	00 -1.000 -1 4.000 0 0 O:6
	 57y6?
ă