#FIG 3.2
#π~Mρ>
G―
Metric
Aθ
10
π’
-2
1200 2
# MΣ,
2 3 0 1 0 7 55 -1 -1 4 0 0 0 0 0 7
	 2400 3705 3941 3283 4346 1738 3210 615 1609 1037 1264 2582
	 2400 3ϊ[|bdΗiϋ#
2 1 0 1 0 7 50 0 -1 0 0 0 0 0 0 3
18 2819 4047 2879 4276 29”Α
# i°
6 1 0 0 3
# Pc>
# >
6 1 0 0 3©
2 1 0 1 0 7 50 0 -1 0 0 0  0 0 0 0
31 3260 319                                                                                                                                                                                                                                                                                                                                                                                           1
# MET>
3 2 0 1 0 7 50 0 -1 0 0 0 0 6
	 2310 5835 2340 7350 3570 7500 5145 4305 5856345 3015 5235 2760 5025 2415 5280 2160
	 1 1.0.000 1.000 1.000 1.000
# MET>
3 2 0 1 0 7 50 0 -1 0 0 0 0 6
	 2310 5835 2340 7350 3570 7500 5145 4305 5850 5280 5640 79035 2715 3780 26720
	00 -1.-1 -1.Κο:àγ[>
3 3 0 1 0 7 50 0 -1 0 0 0 0 5910
	5 5625 7215 4305 8325 3825 8190 3360
	