#FIG 3.2
## ME>
G t
Metric
A4
10
Se
-2
1200 4980
# M»)
5 1 0 1 0 7 50 0 -1 4 0 1 0 0 4116..000 4875 5385 3420 5220 3420 5940
# MEŻ
1 2 0 1 0 750 0 -1 4 1 00 4545 4132 1860 517 2685 3615 6405 4650
# MET
3 1 0 1 0 7 50 0 -1 4 0 0 0 6
	5 1830 6855 2385 6345 3015 5235 2760 0 7 1 0 1 0 7 50 0 -1 1  940
# MEŻ0
# MEŻ
1 2 0 1 0 750 0 -1 4 1 00 4545 4132 1860 517 2685 3615 6405 4650
# MET
3 1 0 1 0 7 50 0 -1 4 0 0 0 6
	5 1830 6855 2385 6345 3015 5235 2760 0 7 1 0 1 0 7 50 0 000  5940
# Ld>
1 2 0 1 0 7 50 0 -1 0 1 00 4545 4132 1860 517 2685 3615 6405 4650
# ųe>
3 1 0 1 0 7 50 0 -1 0 0 0 0 6
	 5715 1830 6855 2385 6345 3015 5235 2760 5025 2415 528345160
	 1.000 1.000 1.000 1.000 1.000 1.000
# 
3 1 0 1 0 7 50 0 -1 4.000 0 0 0 6
	5 1830 6855 2385 6345 3015 5235 2760 5025 24280 21 0 0 41000 4875 532 1860 517 2685 3615 6000 1.50
# ųe>
3 1 0 1 0 7 50 60 517 2685 2 0 1 4.>
3 