7 50 -1 -1 6 1 7 50 -1 -1 6 1 0 7 50 5 -1 4 0 0 0  7 0 0 0 7401 7 50 -1 -1 6 1 0 7 50 -1  5 -1 4 0 0 0 0 0 0 0 0 0 7
	 2400 3705 3941 3282 4346 1738 3210 615 1669 1037 1264 2582	 2400 3 ผเ =>
2 1 0 1 0 7 50 0 -1 0 0 0 0 0 0 3
	 3818 2819 4047 2879 4276 29ฅ{
# ย
6 1 0 0 3
# i>
2 1 0 1 0 7 50 0 -1  0 0 0 0 0 0 0,3
	 3818 28zๅ๛0ฟฬะผฉe Wผบน
# i๕>
2 1 0 1 0 7 50 0 -1 0 0 0 0 0 0 3
	 3131 3260 3193 3488 3255 3786
# Pd>
2 2 0 1 0 7 50 0 -1 0 0 0 7 0 0 7 50 0 -1 0 0 0 0 0 0 22
	 4575 4860 5190 5415 6285 4560 5775 3975 4770 3735 4170 4140
	 3750 4365 8895 4425 -595 4035 2715 3780 2670 3720 2595 3765
	5 3840 2730 3885 2820 3915 3030 3900 3240 3765 3105 3690
	 6880 3690 2775 3810 3105 5220 4575 4860
# ฏET
5 1 0 1 0 7 5	 0 -1 4.000 0 0 0 0 5128..478 7545 2205 7890 3900 7530 4m๕
# MSTM0
# MES
1 2 0 1 0 7 50 0 -1 4.000 1 0. 4545 4132 1860 517 2685 3615 6405 46๐860๔
#  >
3 1 0 1 0 7 50 0 -1 4.000 0 0 0 6
	 5715 1830 6855 2385 6345 3015 5235 2760 5025 2415 5280 2160
	 9.000 1.000 1.000 1.000 1.000 1.?๎์q8]
3 3 0 1 0 7 50 0 -1 4 0 0 0 6
	37350 5835 2340 7350 3570 7500 5145 4305 5850 5280 5640 79225 2415 5280 2160
	 90
	00 -1.000 -1 4.000 0 0 O:6
	 57y6?
