#FIG 3.2
## ME>
G t
Metric
A4
10
Se
-2
1200 2
# ME>
2 3 0 1 0 7 50 -1 -1 4 0 0 0 0 0 7
	0 3705 3941 3283 4346 1738 3210 615 1669 1037 1264 2582
	 26 2934
# id>
6 1 0 0 3
# Xd>
#mį0 3
# id>
2 5 0 1 0 7 50 0 -1 0 0 0 0 0 0 409
#
# id>
6 1 0 0 3
# id>
2 1 0 1 0 7 50 0 -1 0 0 0 0 0 0 3
18 2819 4047 2879 4276 2939
# d>
2 1 0 1 0 7 50 0 -1 0 0 0 0 0 0 3
31 3260 8 320 3555 3180 3555 3735 2700 37>
6 1 0 0 3
# id>>
2 3 0 1 0 7 50 0 -1 0 0 0 0 0 0 0 0 5
	 180 3555 373 3180
# id>
2 2 0 1 0 7 50 0 -1 0 0 0 0 0 0 22
	775 3975 4770 3735 4170 4140
	 35 3780 2670 3720 2595 3765
	5 3840 2730 3885 2820 3915 3030 3900 3240 3765 5 2715 3780 2670 3720 2595 3765
	5 3840 2730 3885 2820 3915 3030 3900 3240 3765 3105 3690
	 2880 3690 2775 385220 4575 4860Ļ# }ø
5 1 0 1 0 7 50 0 -1 4.000 0 0 0 0 5434 3579 7545 2205 7890 3900 7530 4980
# MŊ)
5 1 0 1 0 7	 - 0 -1 4.000 0 1 0 0 45 5385 3420 0 78 754 7530 4980
# MŊ)
5 1 0 1 0 7 50 0 -1 4.000 0 1 0 0 4031 7050 4875 5385 3420 5220 3420 5940
# MET
1 2 0 1 0 7 50 0 -1 4.000 1 0.0000 4545 4132 1860 517 2685 3615 6405 4650
# MET
3 1 0 1 0 7 50 0 -1 4.000 0 0 0 6
	 5715 1830 6855 2385 6345 3015 5235 2760 5025 2415 5280 2160
	 1 1.000 1 1.000 1 1.000
# MET>
3 2 0 1 0 7 50 0 -1 4.000 0 0 0 6
	 2310 5835 2340 7350 3570 7500 5145 4305 5850 5280 5640 7920
	 0 4575-1 -1.-1.000 .1.00000
#3735>
3 3 0 1 0 7 50 0 -1 4 0 0 0 10
	 8010 3165 6270 3150 7005 4500 9135 5280 9030 5925 6885 5910
	 6525 5625 7215 4305 8325.2
## ME>
G t
Metric
A-1.000	-1.000 -1 -1.-1.000 -1.000 -1 -1.000
	 -1 -1.Kč{oņČínÁniõ80 2955 5745
# Mid>
2 1 0 1 0 7 50 0 -1 0 0 0 0 0 0 3
	 2701 5630 2868 5463 3035 529
2 15
