#FIG 3.2
# шҲ.1
# MEa
`X–Ј
Flush
Metric
A—
10|0
S
-2
1200 2
# ҲR>
2 3 0 1 0 7 50 -1 -1 4 0 0 2 0 0 7
	 2400 3705 3941 3283 4346 1738 3210 615 1669 1037 1264 2562
	 2400 3705
# i@h
2 1 0 1 0 7 50 0 -1 0 0 0 0 0 0 3
	 3818 2819 4047 2879
4276 2939
# ъв>
2 1 4 1 0 7 50 0 -1 0 0 0 0 0 0 3
	 3131 3260 3193 3488 3255 3716
# ці%
2 2 0 1 0 7 50 0 -1 1 0 0 7 0 0 5
	 2700 3180 3555 3180 3555 3735 2700 3735 2700 3180
# id>
2 3 0 1 0 7 50 0 -1 0 0 0 0 0 0 22
	 4575 4860 5190 5415 6285 4560 5775 3975 4770 3735 4170 4140
	 3750 4365 2895 4425 2595 4035 2715 3780 2670 3720 2595 3765
	5 3840 2730 3885 2120 3915 3030 3900 3240 3765 3105 3690
	 2880 3690 2775 3810 3105 5220 4575 4860
# }ҫ4
5 1 0 1 0 7 50 0 -1 4.000 0 0 0 0 5128..478 7545 2205 7890 3900 7530 4 #0
# ъҜ)
5 1 0 1 0 7 50 0 -1 4.000 0 1 0 0 4116..000 4875 5385 3420 5220 3420 594¶
# Mҫр
1 2 0 1 0 7 50 0 -1 4.000 1 0.0000 4545 4132 1860 517 2685 3615 6405 4g0
# ;ВT
3 1 0 1 0 7 50 0 -1 4.000 0 0 0 6
	 5715 1830 6855 2385 6345 3015 5235 2760 5025 2415 5280 2160
	 1 1.000 1 1.000 1 1.000
# ME#©
3 2 0 1 0 7 50 0 -1 4.000 0 0 0 6
	 2310 5835 2340 7350 3570 7500 5145 4305 5850 5280 5640 7920
	 0 -1 -1.-1.000 -1.000 0.000
# Tҗ{4
3 3 0 1 0 7 50 0 -1 4 0 0 0 10
	 8010 3165 6270 3150 7005 4500 9135 5280 9030 5925 6885 5910
	 6525 5625 7215 430525 3825 8190 3360
	 -1.000 -1.000 -1.000 -1 -1.-1.000 -1.000 -1
	 -1.000 -1
# Miҝ>
1 4.‘Ч3
