#FIG 3.7777777777777777777777/77777777777777777777777777777777777777777777777777777777777777777Ъ77777777777777777777777777777777777777777777777777777777777777777777777777777777777777777777777777777777777777777777777777777777777777777777777777777777777777777777777777777777777777777777777777777777777²77777777777777777777777777777777777777777777777777777777777777777777777777777777777777777777777777777777777777777777777777777777777777777777777777777777777777777777777777777777777777777777777777777777777777777777777777777777777777777777777777777777777777777777777777777777777777777777777777 0 7 50 0 -1 4.000 1 0.0000 1860 5280 1096 466 1860 5280 2955 57•k
# 
2 1 3
	96
# MEd>
2 57•k
# Mid>
2 1 0 1 0 7 50 0 -1 4.000 0 0 0 0 0 3
	 2701 5630 2868 5463 3035 5296
# 
2 1 0 000 7 50 0 -1 4.000 0 0 0 0 0 3
	 805 5091 1015 4983 1225 4875
