7 50 -1 -1 2 1 0 71 0 0 7 0 0 5
00 3180 3555 3180 3555 30 1 0 7 50 -1 -1 4 0 0 0 0 0 7
	 2400 3705 3941 3283 4346 1738 85 4560 5775 3975 4770 3735 4170 4140
	 3750 4365 2895 4425 2595 4035 2715 3780 2677 50 -1 -1 2 1 0 71 0 0 7 0 0 5
00 3180 3555 3180 3555 30 1 0 7 50 -1 -1 4 0 0 0 0 0 7
	 2400 3705 3941 3283 4346 1738 85 4560 5775 3975 4770 3735 4170 4140
	 3750 4365 2895 4425 2595 -1 2 1 0 71 0 0 7 0 0 5
00 3180 3555 3180 3555 30 1 0 7 50 -1 -1 4 0 0 0 0 0 7
	 2400 3705 3941 3283 4346 1738 85 4560 5775 3975 4770 3735 4170 4140
	 3750 4365 28000 0 0 0 0 5128..478 7545 2205 7890 3900 7530 4980
# Mﺁ)0 3720 2595 3765
	5 3840 2730 3885 2820 3915 3030 3900 3240 3765 3105 3690
	 2880 3690 2775 3810 3105 5220 4575 4860
# }ﺋ
5 1 0 1 0 7 0 0 -1 4.000 0 0 0 0 5128..478 7545 2205 7890 3900 7530 4980
# Mﺁ)
5 T>3