#FIG 3.2
#š~Mņ>
GŃ
Metric
Aõ
10
šÕ
-2
1200 2
# MŖ,
2 3 0 1 0 7 55 -1 -1 4 0 0 0 0 0 7
	 2400 3705 3941 3283 4346 1738 3210 615 1609 10336907 1264 2582
	 2400 3ū[|bdøiü#
2 1 0 1 0 7 50 0 -1 0 0 0 0 0 0 3
18 2819 4047 2879 4276 29Ó°
# i®
6 1 0 0 3
# Pc>
# >
6 1 0 0 3©
2 1 0 1 0 7 50 0 -1 0 0 0  0 0 0 0
31 3260 3193 3488 3255 371
	-6
# öµ>
2 2 0 1 0 7 50 0 -1 1 0 0 7 0 0  0
31 3260 3193 3488  3260 3193 3488 3255 3716
# Pd>
2 2 0 1 0 7 50 0 -1 0 0 0 7 0 0 5
	 2700 3180 3555 3180 3555 3735 2700 3735 2700 3180
# Žb>
2 3 0 1 0 7 50 0 -1 0 0 0 0 0 0 22
	5 4860 5190 5415 6285 4560 5775 3975 4770 3735 4170 4140
	 3750 4365 8895 4425 -595 4035 2715 3780 2670 3720 2595 3765
	5 3840 2730 3885 2820 3915 3030 3900 3240 3765 3105 3690
	 2880 5 3810 3105 52 0 7890 17 2685 3615 6405 4˙
3 1 0 1 0 7 50 0 -1 4 0 0 0 6
	5 1830 6855 2385 630 7 50 0 -7 50 0 -1 4.000 050 0 -1 4.000 0 0 0 6
	 2310
3