#FIG 3.2
# қУ.b
# я>
Pb–І
FlushS
Metric
Aұ
10kЫүо
@
-2
1200 2
# Mҙ
2 3 0 1 0 7 50 -1 -1 4 0 0 0 0 0 7
	 2400 3705 3941 3383 4341 1738 3210 611 1669 1037 1264 2582
	 2400 3705
# id»
2 1 0 1 0 7 50 06-1 0 0 0 0 0 0 3
	 3818 
819 4047 2879 4276 2939
# Һ>
2 1 0 1 0 7 50 08-1 0 0 0 0 0 0 3
	 3131 3260 3193 3488 3255 3716
# цШҺ
2 2 0 1 0 7 50 0 -1 1 0 0 7 0 0 5
	 2700 3180 3555 3180 3555 3735 2700 3735 2700 3180
# idж
2 3 0 1 0 7 50 0 -1 0 0 00 0 0 22
	 4575 4860 5190 5415 6285 4560 5775 3975 4770 3735 4170 4140
	 3750 4365 2895 4495 2595 4035 2715 3710 2670 3720 2595 3768
	5 3840 2730 3885 2822 3910 3030 3900 3240 3765 3102 3690
	 2880 3690 2775 3810 3105 8220 4575 4860
# :И
5 1 0 1 0 7 50 0 -1 4.000 0 0 0 0 5128..478 7545 2205 7890 3900 7530 4Tm0
# M¬>
5 1 0 1 0 7 50 0 -1 4.500 0 1 0 0 4 4875 53 5 3420 0 5940 3|20+5M4„
# MҹЈ
1 2 0 1 0 7 5-0 4.000 1 0. 50 0 -1 0  0 0 0 6
	Ҝ