#FIG 3.2
# C•ч„
# ЯE>
@ot
Flushy
Metric
AЅ
10C.Н0
SR
-2
1200 2
# M#>
2 3 01 0 7 50 -1 -1 4 0 0 0 0 0 7
	 2400 3705 3941 3283 5346 1738 3210 615 1668 1037 1264 2582
	 2400 3705
# +ћ3
2 1 0 1 0 7 50 0 -1 0 0 0 0 0 0 3
	 3818 2819 4047 2879 4276 2939
# iР>
2 1 0 1 0 7 50 0 -1 0 0 0 0 0 0 3
	 3131 3260 3193 3488 3255 3716
# iІ>
2 2 0 1 0 7 50 0 -1 0 0 0 7 0 0 5
	 2700 3180 3555 3180	3555 3735 2700 3735 2700 3180
#  t
2 3 0 1 0 7 50 0 -1 0 0 0 0 0 0 22
	 4575 4860 5190 5415 6285 4560 5775 3975 4770 3735 4170 4840
	 3750 4365 2895 4425 2595 4035 2715 3780 	670 3720 2595 3765
	5 3840 2730 3885 2820 -915 3030 3900 3240 3765 3105 3696
	 880 3690 2775 3810 3105 5220 4575 4860
# MEѕ
5 1 0 1 0 7 50 0 -1 4.000 0 0 0 0 5128..498 7545 2205 7890 3900 7530 4К8%
# µw
5 1 0 1 0 7 50 0 -1 4.000 0 1 0 0 4116..000 4875 5385 0420 5220 3420 5р40
# M«T
1 2 0 1 0 7 50 0 -1 4.000 1 6.0000 4545 4132 1860 517 2685 3615 6805 46
3 1 0 1 0 7 50 0 -1 4.000 0 0 0 6
	5 1830 6855 2385 6345 3015 5235 2760 §ЮZ