#FIG 3.2
## ME>
G t
Metric
A4
10
Se
-2
1200 2
# ME>
2 3 0 1 0 7 50 -1 -1 4 0 0 0 0 0 7
	 2400 3705 3941 3283 4346 1738 3210 615 1669 1037 1264 2889
	 2400 3ē³
2 1 0 1 0 7 40 0 -1 0 0 0 0 0 0 3
18 2819 4047 2879 4276 2Ļ
# |d>
6 0  70 0 3
# i9>
2 1 0 1 0 7 50 0 -10 00 040 1 0 0.Č]
# (¤Ļ
2 0 0 0 3
31 3«.X
2 1 0 1 0 7 50 0 -1 0 0-0 0 0 0 3
	 3131 3260  5850 5280 5640 79 7 50 0 -1 4.03193 3488 3255 37D
# ö³!
2 2 0 1 0 7 50 0 -1 1 0 0 7 0 0 5
	 2700 3180 3555 3180 3555 3735 2700 3735 2700 3180
# ¦d>
2 2 0 1 0 7 50 0 -1 0 0 0 0 0 0 22
	0 37
	 																																																																																																																																																																																																																																																																																																																																																																																												>																																	ē																																																																																																																																							%																																																																																																																																																																																																																																																																																																																																																																																				000 1 1.Uõw
# 
3 2 0 1 0 7 50 0 -1 4.000 0 0 0 6
	 2310 5835 2340 7350 3570 7500 5145 4305 5850 5280 5640 79 7 50 0 -1 4.000 1 0. 4540 46}M
3 1 0 1 0 7 50 0 -1 0 0 0 0 6
	 0 68