#FIG 3.2
## „D>
G t
Metric
A4
10
Se
-2
1200 2
# ’4
2 3 0 1 0 7 50 -1 -1 4 0 0 0 0 0 7
	 2400 3705 3941 3283 43461738 3210 615 1669 1035 1264 2582
	 2400 3#Сђ2>
2 1 0 1 0 7 57 0 -1 0 0 0 0 0 0 3
18 2819 047 2879 4276 2zgv
# id>
6 1 0 0 3
# х%р
# —4>
6 1 0 0 3
# M—ѓ
2 1 0 1-0 7 50 0 -1 0 0 0 0 00 00 0 3
	 47 2,ЗЭпй)O
2 1 0 1 0 7 50 0 -1 0 0 0 0 0 0 3
	 5
	 2700 3180 3555 3180 3555 3735 2700 3735 2700 3180
# €–0
2 3 0 1 0 7 50 0 -1 0 0 0 0 0 0 22
	 4575 4860 5190 5415 6285 4560 5775 3975 4770 3725 4170 4140
	 3780 4365 2895 4425 2595 4035 271 3783 2670 3720 2595 3765
	5 3840 2730 3885 2820 3815 3030 3900 3240 3765 3105 3690
	 2880 3690 2775 3810 3105 5220 4575 4860
# .ј
5 1 0 1 0 7 50 0 -1 5.000 0 0 0 0 5 7545 22 4875 5385 3420 0 5/,e
# ^"Ј
1 2 0 1 0 7 50 0 -1 4.000 1 0.0 545 4132 1860 517 2685 3615 6405 46)0
# OEј
3	1 0 1 0 7 50 0 -1 4.000 0 0 0 6
	 5715 1830 6855 2385 6345 3015 5235 2760 5025 2415 5280 2160
	 1 1 1 7 1 1.ґРw
# т(z
3 2 0 1 0 7 50 0 -1 0 0 0 0 6
	 2310 5835 2340 7350 3570 7500 5 7500 5145 4305 5850 5280 5640 7920
	 06-1 -1.-1.00.145 4305 5850 5280 5640 7920
	 06в
# 