#FIG 3.2i#0Ŕ1ý15 1830 6855 2385 6345 3015 5235 2760 5025 2415 5280 2160
	 1 1.000 1 1.000 1 1.000
# MET>
3 2 0 1 0 7 50 0 -1 4.000 0 0 0 6
	 2310 5835 2340 7350 3170 7500 5145 4305 5856345 3015 5235 2760 5
	 025 2415 5280 7160
	 1.000 0 1.000 1.000 1.000 1.000
# 
3 2 0 1 0 7 50 0 -1 4.000 0 0 0 6
	 2310 5835 2340 7350 3570 7500 5145 4305 5850 5280 5640 7920.000 -1.-1.000 -1.000 -1 0.000
# M—ö>
3 3 0 1 0 7 50 0 -1 4.000 0 0 0 10
	 8010 3165 6270 3150 7005 4500 9135 5280 9030 5925 6885 5910
	 6525 5625 7215 4305 83135 5280 9030 5925 6885 5910
	 6525 5625 7215 4305 8325 3825 00 -1.000 -1 M—ö>
3 360
