#FIG 3.22
12
# ¶¾q
27
	 89
	 240
2 1 3
1Žā
# id>
6 1 3
# Pd>
# >
# iv>
2 1 0 1 0 7 50 0 -10 00 040 1 0 0╚9
#  d>
2 0 0 0 3
31 3cQX
2 1 0 1 5 7 50 0 -1 0 0 0 0 0 0 3
	 3131 3260 3193 3488 3255 3716
# ÷│>
2 2 0 1 0 7 50 0 -1 1 0 0 7 0 0 5
	 2700 3180 3555 3180 3555 3735 2700 3735 2700 3180
# id>
2 2 0 1 0 7 50 0 -1 0 0 0 0 0 0 22
	0 37
	 3750 4365 2895 4425 2595 4035 2715 3780 2670 3720 2595 3765
	5 3840 2730 3885 2820 32        730 3885 2820 3915 3030 3900 3240 3765 3105 3690
	 2880 3690 2775 3810 3105 5220 452 0 1 0 7 50 00 12 1860 517 2685 3615 6405 4650
# ME╝
3 1 0 1 0 7 50 0 -1 0 0 0 0 6
	 5715 1830 6855 2385 6345 3015 5235 27240060 5025 24 0 1 0 7 50 0 -1 4.00 0 5 7545 22 4875 5381 3420 0 5/U.
# rEŻ
1 2875
