#FIG 3.2
## ME>
G t
Metric
A4
10
Se
-2
1200 2
# ME>
2 3 0 1 0 7 50 -1 -1 4 0 0 0 0 0 7
	 2400 3705 3941 3283 4346 1738 3210 615 1669 1037 12 0 0 0 078 7545 2205 7890 3900 7530 4980
# MŻ)
5 1 0 1 0 7 50 0 -1 4 0 1 0 0 4116..0 00 4545 4132 18 6405 4650
# MET
3 1 0 1 0 7 50 0 -1 4 0 0 0 6
	5 1830 6855 232760 0 7 50 0 -1 4 1 0.0 41355555555555552 18600 0 5
	 273555 318 1 0 1 0 7 50 0 -1 4 0 1 0 0 4116..0 00 4545 4132 18 6405 4650
# MET
3 1 0 1 0 7 50 0 -1 4 0 0 0 6
	5 1830 6855 232760 0 7 50 0 -1 4 1 0.0 41355555555555552 18600 0 5
	 273555 3180 3555 3735 2700 3735 2700 3180
# ťdţ
2 2 0 1 0 7 50 0 -1 0 0 0 0 0 0 22
	 4575 4860 5190 5415 6285 4560 5775 3975 4778 3735 4170 4140
	0 4365 2895 4425 2595 4035 2615 3780 2670 3720 2595 3765
	5 3840 2730 3885 2820 391 3+20 5985 6345 5 2-025 205 4650
#
# ˙˙1 0
# Md>
1 5
