#FIG 3.2
## ME>
G t
Metric
A4
10
Se
-2
1200 2
# ME>
2 3 0 1 0 7 50 -1 -1 4 0 0 0 0 0 7
	 2400 3705 3941 3283 4346 1738 3210 615 3690
	 6880 3690 2775 3810 3105 5220 4575 4860
# Į/Ř
5 1 0 1 0 7 5	 0 -1 4.000 0 0 0 0 5128..478 7545 2205 7820 3900 7530 4āĢ:
# MS
# MES
1 2 0 1 0 7 50 0 -1 4 1 0. 4545 4132 18601111111111 517 2685 3615 6405 46řĪ
# 30 
# MĮ)
5 1 0 1 0 7 50 0 -1 4 0 1 0 0.031 5580 4875 5385 3420 5220 3420 5940
# ÷ßT
1 2 0 1 0 7 50 0 -1 4 1 00 4545 4132 1860 517 2685 3615 6405 4650
# MET
3 1 0 1 0 7 50 0 -1 4 0 0 0 6
	 5715 1830 6855 2385 6345 3015 5235 2760 5025 2415 5280 2160
	 1 1 1 1 1 1
# M8>
3 2 0 1 0 7 50 0 -1 0 0 0 0 6
	 2310 5835 2340 7350 3570 7500 5145 4305 5850 5280 5640 792045
	 0 -1 -1.-10 3 .1.0
# 
3 3 0 1 0 7 50 0 -1 4 0 0 0 10
	 8010 3165 6270 3150 7005 4500 9135 5280 9030 5925 6885 5910
@