#FIG 3.2
# ķŖ.X
# MEŇ
įūę
Flusht
Metric
Aų
100żŐ0
Se
-2
1200 2
# ->
2 3 0 1 0 7 50 -1 -1 4 0 0 0 0 0 7
	 2400 3705 3941 3283 4346 1738 3210 615 1669 1037 1264 2582
	 2400 9 ů#∆Õö“
2 1 0 1 0 7 50 0 -1 0 0 0 0 0 0 3
	 3818 2819 3047 2879 4276 29U9
# éd«
6 1 0 0 3
# fd„
2 1 0 1 0 7 50 0 -1 0 0 0 0 0 0 3
	 3818 2819 4047 2879 4276 2939
# M(>
2 1 0 1 0 7 50 0 -1 0 0 0 0 0 0 3
	 3431 3269 3193 3488 3255 3716
# Ų|y
2 2 0 1 0 7 50 0 -1 1 0 0 7 0 0 5
	 2700 3180 3555 3180 3555 3735 2700 3735 2700 3180
# iņ>
2 2 0 1 0 7 50 0 -1 0 0 0 0 0 0 22
	5 4860 5190 5415 6285 4560 5775 3975 4770 3735 4170 4140
	 3750 4365 2895 4425 2515 4035 2715 3780 3400 3720 2595 3765
	5 3840 2730 3885 2	2 3v