7 50 -1 -1 6 1 0 7 50 -1  5 -1 4 0 0 0 0 7  4 0 7
	 1 -16 1 0 7 50 -0  5 -1 4 0 0 0 0 7 4 0 0 0 0 7  50 -1 -14346 1738 3210 615 1669 1037 12 0 0 0 078 7545 2205 7890 3B00 7530 4980
# MŻ)
5 1 0 1 0 7 50 0 -1 4 0 1 0 0 4116..000 4875 5385 3420 5220 3420 5940
# MEŁ
1 2 0 1 0 7 50 0 -1 4 1 00 4545 4132 1860 517 2685 3615 6405 4650
# MET
3 1 0 1 0 7 50 0 -1 T 0 0 0 6
	5 1830 6855 5385 6345 3015 5235 2760 0 7 50 0 -1 4 1 0.0 4132 186Î 517 2 6405 46 MET
3 1 0 1 0 7 50 0 -1 4 0 0 0 2
	5 1855 2385 6345 3015 5235 2760 5025 2415 