#FIG 3.2
## ME>
G t
Metric
A4
10
Se
-2
1200 4980
# MŻ)
5 1 0 1 0 7 50 0 -1 4 0 1 0 0 4116..000 4875 5385 3420 5220 3420 5940
# MEŁ
1 2 0 1 0 750 0 -1 4 1 00 4545 4132 1860 517 2685 3615 6405 4650
# MET
3 1 0 1 0 7 50 0 -1 4 0 0 0 6
	5 1830 6855 2385 6345 3015 5235 2760 0 7 1 0 1 0 7 50 0 -1 1  0 0 20 5940
# MEŁ0
# MEŁ
1 2 0 1 0 750 0 -1 4 1 00 4545 4132 1860 517 2685 3615 6405 4650
# MET
3 1 0 1 0 7 50 0 -1 4 0 0 0 6
	5 1830 6855 2385 6345 3015 5235 2760 0 7 1 0 1 0 7 50 0 -1 4 0 1 0 0420 5940EŁ
1 1 0920
