#FIG 3.2
#¶ p>
Gmt
Metric
¯†
10
Sج
-2
1200 2
# M*ش
2 3 0 1 0 7 50 -1 -1 4 0 0 0 0 0 7
	 2400 3705 3941 7283 43461738 3210 615 1669 1035 1264 2582
	 2400 3)لdض
2 1 0 1 0 7 50 0 -1 0 0 0 0 0 0 3
 8 2819 4047 -879 4276 2كgإ
# uؤ0é3
# P%
# aé4
6 1 0 0 3
# iˆƒ
2 1 0 1 0 6 50 0 -1 0 0 0 0 00 00 0†3
	 47 2”6إژَîذ
2 1 0 1 07 50 0 -1 0 0 0 0 0 0 3
	 3131 3260 3193 3488 3255 6ل·³
# گ0ق
2 2 0 1 0 7 50 0 -1 1 0 0 7 0 0 5
	 2700 3180 3555 3180 3555 3735 2700 3735 2700 3180çˆگْ>
2 3 0 1 0 7 50 0 -1 0 0 0 0 0 0 22
	5 4860 5190 5415 6285 4560 5775 3975  770 3735 4170 4140
	 3
385 2895 4425 2595 4035 2715 3780 2670 3720 2595 3765
	5 38																																																																																																																																																																																																																																																																																																																																																																																																																																																																																																																																																																																																																																																																