#FIG 3.2
##7ic
A4
10
Se
-2
12
# 
0 30
	 06-100
# M ﻉ>
3 3 0 1 0 7 50 0 -1 4 0 0 0 10
	 87006270 3780 2670 372 5280    7005  1 04500 9135 5280 9030 50
	 6525 5625 353053690 8325 3825 81-0 3360
	 -1.
3 38 2819 4047 28                                                                                                                                                                                                                                                                                                                                                                                                                                                                                                                                                                                                               5128..5 4132 1860 517 2685 3615 64
# M
# ME۲
1 2 0 1 0 7 50 0 -1 4 1 00 4545 4132 1860 517 2685 3615 6405 4650
# MET
3 1 0 1 0 7 50 0 -1 4 0 0 0 6
	 5715 1830 6855 2385 6345 3015 5235 2760 5025 2415 5280 2160
	 1 1 1 1 1 1
# MET>
3 2 0 1 03180 7 50 0 -1 0 0 0 0 6
	 2310 5835 2340 7350 3570 7500 515 4305 5850 5280 5640 7920
	 0 -1 -1.-1 -1.0.00
# 
3 3 0 1 0 7 50 0 -1 4 0 0 0 10
	 8010 3165 6270 3150 7005 4500 9135 5280 9030 5925 6885 5910
	 6525 5625 7215 4305 83255 81903705 3360
	 -1.000 -1.-1 -1.-1 -1.000 -1 -1.000
	 -1-1 -1.000 0.000
# M0
	 910
