#FIG 3.2
# gËZž
# Q•>
Pñ ß
Flush
³¬
n4
1[!}·
1[
-2
1200 2
# ½¥>
2 3 0 1 0 7 50 -2 -1 4 0 0 0 0 0 7
	 2400 400 3705 3941 3283 4346 1738 3210 615 1669 1 2582
	 2400 3705
# id>
2 1 0 1 0 7 50 0 51 0 0 0 0 0 0 3
	 3818 2819 4047 2879 4276 7939
# id>
2 1 0 1 0 7 50 0 -1 0 0 0 0 0 0+3
	 3131 3260 3193 3488 3255 3716
# id>
2 2 0 1 0 7 50 0 -1 0 0 0 7 0 0 5
	 2700 3180 3555 3180 3555 3735 2700 3735 2700 3180
# 6
# {70
# }øö³>
2 2 0 1 0 7 50 0 -1 1 0 0 7 0 0 5
	 2700 3180 3555 3180 3555 18 2819 4047 2879 4276 7939
# id>
2 1 0 1 0 7 50 0 -1 0 0 0 0 0 0 3
	 3131 3260 3193 3488 3255 3716
# id>
2 2 0 1 0 7 50 0 -1 0 0 0 7 0 0 5
	 2700 3180 3555 3180 3555 3735 2700 3735 2700 3180
# i
# 270
# }ø³>
2 2 0 1 0 7 50 0 -1 4 0 0 7 0 0 5
	 2700 3180 3555 3180 3555 3735 2700 3735 2700 3180
# Md>
2 3 0 1 0 7 50 0 -1 4 0 0 0 0 0 22
	 4575 4860 5190 5415 6285 4560 5775 3975 4770 3735 4170 4	 3750 4365 2895 4425 2595 4035 2715 3780 2670 3720 2595 3765
	 2655 3840 2730 3885 2820 3915 3030 3900 3240 3765 3105 3	 2880 3690 2775 3810 3105 5220 4575 4860
# 5á>
5 1 0 1 0 7 50 0 -1 0 0 0 0 0 5134 3478 7545 2205 7890 3900 7530 4980
# ¬Bˆ
5 1 0 1 0 7 50 0 -1 0 0 1 0 0 4131 5000 4875 5260 3193 3488 3255 3716
# {70
# }øö³>
2 2 0 1 0 7 50 0 -1 1 0 0 7 0 0 5
	 2700 3180 3555 3180 3555 3735 2700 3735 2700 3180
# id>
2 3 0 1 0 7 50 0 -1 0 0 0 0 0 0 22
	5 4860 5190 5415 6285 4560 5775 3975 4770 3735 4170 4140
	 3750 4365 2895 4425 2595 4035 2715 3780 2670 3720 2595 37 2655 3840 2730 3885 2820 3915 3030 3900 3240 3765 3105 3690
	 2880 3690 05 5850 5280 5640 7	 0.000 -1.000 -1.00‰*³(ºïzˆç[>
3 3 0 1 0 7 50 0 -1 4.000 0 0 0 10
10 3