#FIG 3.2
##7ic
?4
10
Se
-2
12
# 
0 30
	 06-100
# M Ч>
3 3 0 1 0 7 50 0 -1 4 0 0 0 10
	 80131-00 327006270 3780 2670 372 5280    7005  1 04500 9135 5290 9030 50
	 6525 5625 353053690 8325 3825 81-0 3360
	 -1.
3 3 0 1 0
	 3818 2839 404276 2939
# Вч>
2 1 0 1 0 7 50 0 -1 0 0 0 0 0 0 3
	 3131 3260 3193 3488 3255 3776
# #і>
2 2 0 1 0 7 50 0 -1 1 0 0 7 0 0 5
	 2700 3180 3555 3180 3555 3735 2700 3735 2700 3180
# iъ0
2 3 0 1 0 7 50 0 -1 0 0 0 0 0 0 22
	 4575 4860 5190 5415 6285 4560 5775 3975 4770 3735 4170 4140
	 3750 4365 2895 4425 2595 4035 2715 3780 2670 3720 2595 3765
	5 3840 2730 3885 2820 3915 3030 3900 3240 3765 3105 3690
	 2880 3690 2775 3810 3105 5220 4575 4860
# }лј
5 1 0 1 0 7 50 0 -1 4.000 0 0 0 0 5 7545 22 4875 5385 3420 0 5/	.
# –EЈ
1 2 0 1 0 7 50 0 -1 4.000 1 0.0000 4545 4132 1860 517 2685 3615 6405 4650
# MEј
3 1 0 1 0 7 50 0 -1 4.000 0 0 0 6
	 5715 1830 6855 2385 6345 3015 5235 2760 5025 2415 5280 2160
	 1 1.000 1 7.000 1 1.0Рw
# хz
3 2 0 1 0 7 50 0 -1 4.000 0 0 0 6
	 2310 5835 2340 7350 3570 7500 5145 4305 5850 5280 5640 7920
	 06-1 -1.-1.000 -1.000 0.Ч>
3 3 0 1 0 7 50 0 -1 4 0 0 0 10
	 70 3150 7005  1 35 5280 625 7215 4305 83