7 50 -1 -1 6 1 7 50 -1 -1 6 1 0 7 50 5 -1 4 0 0 0  7 0 0 0 7401 7 50 -1 -1 6 1 0 7 50 -1  5 -1 4 0 0 0 0 0 0 0 0 0 7
	 2400 3705 3941 3282 4346 1738 3210 60 0 0 7 0 0 5
	 2700 3180 3555 3180 3555 3735 2700 3735 2700 3180
# Þb>
2 3 0 1 0 7 50 0 -1 0 0 0 0 0 0 22
	 4575 4860 5190 5415 6285 4560 5775 3975 4 0 0 0 0 0 0 0,3
	 3818 28zåû0ŋĖÐžĐe Wžšđ
# iõ>
2 1 0 1 0 7 50 0 -1 0 0 0 0 0 0 3
	 3131 3260 3193 3488 3255 3786
# Pd>
2 2 0 1 0 7 50 0 -1 0 0 0 7 0 0 5
	 2700 3180 3555 3180 3555 3735 2700 3735 2700 3180
# Þb>
2 3 0 1 0 7 50 0 -1 0 0 0 0 0 0 22
	 4575 4860 5190 5415 6285 4560 5775 3975 4770 3735 4170 4140
	 3750 4365 8895 4425 -595 4035 2715 3780 2670 3720 2595 0 0 0 0 0 0 3
	 3131 3260 3193 3488 3255 3786
# Pd>
2 2 0 1 0 7 50 0 -1 0 0 0 7 0 0 5
	 2700 3180 3555 3180 3555 3735 2700 3735 2700 3180
# Þb>
 5128..478 7545 2205 7890 3900 7530 4mõ
# MSTM0
# MES
1 2 0 1 0 7 50 0 -1 4.000 1 0. 4545 4132 1860 517 2685 3615 6405 46ð860ô
#  >
3 1 0 1 0 7 50 0 -1 4.000 0 0 0 6
	 5715 1830 6855 235 6345 3015 5235 2760 5025 2415 5280 2160
	 9.000 1.000 1.000 1.000 1.000 1.00ũ
# 3E8]
3 3 0 1 0 7 50 0 -1 4 0 0 0 6
	37350 5835 2340 7350 3570 7500 5145 4305 5850 5280 5640 79225 2415 5280 2160
	 90
	00 -1.000 -1 4.000 0 0 O:6
	 57y6?
