#FIG 3.2
# C÷(«
# OEā
oŕt
Flusht
Metric
24
10~“d0
SN
-2
1200 2
# Mm>
2 3 0 1 0 7 5 -1 -1 4 0 0 0 0 0 7
7 2460 3705 3941 3283 4346 1738 3210 615 1669 1037 1264 2582
	 2400Ścő0V
# Ż>
2 1 0 1 0 7 50 0 -1 0 0 0 0 0 0 3
	 3818 2819 4047 2879 4276 293?
# Ū_
2 1 0 1 0 7 50 0 -1 0 0 0 0 0 0 3
	 3131 3860 3193 3488 3255 
716
# ŲČ>
2 2 0 1 0 7 50 0 -1 1 0 0 7 0 0 5
	 2700 3180 3555 3180 3555 3735 2700 3735 2700 3180
# Ŗ◊
2 3 0 1 0 7 50 0 -1 0 0 0 0 0 0 22
	 4575 4860 5190 5415 6285 4560 5775 3975 4770 3735 4170 4140
	23750 4365 2895 4425  595 4035 2715 3780 2670 3720 2595 3765
	5 3840 2790 3885 2820 3915 3030 3900 3240 3765 3105 3290
	 2880 3690 2775 3810 105 5220 4575 4860
# }Lł
# ŐB<
5 1 0 1 0 7 50 0 -1 4 0 1 0 0 4111 5500 4875 5385 342 5220 32∑ Ě9h
# d?
1 2 0 1 0 7 50 0 -1 4 1 00 4545 4132 1860 517 2685 3615 6405 46ń0
# MeÜ
3 1 0 1 0 7 50 0 -1 4 0 0 0 6
2820 3915 3030 3900 3240 3765 	 5715 1830 6855 2385 6345 3015 5235 4760 5025 2415 5280 2160
	 1Ž1f|T0
#