#FIG 3.NÎ]Nű 1 0 7 50 0 -1 43000 0 0 0 6
1ô3
2
	 3276 2939
# ńdQ
# 0 00
# Máą
3 3 0 1 0 7 50 0 -1 4 0 0 0 10
	 8020 3165 6270 3150 7005 4500 9135 5280 9030 5925 6885 5910
	 6525 5625 7215 4305 8325 3825 8190 22
	 4575 4860 5190 5115 6285575 4060 5775 3975 4770 3735 4170 140
	 3750 4365 2895 4425 2595 4035 2715 3780 2670 3720 2595 3765
	 2655 3840 2730 3885 2820 3915 3030 3900 32 0 -1 4 1 00 18 466 18680 2955 5745
# Mid>
2 1 0 1 0 7 50 0 -1 4.000 0 0 0 0 0 3
	 2701 5630 2868 5463 3035 5296
# 
2 1 0 1 0 7 50 0 -1 4.000 0 0 0 0 0 3
	 805 5091 1015 4983 1225 4875
