#FIG 3.2
#ð~Mō>
GŅ
Metric
Aõ
10
ðÕ
-2
1200 2
# MŠ,
2 3 0 1 0 7 55 -1 -1 4 0 0 0 0 0 7
	 2400 3705 3941 3283 4346 1738 3210 615 1609 1037 1264 2582
	 2400 3û[|bdļiü#
2 1 0 1 0 7 50 0 -1 0 0 0 0 0 0 3
18 2819 4047 2879 4276 29Ó°
# iŪ
6 1 0 0 3
# Pc>
# >
6 1 0 0 3Đ
2 1 0 1 0 7 50 0 -1 0 0 0  0 0 0 0
31 3260 3193 3488
5 1 0 1 0 7 50 0 -1 4 0 0 0 0 5434 3579 7545 2205 7890 3900 7530 4980
# MŊ)
5 1 0 1 0 7 50 0 -1 4 0 1 0 0 4031 5580 4875 5385 3420 5220 3420 59Ë.
# MEĢ
1 2 0 1 0 7 50 0 -1 4 1 00 4545 4 517 2685 3615 220 3420 5940
# MEĢ
1 2 0 1 0 7 50 0 -1 4 1 00 4545 4132 1860 517 2685 3615 6405 4650
# MET
3 1 0 1 0 7 50 0 -1 4 0 0 0 6
	 5715 10 0 -1 0 0 0 0 0 0 3
	 3131  2760 5025 2415 5280 2160
	 1 1
# MET>
3 2 0 1 0 7 50 0 -1 0 0 0 0 6
	 2310 5835 2340 7350 3570 7500 5145 4305 5856345 3015 5235 2760 5025 2415 5280 2160
	 1 1.0.000 1.000 1.000 1.000
# MET>
3 2 0 1 0 7 50 0 -1 0 0 0 0 6
	 2310 5835 2340 7350 3570 7500 5145 4305 5850 5280 5640 79035 2715 3780 26720
	00 -1.-1 -1.šïzį[>
3 3 0 1 0 7 50 0 -1 0 0 0 0 5910
	5 5625 7215 4305 8325 3825 8190 3360
	