#FIG 3.2
#- śVJ
“ł
Metric
Aź
10
¬ņ
-2
1200 2
# Űůq
2 3 0 1 0 7 50 -1 -1 4 0 0 0 0 0 7
	 2400 3705 3941 3283 4346 1738 3210
2 0 0 0 3
31 3cQX
2 1 0 1 0 7 50 0 -1 0 0 0 0 0 0 3
	 3131 3260 3193 3488 3255 3716
# Ų≥>
2 2 0 1 0 7 50 0 -1 1 0 0 7 0 0 5
	 2700 3180 3555 3180 3555 3735 2700 3735 2700 3180
# id>
2 2 0 1 0 7 50 0 -1 0 0 0 0 0 0 22
	0 37
	 3750 4365 2895 4425 2595 4035 2715 3780 2670 3720 2595 3765
	5 3840 2730 3885 2820 32        730 3885 2820 3915 3030 3900 3240 3765 3105 3690
	 2880 3690 2775 3810 3105 5220 452 0 1 0 7 50 00 12 1860 517 2685 3615 6405 4650
# MEľ
3 1 0 1 0 7 50 0 -1 4.000 0 0 0 6
	 5715 1830 6855 2385 6345 3015 5235 27240060 5025 2415 5280 2160
	 1 1.000 1 7.000 1 1.0–w
# űz
3 2 0 1 0 7 50 0 -1 4.000 0 0 0 6
	 2310 5835 2340 73500 1 0 7 50 0 -100 12 58+0 5280 5640 7920
	 06-1 -1.345 3015 5235 -1.01.000 0.W00
# 
3
	