#FIG 3.2
#Q –3>
Gät
Metric
A4
1ŕ
úe
-2
1200 2
# ^>>
2 3 0 0 0 7 50 -1 -1 4 0 1 0 0 0 7
	 2400 3705 3941 3283 4846 1738 3210 615 1669 1037 1264 2580 0 3
# /ş>
2 1 0 1 0 7 50 0 -1 0 0 0 0 0 0 3
	8  5190 0 0 0 0 000 4875 5385 3420 5220 3420 5940
# MET
1 2 0 1 0 7 50 0 -1 0 1 00 4545 4132 1860 517 2685 3615 6405 4˙
3 1 0 1 0 7 50 0 -1 0 0 0 0 6
	5 1830 6855 2385 6345 3015 5235 2760 5025 2415 5280 21 0 0 41000 4875 538220 3420 5940
# Ld>
1 2 0 1 0 7 50 0 -1 0 1 00 4545 4132 1860 517 2685 3615 6405 4650
# Öe>
3 1 0 1 0 7 50 0 -1 0 0 0 0 6
	 5715 1830 6855 2385 6345 3015 5235 2760 5025 2415 5280 2160
	 1.000 1.000 1.000 1.000 1.000 1.000
# 
3 1 0 1 0 7 50 0 -1 4.000 0 0 0 6
	5 1830 6855 2385 6345 3015 5235 2760 5025 24280 21 0 0 41000 4875 5385 3420 5220 3420 5940
# Ld>
1 2 0 1 0 7 50 0 -1 0 1 00 4545 4132 1860 517 2685 3615 6405 4650
# Öe>
3 1 0 1 0 7 50 0 -1 0 0 0 0 6
	 5715 1830 6855 2385 6345 3015 5235 2760 5025 2415 5280 2160
	 1 1.000 1 1.000 1 1.000
# 
3 1 0 1 0 7 50 0 -1 4.000 0 0 0 6
	5 1830 6855 2385 6345 3015 5235 2760 50eeeeeeeeeeeeeeeeeeeeeeeeeeeeeeeeeeeeeeeeeeeeeeeeeeeeeeeeeeeeeeeeeeeeeeeeeeeeeeeeeeeeeeeeeeeeeeeeeeeeeeeeee 1860 517 2685 3615 6405 4T
3 1 0 1 0 7 50 0 -1 4.0 0 1 0 940
# ME>
1 2 0 1 4.>
3 