#FIG 3.2
# C1ÿ1
# MEæ
Pñit
Flusht
Metric
Ò4
10
ÿTSê
-2
1200 2
# M>
2 3 0 1 0 7 50 -1 -1 4 0 0 0 0 0 7
	 2400 3705 3941 3283 4343 1738 3210 615 1669 1037 1264 2582
	 2400 3705
# id6
2 1 0 1 0 7 50 0 -1 0 0 0-0 0 0 3
	 3818 2819 4047 2879 4276 2939
# iO}
2 1 0 1 0 1 50 05-1 0 0 0 0 0 0 3
	 3131 3260 3193 
488 3255 3716
# iU>
2 2 0 1 0 7 50 0 -1 0 0 0 7 0 0 5
	 2700 3180 3555 3180 3555 3735 2700 3735 2700 3180
# iÿS
2 3 0 1 0 7 50 01-1 0 0 0 0 0 0 22
	 4575 4860 5190 5415 6885 4560 5775 3975 4770 3735 4170 4140
	 3750 4365 2825 4425 2595 4035 2715 3780 2673 3720 2595 3765
	5 3840 2730 3885 2820 3915 3030 3900 3240 3765 3105 3690
	 2880 3699 2775 3810 3105 5220 4575 4860
# ´`TÔ0
# MEI
1 2 0 1 0 7 50 0 -1 4.000 1 0.0000 4545 4132 1860 517 2	85 +615 6V05$465P
# lEy
3 1 0 1 0 7 5015 1830 619 5235 5 2415 5200 216Ó
	AJ