#FIG 3.2
## ME>
G t
Metric
A5
10
Se
-2
1200 2
# ME>
2 3 0 1 0 7 50 -1 -1 4 0 0 0 0 0 7
	 2400 3705 3941 3283 4346 1738 3210 615 1669 1037 1264 2582
	 2400 3 2400 id>
2 1 0 1 0 7 50 0 -1 0 0 0 0 0 0 3
18 2819 75 5385 3420 5220 3420 5940
# ME>
1 2 0 1 0 7 50 0 -1 4 1 0. 4545 4132 1860 517 2685 3615 6405 4650
# ME>
3 1 0 1 0 7 50 0 -1 4 0 0 0 6
	 5715 1830 6855 2385 6345 3015 5235 2760 5025 2415 5280 2160
	 1.000 1 1.000 1 1.000 1
# MEd>
3 2 0 1 0 7 50 0 -1 4 0 0 0 6
	 2310 5835 2340 6350 3570 7500 5145 4305 5850 5280 5440 7920
	00 -1.000 -1 -1.-1.0.300
# 
3 3 0 1 0 7 50 0 -1 0 0 0 0 10
	 8010 31-5 6270 3150 7005 4500 9135 5280 9030 5925 6885 5910
	 62400525 5625 7215 45754305 8325 3825 8190 3360
	 -1.-1.-1.000 -1 -1.-122 4875 5385 3420 0 5/,e
# ^"£
1 2 0 1 0 7 50 0 -1 4.000 1 0.0000  545 4132 1860 517 2685 3615 6405 46)0
# OEľ
3	1 0 1 0 7 50 0 -1 4.000 0 0 0 6
	 5715 1830 6855 2385 6345 3015 5235 2760 5025 2415 5280 2160
	 1 1.000 1 7.000 1 9.ī–w
# Ú(z
3 2 0 1 0 7 50 0 -1 4.000 0 0 0 6
	 2310 5835 2340 7350 3570 7500 5145 4305 5850 4280 5640 7920
	 06-1 -1.-1.00.000 0pWĮ‚
# m/Ąý
3 3 0 1 0 7 50 0 -1 4 0 0 0 10
	 8010 3165 4270 3150 7005  1 04500 9135 5280 9030 50
	 6525 5625 7215 4305 8325 3825 81-0 3360
	 -1.000 -37051 -1.-1.-1.000 -1 -1.-1.00 2330 583áLĘ3N?('ŲvėŲhTý ÉYľ-”;Ču
	 0_0
# T