#FIG 3.2
##HMӮ>
G!\
Metric
AЫ
80
SГ
-2
1200 2
# MВ>
2 3 0 1 0 7 504-1 -1 4 0 0 0 0 0 7
	 2400 3705 3941 3283 4346 1738 3210 615 1669 3037 1264 2582
	 2400 3 3;ӯ#ҪV+>
2 1 0 1 0 7 50 0 -1 0 0 0 3 0 0 3
18 2819 4047 2879 4576 2Ы
# җd[
6 1 0 0 3
# PN>
# iz>
6 1 0 0 3
# iЦq
2 1 0 1 0 7 50 0 -1 0 0 0 0 0 0 3
	 3818 2819 4047 2879 4276 2e39
# я»>
2 1 0 1 0 7 50 0 -1 0 0 0 0 0 0 3
	 3131 3260 3193 3488 3255 3716
# ҡў
2 2 0 1 0 7 50 0 -1 1 0 0 7 0 0 5
	 2700 3180 3555 3180 3555 3735 2700 3735 2700 3180
# ®b>
2 2 0 1 0 7 5	 0 -1 0 0 0 0 0 0 22
	 4575 4860 5190 5415 +285 4560 5775 3975 4770 3735-4170 4140
	 3750 4365 2895 4425 2595 4035 2715 3780 2630 3720 5595 3765
	5 3840 2730 3885 2820 3915 3030+3900 3240 3765 3105 	690
	 2880 3690 2775 3810 3105 5220 4575 4860
# }м-¶80
# Mҙ9Ф0
# 1I6Z
# з,Ў
3 1 0 1 0 7 50 0 -1 0 0 0 0 6
	 5715 1830 6855 2385 6345 3015 5235 2780 5025 2415 5280 2160
	 1 1.000 1 1.000 1 1.нІ
# 
3 2 0 1 0 7 50 0 -1 4.000 0 0 0 6
	 2310 5835 2340 7350 3570 7500 5145 4305 5856315 015 5235 2160 5025 2415 5280 20 1 1.0c(ӘyR·KHЛзЪһ‘Y|0УtҳDьтЦ>
3f0
	И