#FIG 3.2
##?Ґ0@
GІ‰
MeTric
A4
10
є
-2
12e0 2
# M§
2 3 0 1 0 7 50 -1 -1 4 0 0 0 0 0 7
	0 3705 3941 3283 4346 1738 3210 615 1669 1237 1264 2889
	 24 2єн0
# 
3 3 0 1 0 7 50 0 -1 4 0 0 0 10
	 8010 3165 6270 3150                  7005  1 4500 9135 5280 9038 50
	 6525 562537215 4305 8325 3825 81-0 3360
	 -1.0 0 0 0 22
	 4-1.-0. 4276 2µW9
# ю†>
2 1 0 1 0 7 50 0 -1 0 0 0 0 0 0 3
	 3131 3260 3193 3488 3255 3Q16
# ц<»
2 2 0 1 0 7 50 0 -1 1 0 0 7 0 0 5
	 2700 3180 3555 3180 3555 3735 2700 3735 2700 3180
# BP>
2 2 0 1 0 7 50 0 -1 0 0 0 0 0 0 22
	775 3975 4770 3735 4170 414750 4365 2895 4425 2595 4035 2715 3780 915 3030 3900 3240 3765 3105 3690
	 2880 3690 2775 3810 3105 5220 4575 4860
# }ш
5 1 0 1 0 7 50 0 -1 4.000 0 0 0 0 5434 3579 7545 2205 7890 3900 753085 3420 5220 3420 5940
# MEЈ
1 2 0 1 0 7 50 0 -1 4.000 1 0.0000 4545 4132 1860 517 2685 3615 6405 46и°
# M^#
3 1 0 1 0 7 50 0 -1 4.000 0 0 0 6
	 5715 1830 6855 2385 6345 3015 5235 2760 5025 2415 5280 2160
	 1 1.000 1 1.000 1 1.000
# MET>
3 2 0 1 0 7 50 0 -1 4.000 0 0 0 6
	 2310 5835 2340 7350 3570 7500 5145 4305 5850 5280 5640 7920
	 0 -1 -1.-1.000 -1.000 0.000
# MЮ!>
3 3 0 1 0 7 50 0 -1 4 0 0 0 10
	 8010 3165 6270 3150 7005 4500 9135 5280 9030 5925 6885 5910
	 6525 5625 7215 4305 8325 3825 8190 3360
	 -1.000 -1.000 -1 -1.-1.000 -1.000 -1 -1.000
	 -1 -1.000
# MEOј
1 1 0 1 0 7 50 0 -1 4 1 00 1860 50 5280 6 466 1860 5280 2955 57*,
# MipЬ
2 1 0 1 0 7 50 0 -1 4.000 0 0 0 0 0 3
	 2701 5630 2868 5463 3035 5296
# 
2 1 0 1 0 7 50 0 -1 4.000 0 0 0 0 0 3
	 805 5091 1015 4983 1225 4875
