#FIG 3.2
## ME>
G t
Metric
A5
10
Se
-2
1200 2
# ME>
2 3 0 1 0 7 50 -1 -1 4 0 0 0 0 0 7
	 2400 3705 3941 3283 4346 1738 3210 615 1669 1037 1264 2582
	 2400 3 2400 id>
2 1 0 1 0 7 50 0 -1 0 0 0 0 0 0 3
18 2819 4047 2879 4276 2939
# id>
6 1 0 0 3
# Pd>
# 3
# id>
2 1 0 1 0 7 50 0 -1 0 0 0 0 0 0 3
	 3818 2819 4047 2879 4276 239
#  d>
2 1 0 1 0 7 50 0 -1 0 0 0 0 0 0 3
	3180 3555 3735 2700 3735 2700 3180
# id>
2 3 3 1 0 7 50 0 -1 0 0 0 0 0 0 22
	5 4860 5190 0 0 0 0 0 7
00  5415 6285 4560 5775 3975 4770 3735 4170 4140
	 3750 4365 289 2715 3780 2670 3720 2595 375 3840 2730 3885 2820 3915 3030 3900 3240 3765 3105 3690 2-75 3810 3105 5220 4575 4860
# }°
5 1 0 1 0 7 50 0 -1 4.000 0 0 0 0 5128..478 7545 2205 7890 3900 7530 4980
#)
5 1 0 1 0 7 50 0 -1 4.000 0 1 0 0 4116..000 4875 5385 3420 5220 3420 5940
# MEŻ
1 2 0 1 0 7 50 0 -1 4. 1 0. 4545 4132 1860 517 2685 3900 7530 4980
# M»ł
5 1 0 1 0 7 50 0 -1 4 0 1 0 0 4116 5580 4875 5385 3420 5220 3420 5940
# ME>
1 2 0 1 0 7 50 0 -1 4 1 0. 4545 4132 1860 517 2685 3615 6405 4650
# ME>
3 1 0 1 0 7 50 0 -1 4 0 0 0 6
	 5715 1830 6855 2385 6345 3015 5235 2760 5025 2415 5280 2160
	 1.000 1 1.000 1 1.000 1
# MEd>
3 2 0 1 0 7 50 0 -1 4 0 0 0 6
	 2310 5835 2340 6350 3570 7500 5145 4305 5850 5280 5640 7920
	00 -1.000 -1 -1.-1.0.300
# 
3 3 0 1 0 7 50 0 -1 0 0 0 0 10
	 8010 31-5 6270 3150 7005 4500 9135 5280 9030 5925 6885 5910
	 62400525 5625 7215 45754305 8325 3825 8190 3360
	 -1.-1.-1.000 -1 -1.-1.000 -1.000 -1
	 -1.000 -1
# d>
3 3 0 1 0 7 50 0 -1 4 0 0 0 10
	 70 3150 7005 4500 9135 5280 9030 5925 6885  910
	 #5