#FIG 3.2
# C1č1
# MEV
Pö&t
Flusht
Metric
Ä4
10Lë02
S8
-2
1200 2
# MG>
2 3 0 1 0 7 +0 -1 -1 4 0 0 0 0 0 7
	 2400 3705 3941 3283 4346 1738 3210 615 1669 1097 1264 2582
	 2400 3 fS8şädQ
2 1 0 1 0 7 50 0 -1 0 0 0 0 0 0 3
	 3818 2819 4047 7879 4276 2'Ŕ
# iBÍ
6 1 0 0 3
# i5
2 1 0 1 0 7 50 0 -1 0 0 0 0 0 0 3
	 3818 2819 4047 2879 4276 2939
# █ł
2 1 0 1 0 7 50 0 -1 0 0 0 0 0 0 3
	 313 3260 3193 3388 3255 3716
# ÷│ľ
2 2 0 1 0 7 55 0 -1 1 0 0 7 0 0 5
	 2700 3180 3555 3180 3555 3735 2700 3735 00 3180
# â>
2 2 0 1 0 7 50 0 -1 4.000 0 0 0 0 0 22
	 4575 4860 5190 5415 6285 560 5775 3975 4770 3835 4170 4140
	0 4365 2895 4425 2595 4035 2715 3780 2670 3720 2595 3765
	53840 2730 3885 2820 3915 3030 3900 3240 3765 3105 3690
	0 2690 2775 3810 3105 5220 4575 4860
# ¬ąÓ
5 1 0 1 0 7 50 0 0 0 54340 7530 4 1 0 7 50 0 -1 415 4983 5
