#FIG 3.2
## ME>
G t
ic
A4
10
Se
-0 3735 4170 4140
	 3750 4365 289 2715 3780 2670 3720 2595 375 3840 2730 3885 2820 3915 3030 3900 3240 3765 3105 3690 2-75 3810 3105 5220 4575 4860
# }ř
5 1 0 1 0 7 50 0 -1 4.000 0 0 0 0 5128..478 7545 2205 7890 3900 7530 4980
# MŻ)
5 1 0 1 0 7 50 0 -1 4.000 0 1 0 0 4116..000 4875 5385 3420 5220 3420 5940
# MEŁ
1 2 0 1 0 7 50 0 -1 4.000 1 0.0 4132 1860 517 25 2205 7 7530 4980
# MŻ)
5 1 0 1 0 7 50 0 -1 4.000 0 1 0 0 4031 5580 4875 5385 3420 5220 3420 5940
# MEŁ
1 2 0 1 0 7 50 0 -1 4.000 1 0.0000 0 3240 3 3690 2-75 3810 860
# šř
5 1 0 1 0 7 50 0 -1 4.000 0 0 0 0 5128..478 7545 2205 7890 3900 7530 4980
# MŻ)
5 1 0 1 0 7 50 0 -1 4.000 0 1 0 0 4116..000 4875 5385 3420 5220 3420 5940
# MEŁ
1 2 0 1 0 7 50 0 -1 4.000 1 0.0 4132 1860 517 25 2205 7 7530 4980
# MŻ)
5 1 0 1 0 7 50 0 -1 4.000 0 1 0 0 4031 5580 4875 5385 3420 5 3240 3 3690 2-75 3810 860
# }ř
5 1 0 1 0 7 50 0 -1 4.000 0 0 0 0 5128..478 7545 2205 7890 3900 7530 4980
# MŻ)
5 1 0 1 0 7 220 3420 5940
# MEŁ
1 2 0 1 0 7 50 0 -1 4.000 1 0. 4545 4132 1860 517 2685 3615 6405 4650
# MET
3 1 0 1 0 7 50 0 -1 4.000 0 0 0 6
	 5715 1830 6855 2385 6345 3015 5235 2760 '025 2415 5280 2160
	 1 1.000 1 1.000 1 1.000
# MET>
3 2 0 1 0 7 50 0 -1 4 0 0 0 6
	 2310 5835 2340 637530 4980
# MŻ)
5 1 0 1 0 7 50 0 -1 4.000 0 1 0 0 4031 5580 4875 5385 3420 5 3240 3 3690 2-75 3810 860
# }ř
5 1 0 1 0 7 50 0 -1 4.000 0 0 0 0 5128..478 7545 2205 7890 3900 7530 4980
# MŻ)
5 1 0 1 0 7 220 3420 5940
# MEŁ
1 2 0 1 0 7 50 0 -1 4.000 1 0. 4545 4132 1860 517 2685 3615 6405 4650
# MET
3 1 0 1 0 7 50 0 -1 4.000 0 0 0 6
	 5715 1830 6855 2385 6345 3015 5235 2760 5025 2415 5280 2160
	 1 1.000 1 1.000 1 1.000
# MET>
3 2 0 1 0 7 50 0 -1 4 0 0 0 6
	 2310 5835 2340 6350 3570 7500 5140 5025 2415 5280 2160
	 1.000 1.000 1 1.000 1 1.000
# MET>
3 2 0 1 0 7 50 0 -1 4 0 0 0 6
	 2310 5835 2340 7350 3570 7500 5145 4305 5850 5280 5640 7920
	