#FIG 3.2
## ұн>
G t
Metric
A4
10
Se
-2
1200 2
# MU4
2 3 0 1 0 7 50 -1 -1 4 0 0 0 0 0 7
	 2400 3705 3941 3283 43461738 3210 615 1669 1035 1264 2582
	 2400 3#Сd>
2 1 0 1 0 7 50 0 -1 0 0 0 0 0 0 3
18 2819 4047 2879 4276 2Яgv
# id>
6 1 0 0 3
# P%р
# —4>
6 1 0 0 3
# i—ғ
2 1 0 1 0 7 50 0 -1 0 0 0 0 00 00 0 3
	 47 2ц{сұQщИжO
2 1 0 1 0 7 50 0 -1 0 0 0 0 0 0 3
	 3131 3260 3193 3488 3255 3E·6
# Г·>
2 2 0 1 0 7 50 0 -1 1 0 0 7 0 0 5
	 2700 3180 3555 3180 3555 3735 2700 3735 2700 3180
# id>
2 3 0 1 0 7 50 0 -1 0 0 0 0 0 0 22
	 4575 4860 5190 5415 6285 4560 5775 3975 4770 3735 4170 4140
	 3750 4365 2895 4425 2595 4035 2715 3780 2670 3720 2595 3765
	5 3840 2730 3885 2820 3915 3030 3900 3240 3765 3105 3690
	 2880 3690 2775 3810 3105 5220 4575 43x:§Ғт*Д\и ҶўYўкӘ-0
# ЗС,
4 I
5 