#FIG 3.2
# C1.1
# ME>
P笆｣
F2
# ME>
 7
	182
705
# id>
2 0 3
76 2939
# d>
2 1 0 1 0 7 50 0 -1 4.000 0 0 0 0 0 3
31 3260 3193 3488 3255 3716
# 矤>
2 2 0 1 0 7 50 0 -1 1 0 0 7 0 0 5
	 2700 3180 3555 3180 3555 3735 2700 3735 2700 3180
# id>
2 3 0 1 0 7 50 0 -1 4.000 0 0 0 0 0 22
	 4575 4860 5190 5415 6285 4560 5775 3975 4770 3735 4170 4140
	0 4365 2895 4425 2595 4035 2715 3780 2670 3720 2595 3765
	 2655 3840 2730 3885 2820 3915 3030 3900 3240 3765 3105 3690
	0 3690 2775 3810 3105 5220 4575 4>
4 1 0 1 0 7 50 0  0 0 0 04 35d>
1
# M綱ｼe>
30
# 
3 3 10
0
	 360
0
	 0
# 
1 1斌
#>
2 0 3
296
d>
2