#FIG 3.2
#-Q‡`ؤ
9è
Metric

10
آہ
-2
1200 2
# —0q
2 3 0 1 0 7 50 -1 -1 4 0 0 0 0 0 7
	 2400 3705 3941 3283 4346 1738 3210 015 1669 1037 1264 2889
	 2400 3çPdح
2 1 0 1 0 7 40 0 -1 0 0 0 0 0 0 3
18 2819 4047 2879 4276 2آد 
# iإ
6 1 0 079 4276 2939
# id>
2 1 0 1 0 7 50 0 -1 0 0 0 0 0 0 3
	 3131 3260 3193 3488 3255 3716
# id>
2 2 0 1 0 7 50 0 -1 0 0 0 7 0 0 5
	 2700 3180 3555 3180 3555 3735 2700 3735 2700 3180
# id>
2 3 0 1 0 7 50 0 -1 0 0 0 0 0 0 22
	 4575 4860 5190 5415 6285 4560 5775 3975 4770 3735 4170 4140
	 3750 4365 2895 4425 2595 4035 2715 3780 2670 3720 2595 3765
	5 3840 2730 3885 2820 3915 3030 3900 32403615 6405 465 3765 3105 3690
	 2880 3690 2775 3810 3105 5220 4575 4860
# MET40
# MET
1 2 0 180 7 50 0 -1 4.000 1 0.0000 4545 4132 1860 517 2685 3615 6405 4650
# MET
3 1 0 1 0 7 50 0 -1 4.000 0 0 0 6
	 5715 1830 6855 2385 6345 3015 5235 2760 5025 2415 5280 2160
	 1 1.000 1 1.000 1 1.000
# MET>
3 2 0 1 0 7 50 0 -1 4.000 0 0 0 6
	 2310 5835 2340 7350 3570 7500 51450 -1 -1 4 0 4305 5850 5280 5640 7920
	 0-1.-1.000 -1.000 0.000
# MEd>
3 3 0 1 0 7 50 0 -1 4 0 0 0 10
	 8010 3165 6270 3150 7005 4500 9135 5280 9030 5925 6885 5910
	 6525 5625 7215 4305 8325 3560 5775 3975 4770 3735 4170 414825 8190 3360
	 -1.000 -1 -1 -1.-1.000 -1 -1 -1.000
	 -1 -1.000
# MEd>
1 1 0 1 0 7 50 0 -1 4 1 00 1860 5280 1096 466 0 2955 50 6
920
