7 50 -1 -1 6-1 6 7 5 -1 6 0 0 0 11  5 6 0 0 0 1 6-1 -1 6-1 6 7 5 -1 6 0 0 0 11  5 6 0 0 0 1 6-1 6 7 5 -1 5756 0 0 0 0-1 -6 0-1 6-1 6 7 1 -1 6-1 6 7 5 -1 6 0 0 0 11  5 6 0 0 0 1 6 7 5 -1 5756 0 0 01 6 0 0 0 11  5 6 0 0 0 1 6-1 6 7 5 -1 5756 0 0 0 0-1 -6 6-1 6 7 1 -1 6-1 6 7 5 -1 6 0 0 0 11  5 6 0 0 0 1 6-1 6 7 5 -1 5756 0 0 0 0-15 -1 6 0 0 0 11  5 6 0 0 0 1 6-1 -1 6-1 6 7 5 -1 6 0 0 0 11  5 6 0 0 0 1 6-1 6 7 5 -1 5756 0 0 0 0-1 -6 0 -1 0 0 0 0 0 0 22
	 4575 4860 5190 5415 6285 4560 5775 3975 4770 3735 4170 4140
	 3750 4365 2895 4425 2595 4035 2715 3780 2670 3720 2595 3765
	5 3840 2730 3885 2820 3915 3030 3900 3240 3765 3105 3690
	 2880 3690 2775 3810 3105 5220 45.5 4860
# }欬
5 1 0 1 0 7 50 0 -1 0 0 0 0 0 5 7545 22 4875 5385 3420 0 5/	.
# 胞｣
1 2 0 1 0 7 50 0 -1 0 1 00 4545 4132 1860 517 2685 3615 6405 4650
# MEｼ
3 1 0 1 0 7 50 0 -1 0 0 0 0 6
	 5715 1830 6855 2385 6345 3015 5235 2760 50 7 1 -1 6-1 6 7 5 -1 6 0 0 0 11  5 6 0 0 0 1 6 7 5 -1 5756 0 0 0-1 4.000 0 0 0 6
	0 5835 2340 4305 5850 5280 5