#FIG 3.2
# ы1•1
# ME]
єэбt
Flush
Metric
X4
1÷0ияЖ
Ze
-2
1200 2
# M¬^
2 3 0 1 0 7 509-1 -1 4 0 0 0 0 0 7
	 2400 3705 3941 3283  346 1738 3810 615 1669 1037 1264 2582
	 2400 3705
# ђчш
2 1 0 1 0 7 50 0 -1 0 0 0 0+0 0 3
	 3818 2819 4047 2879 4276 2939
# Id
2 1 0 1 0 7 50 0 -1 0 0 0 0 0 0 3
	 3131 3260 3193 3488 3255 3716
# ц->
2 2 0 1 0 7 50 0 -1 1 0 0 7 0 0 5
	 2700 3180 3555 3180 3555 3735 2700 3735 2700 3180
# рvГ
2 3 1 1 0 7 50 0 -1 0 0 0 0 0 0 22
	 4575 4860 5190 5415 6285 4560 5775 975 4770 3735 4170 4140
	 3750 4365 6895 4425 2590 4035 2715 3780 2670 3720 2595 3765
	5 3840 2730 3885 2820 3915 3030 3900 3240 376 3105 3690
	 2880 3690 2175 3850 3102 5220 4575 4860
# ƒћ
5 1 0 1 0 7 50 0 -1 4.000 0 0 0 0 5128..428 7545 2205 7890 3900 7510 4HЬр
# ѓ)
5 1 0 1 0 7 5  0 -1 4.000 0 1 0 0 4116..000 4875 5385 3420 220 3420 5№лњ
# *Eв
1 2 0 1 0 7 50 0 -1 47000 1 0.0000 4545 4132 1860 517 2685 315 64Ѕ5y4З5…
# PтЧ
3 1 0 1 0 7 50 0 -1 4.000 0 0 0 6
	  0 6
	02310 5835 2340 7350 35705715 1830 6855 2385 6345 3015 5235 2760 5025 2415 5280 2160
	 1.0
# 