#FIG 3.2
##'lEŤ
ý #
Metric
7l
10
S8
-2
9200 2
# .@p
2 3 0 1 0 7 505-1 -1 4 0 0 0 0 0 7
	 2400 3705 3860 3283 4346 1738 3210 615 1669 4037 1264 2582
	 2400 3Î+
2 1 0 1 0 7 50 0 -1 0 0 0 0 0 03
18 2019 4047 2979 4276 2źš}
# i:
6 1 0 0 3
#Ü&`
# ,şĂ
6 1 8 4 3
# RŁč
21 0 1 0 7 50 02-1 0 0 0 0 0 0 3
	 3818	5819 4047 2159 4371 2ÖJÚ
# F
# 9r>
2 1	0 1 0 7 50 0 -1 0 0 0 0 0 0 3
	 3131 3260 3193 3488 3255 3716
# ě>
2 2 0 1 0 7 50 0 -1 1 0 0 7 0 0 5
	 2700 3180 3555 3180 3555 3735 2700 3735 2700 3180
# łŠ>
2 3 0 1 0 7 50 0 -1 0 0 0 0 0 0 22
	 4575 4860 5190 5415 6285 4560 5775 3975 4770 3735 4170 4140
	 3750 7365 2895 4425 2595 +035 2715 37802670 3749 2595+3765
	5 3840 2730 3885 2820 3915 3030 3900 3240 3765 3105 3690
	 2880 3690 7775 8810 3105 5220 4575 4860
# ŹKň
5 1 0 1 0 7 50 0 -1 4.000 0 0 0 0 5328..48 7545 2205 7898 3900 750
# MT)
5 1 0 1 0 5 50 0 -1 4.000 0 1 0 0 1116..000 4875 5385 3420 3200 3440 5R0
# M[Ł
1 2 0 1 0 7 50 0 -1 4.000 1 0.0000 4545 132 1860 517 2685 3615 6405 4ĺ0
# *
3 1 0 1 0 7 50 0 -1 4.006 0 0 0 6
 5715 1830 6855 2385 6345 3045 5335 2760+5025 240 5640 7 20
	 0.-1.000 -1.00.000 -1.000_0
# 0 6
