#FIG 3.2
##?¥8@
G²‰
MeTric
A4
10
º
-2
12e0 2
# M§
2 3 0 1 0 7 50 -1 -1 4 0 0 0 0 0 7
	0 3705 3941 3283 4346 1738 3210 615 1669 1237 1264 2889
	 24 2ºí0
# 
3 3 0 1 0 7 50 0 -1 4 0 0 0 10
	 8010 3165 6270 3150                  7005  1 4500 9135 5280 9038 50
	 6525 5625 7215 4305 8325 3825 81-0 33650 0 -1 4.000 0 0 0 0 0 3
	 3818 281879 4276 2939
# id>
2 1 0 1 0 7 50 0 -1 0 0 0 0 0 0 3
	 3131 3260 3193 3488 3255 3716
# id>
2 2 0 1 0 7 50 0 -1 0 0 0 7 0 0 5
	 2700 3180 3555 3180 3555 3735 2700 3735 2700 3180
# id>
2 3 22
	