#FIG 3.2
#ð~Mō>
GŅ
ic
Aõ
10
ðÕ
-2
1200 2
# MŠ,
2 3 0 1 0 7 55 -1 -1 4 0 0 0 0 0 7
	 2400 3705 3941 3283 4346 1738 3210 615 1609 1037 1264 2582
	 2400 3û[|bdļiü#
2 1 0 1 0 7 50 0 -1 0 0 0 0 0 0 3
18 2819 4047 2879 4276 29Ó°
# iŪ
6 1 0 0 3
# Pc>
# >
6 1 0 0 3
# iqĐ
2 1 0 1 0 7 50 0 -1 0 0 0 0 0 0 3
18 2819 4047 2879 4276 2939
# *@
2 1 0 1 0 7 50 0 -1 0 0 0 0 0 0 3
31 3260 3193 31 0 0 3
# Pc>
# >
6 1 0 0 3
# 1
	-6   50
# MET
3 0 0 1 0 7 50 0 -1 4.000 0 0 0 6
	0 1 0 7 50 0 -1 0 0 0 0 0 0 3
18 2819 4047 2879 45 5280 2160
	 1>
3 