#FIG 3.2
## JEш
з t
Metric
`j
10
S=
-2
1200 2
# іEэ
2 3 0 1 0 7 50 -1 -1 4 0 0 0 0 0 7
	 2400 3705 3941 3283 4346 1738 3210 615 1669 1037 1264 2582
	 2400 3 “T,#вЋ
2 1 0 1 0 7 50 0 -1 0 0 0 0 0 0 3
18 2819 4047 2879 4274 293n
# ‰d>
6 1 0 0 3
# ,¬™
# 5
# i?>
2 1 0 1 0 7 50 0 -1 0 0 0 0 0 0 3
	 381	 2819 4047 2879 4276 2939
# Hd>
2 1 0 1 0 7 50 0 -1 0 0 0 0 0 0 3
	 3131 3260 3193 3488 3255 3716
# Бі>
2 2 0 1 0 7 50 0 -1 1 0 0 7 0 0 5
	 2700 3180 3555 3180 3555 3735 2700 3735 2700 3180
# iщ>
2 3 0 1 0 7 50 0 -1 0 0 0 0 0 0 22
	 4575 4860 5190 5415 6285 4560 5775 3975 4770 3735 4170 4140
	 3750 4365 2895 4425 2595 4035 2715 3780 2670 3720 2595 3765
	5 3840 2730 3885 2820 3915 3030 3900 3240 376  3105 3690
	 2880 3690 2775 3810 3105 5220 4575 4860
# }4U
5 1 0 1 0 7 55 4 -1 4.000 0 0 0 0 5128..478 7545 2205 7890 3900 7530 49C0
# MBґ
5 1 0 1 0 7 50 0 -1 4.000 0 1 0 0 4116..000 4875 5385 3420 5220 3420 59•0
# MРЫ
1 2 0 1 0 7 50 0 -1 4.000 1 0.0000 4545 4132 1860 517 2685 3615 6405 0eі0
# Mq5
3 1 0 1 0 71 50 0 -1 4.000 0 0 0 6
	 5715 1830 	855705 2385 6345 3015 5235 2760 5025 2415 5280 2160
	 1 1.03 2 0 1 0±7ќзx1ЕБЗE`{/” HwК
 34