#FIG 3.2
## ¤=>
G t
Metric
¾±
10
>+
-2
1200 2
# ME>
2 3 0 1 0 7 50 -1 -1 4 0 0 0 0 0 7
	 2400 3705 3941 3283 4346 1738 3210 615 1669 1037 1264 2582
	 2400 3# id>
2 1 0 1 0 7 50 0 -1 0 0 0 0 0 0 3
18 2819 4047 2879 4076 1Aø­Ć]-õ4TF939
# id>
6 1 0 0 3
# Pd>
# id>
6 1 0 0 3
# id>
2 1 0 1 0 7 50 0 -1 0 0 0 0 0 0 3
	 3818 2819 4047 2879 4276 2939
# d>
2 1 0 1 0 7 50 0 -1 0 0 0 0 0 0 3
	 3131 3260 3193 3488 3255 3716
# ÷│>
2 2 0 1 0 7 50 0 -1 1 0 0 7 0 0 5
	 2700 3180 3555 3180 3555 3735 2700 3735 2700 3180
# id>
2 3 0 1 0 7 50 0 -1 0 0 0 0 0 0 22
	 4575 4860 5190 5415 6285 4560 5775 3975 4770 3735 4170 4140
	 3750 4365 2895 4425 2595 4035 2715 3780 2670 3720 2595 3765
	 2655 3840 2730 3885 2820 3915 3030 3900 3240 3765 3105 3690
	 2880 3690 2775 3810 3105 5220 4575 4860
# }°
5 1 0 1 0 7 50 0 -1 0 0 0 0 0 5128..478 7545 2205 7890 3900 7530 4980
# Mz)
5 1 0 1 0 7 50 0 -1 0 0 1 0 0 4116..000 4875 5385 3420 5220 3420 5940
# MEŻ
1 2 0 1 0 7 50 0 -1 0 1 00 4545 4132 1860 517 2685 3615 6405 4650
# MET
3 1 0 1 0 7 50 0 -1 0 0 0 0 6
	 5715 1830 6855 2385 6345 3015 5235 2760 5025 2415 5280 2160
	 1 1.000 1 1.000 1 1.000
# 
3 2 0 1 0 7 50 0 -1 4.000 0 0 0 6
	 2310 5835 2340 7350 3570 7500 5145 4305 5850 5280 5640 7920
	 0 -1 -1.-1.000 -1 0.5{0
# MŚ[>
3 3 0 1 0 7 50 0 -1 4 0 0 0 10
	 8010 3165 6270 3150 7005 4500 9135 5280 9030 5925 6885 5910
	 6525 5625 7215 4305 83255 8190 3360
	 -1.000 -1 -1 01.-1.000 -1 -1 -1.000
	 -1 -1.000
# MEd>
1 1 0 1 0 7 50 0 -1 4 1 00 1860 5280 1096 466 1860 5280 2955 1d>
2
86