#FIG 3.2
# ¦!,"
Ä(
De
-2
1200 2
# É7>
2 
	 212642
	 2400  26¶
# 3¼ 
# M¯æ
5 1 0 1 0 7 50 0 -1 4 0 1 0 0.031 5580 4875 5385 3420 5220 3420 590
# ŒîN
1 2 0 1 0 7 50 0 -1 4 1 00 4545 4132 1860 517 2685 3612 6405 4650
# ME^
3 1 0 1 0 7 50 0 -1 4 0 0 0 6
	 5715 1830 6855 2385 6345	3015 5235 2760 5025 2415 5280 2160
	 1 1 1 1 1 1
# j,·
3 3 0 1 0 7 50 0 -1 0 0 0 0 6
	 2310 5835 2340 7350 3570 7500 5145 4305 5850 5280 5640 7920
	 0 -1 -1.-10 3 .1à0
# 
3 3 0 1 0 7 50 0 -1 4 0 0 0 10
	 8010 3165 6270 3150 7005 4500 9135 5280 9030 5915 6885 5910
	 6525 5625 7215 4305 83256145 825 8190 33601	 -1 -1.-1 -1.-1 -1.-1 -1
0 7  -1 4 0 0 0 10
	 801 1Í
