#FIG 3.2
#- φVJ
“Η
Metric
Aê
10
Sά
-2
1200 2
# τσq
2 3 0 1 0 7 50 -1 -1 4 0 0 0 0 0 7
	 2400 3705 3941 3283 4346 1738 3210 615 1669 1037 1264 2889
	 2400 3|
2 1 0 1 0 7 40 0 -1 0 0 0 0 0 0 3
18 2819 4047 2879 4276 2œÉ
# idξH>
2 1 0 1 0 7 50 0 -10 00 040 1 0 0»9
# ­d>
2 0 0 0 3
31 3cQX
2 1 0 1 0 7 50 0 -1 0 0 0 0 0 0 3
	 93 3488 3255 371685 3615 6405 4650
# MEΦ
3   0 1 0 7 50 0 -1 4.000 0 0 0 6
	5 1830 6855 50 0 -1 0 0 0 0 0 0 22
	0 33457
	 385 6345 3
# ω≥>
2 2 0 1 0 7 50 0 -1 1 0 0 7 0 0 5
	 2700 3180 3555 3180 3555 3735 2700 3735 2700 3180
# id>
2 2 0 1 0 7 50 0 -1 0 0 0 0 0 0 22
	0 37
	 3750 25 2595 4035 2715 3780 2670 3720 2595 3765
	5 3840 2730 3885 2820 32730 3885 2820 3915 3030 3900 3240 3765 3105 3690
80 3690 2775 3810 3105 5220 452 0 1 0 750 0 -100 12 1860 517 2685 3615 6405 4650
# MEΦ
3   0 1 0 7 50 0 -1 4.000 0 0 0 6
	5 1830 6855 50 0 -1 0 0 0 0 0 0 22
	0 33457
	 385 6345 3015 5235 27240060 5025 2415 5280 2160
	 1
#