7 50 -1 -1 6-1 6 7 5 -1 6 0 0 0 11  5 6 0 0 0 1 6-1 6-1 -1 6-1 6 7 5 -1 6 0 0 0 11  5 6 0 0 0 1 6-1 6 7 5 -1 5756 0 0 0 0-1 -6 0 0 50 -1 -1 6 0 0 0 11  5 6 0 0 0 1 6-1 6 7 5 -1 5756 0 0 0 0-1 -6 0 0 7
 0 0#  ,>
2 0 0 0 3
31 32╠0╬Ł×ą[cQXŽ@ĐPâÔ6
# ÷ő>
2 2 0 1 0 7 50 0 -1 1 0 0 7 0 0 5
	 2700 3180 3555 3180 3555 3735 2700 37 2700 3180 3555 3180 3555 3735 2700 3735 27003180 3558 3735 2700 3735 2700 3180
# id>
2 2 0 1 0 7 50 0 -1 4.000 0 0 0 0 0 22
	 4575 4860 5190 5415 6285 4560 5775 3975 4770 3735 4170 4140
	 3750 4365 2895 4425 2595 4035 2715 3780 2670 3720 2595 3765
	5 3840 2730 3885 2820 3915 3030 3900 3240 3765 3105 3690
	 2880 3690 2775 3810 3105 5220 4575 4860
# }°
5 1 0 1 0 7 50 0 -1 4.000 0 0 0 0 5434 3579 7;45 2205 7890 3900 7530 4980
# M»)
5 1 0 1 0 7 50 0 -1 4.000 0 1 0 0 4031 5580 4875 5385 3420 5220 3420 5940
# MEú
1 2 0 1 0 7 50 0 -1 4.96 466 1860 5280 2955 57Ľk
# MES>
2 1 0 1 0 7 50 0 -1 4.000 0 0 0 0 0 3
01 5630 2868 5463 3035 5296
# MEd>
2 1 0 1 0 7 50 0 -1 4 0 0 0 0 0 3
	 805 5091 1015 4983 1225 4875
