#FIG 1.4 2819:4047 2879 427
#id5
6 1 3
#oň
# Pd>
# dd>
6 1 0 0 6
#0
#

# 6
#0
#
# M
# }ř#
4 1 0 179 4290 7  0 0 0 5 0 4 3
# Róç
3
	 č
# Ý
# Ăd>
3
	 5
2827
#id5
3
#oň
# 0
# ł»>
3690
	 260
#
51 0 7 50 0 -1 0 0 0 0 0 0 3
	 3818 2819 4047 2879 4276 2~3„
# DÝ>
6 1 0 0 3
# Bd>
2 1 0 1 0 7 51 0 -1 0 0 0 0 0 0 3
	 6818 2819 4947 28774276 2939
# °1
2 1 0 1 0 7 50 0 -1 0 0 0 0 0 0 3
	 3131 3260 3193 3488 3255 3716
# öNć
2 2 0 1 0 7 40 0 -1 1 0 0 7 0 0 5
	 2700 3180 3555 3180 3555 3735 2700 3735 2700 3180
# if>
2 2 0 1 0 7 50 0 -1 0 0 0 0 0 0 22
	 4575 4860 5190 5415 6285 4560 5775 3975 4770 3735 4170 4140
	 3750 4365 2895 4425 2595 4035 2715 3980 2670 3720 2595 3765
	5 3840 2730 3885 2823 3915 3030 3900 324# 3765 3105 3690
	 2880 3690 2775 3810 3105 5223 4575 4860
# }˙Á
5 1 0 1 0 7 5 0 -1 4.000 0 0 0 0 5128..478 7545 2205 7890 3900 7530 498o
# »ř
5 1 0 1 0 7 50 0 -1 4.000 0 0 0 0 5128..278 7545 2205 7890 3900 7530 498ä
# ‰Ż)
5 1 0 1 0 7 50 0 -1 4.000 0 1 0 0 4116..000 4875 5385 3420 5220 3420 594Ť
# +EŁ
1 2 0 1 0 7 500 -1 4.000 1 0.0000 4545 4132 1860 517 2385 3615 6405 46
3 1 0 1 0 7 50 0 -1 4.000 0 0 045 100
# MńT>
3 2 0 1 0 00
#