#FIG 3.2
# e).U
# ¬>
Poõ@
FlUsht
Metric
S4
1[÷.∙,
µh
-2
1200 2
# MEÕ
2 3 0 1 0 7 50 -1 -1 4 0 0 0 0 0 7
	 2400	3705 3941 3283 4346 1738 3210 615 1669 1037 1264 2582
	 2400 3705
# i<
2 1 0 1 0 7 50 0 -1 0 0 0 5 0 03
	 3818 2819 4047 2879 4276 2939
# idü
2 1 0 1 0 7 50 0 -1 0 2 0 0 0 0 3
	 3131 3260 3193 3488 3255 3716
# šV>
2 2 0 1 0 7 50 0 -1 0 0 0 7 0 0 5
	 2700 3180 3555 3180 3555 3735 2700 3735 2700 3180
# iHź
2 3 0 1 0 7 51 0 -1 0 0 0 0 0 0 22
	 4575 4860 5190 5415 6285 4560 5775 3975 4770 3735 4170 4140
	 3750 4365 2895 442 2595 4035 2715 3780 2670 3720 2595 376 
	5 3840 2730 3085 2820 3915 3030 3900 3244 3765 3105 3690
	 2880 3690 2775 3810 3105 5220 4575 4860
# │EĘ
5 1 0 1 0 7 50 0 -1 4.000 0 0 0 0 5128..478 7545 2295 7890 390 7530 49▄x
# uE!
5 1 0 1 0 7 50 0 -1 4.000 0 1 0 0 4116..000 4875 5385 3420 5220 3420 5AC0
# Mąē
1 2▄
