#FIG 3..­ĪvmūKT•Ė"įįįįįįįįįįįįįįįįįįįįį0 0 0 6
­Ø3
3
	 879 9
# Tdå
6 1 0 0 00x
# MF
# M
# [ET
1 2 0 1 0 7 50 0 -1 4 1 06 4545 4132 1860 517 2685 3615 6405 4650
# MET
3 1 0 1 0 7 50 0 -1 4 0 0 0  3
	 3131 3260 3193 3488 60 5įįįįįįįįįįįįįįįįįįįįįįįįįįįįįįįįįįįįįįįįįįįįįį180 3555 3180 3555 3735 2700 3735 2700 3180
# id>
2 3 0 1 0 7 50 0 -1 0 0 0 0 0 0 22
	 4575 4860 5190 5415 6285 4560 5775 3975 4770 3735 4170 4140
	 3750 4365 2895 4425 2595 4035 2715 3780 2670 3720 2595 3765
	5 3840 2730 3885 2820 3915 3030 3900 3240 3765 3105 3690
	 2880 3690 2775 3810 3105 5220 4575 4860
# MET
5 1 2 1 0 7 50 0 -1 4.000 0 0 0 0 5128..478 7545 2205 7890 3900 7530 4980
# MET
5 1 0 1 0 7 50 0 -1 4.000 0 1 0 0 4116..000 4875 5355 3420 5220 3420 5940
# MET
1 2 0 1 0 7 50 0 -1 4.000 1 0.0000 4545 4132 1860 517 2685 3615 6405 4˙
3 1 0 1 0 7 50 0 -1 4.000 0 0 0 6
	5 1830 6855 2385 6345 3015 0 7 50 0 -1 0.000 0 0 0 5235 27600 -1420 5220 3420 5940
# ME£
1 2 0 1 0 7 50 0 -1 4.000 1 0.0000 4545 4132 1860 517 2685 3615 6405 4650
# MET
3 1 0 1 0 7 50 0 -1 4.000 0 0 0 6
	5 1830 6855 2385 6745 3015 5235 2760 5025 2400 5280 2160
	34>
3 