#FIG 3.2
# ұ1т1
# MEз
Ъ%һ
Metric
A4
1{0ұ…
+e
:2
1200 2
# M5>
2 3 0 1 0 7 50 -1 -1 4 0 0 0 0 0 7
	 2400 3705 3941 3283 4346 1738 3210 615 1669 1037 1264 2582
	 2400 3эiҜ>
2 1 0 1 0 7 50 0 -1 0	0 00 0 0 3
	 3818 2819 4046 2879 4276 2Q66666666666666666666 /?ҝ
2 1 0 1 0 7 50 0 -1 0 0 0 0 0 0 3
	 3818 3819 4047 2879 4276 2939
# МҠш
6 1 0 0 3
# Ӣ>
2 1 0 1 0 7 50 0 -1 0 0 0 0 0 0 3
	 3131 3260 3193 3488 3255 3716
# цӮ>
2 2 0 1 0 7 50 0 -1 1 0 0 7 0 0 5
	 2700 3180 3555 3180 3555 373035 2615 35 2700 3180
# қdю
2 2 0 1 0 7 50 0 -1 0 0 0 0 0 0 22
	5 4860 5190 5415 6285 4560 57
	 2400 3705 3941 35 3975 4778 3735 4170 4140
	0 4365 2895 4425 2595 4035 2615 3780 2670 7720 2595 3765
	5 3840 2730 3885 2820 3915 3030 3900 3240 3765 0 517 2685 3615 6405 4жұ0
# MEҢ
3 1 0 1 0 7 50 0 -1 0 0 0 0 6
	 5715 1830 6855 2385 6345 3015 5235 2760 5025 2415 5280 2160
	 1 1.000 1 7.000 1 1.O:w
# 
3 2 0 1 0 7 50 0 -1 4.000 0 0 0 6
	 2310 5835 2340 7350 3560 7500 5145 4305 5850 5280 5640 7920
	 06-1 -1.-1.000 -1 0.Лк0
# MХ>
3 2 0 1 0 7 50 0 -1 4 0 0 0 10
	 8010 3165 6270 3150 7005 04500 9135 5280 9030 50
	 6525 5625 7215 4305 8325 3825 813735-0 3366
	 -1.000 -37051 -1.-1.-0.000 -1 -1.-1.00 2330 583ҮLў¶F«(P°0QG‘уSН 4һ-^ҡ]Vҳ
0
# 