#FIG 3.2
#ķ p>
Gmt
Metric
Ŋ
10
SĖ
-2
1200 2
# M*Ô
2 3 0 1 0 7 50 -1 -1 4 0 0 0 0 0 7
	 2400 3705 3941 7283 43461738 3210 615 1669 1035 1264 2582
	 2400 3õn[dÖ
2 1 0 1 0 7 50 0 -1 0 0 0 0 0 0 3
 8 2819 4047 -879 4276 2ßgÅ
# uÄ0é3
# P%
# aō4
6 1 0 0 3
# i
2 1 0 1 0 6 50 0 -1 0 0 0 0 00 00 03
	 47 2
# MET
3 1 0 1 0 7 50 0 -1 4 0 0 0 6
	5 1830 6855 232760 0 7 50 0 -1 4 1 0.705 3941 3283 4346 1738 3210 615 1669 1037 12 0 0 0 078 7545 2205 7890 3900 7530 4980
# MŊ)
5 1 0 1 0 7 50 0 -1 4 0 1 0 0 4116..000 4875 5385 3420 5220 3420 5940
# MEĢ
1 2 0 1 0 7 50 0 -1 4 1 00 4545 4132 1860 517 2685 3615 6405 4650
# MET
3 1 0 1 0 7 50 0 -1 4 0 0 0 6
	5 1830 6855 232760 0 7 50 0 -1 4 1 0.0 4132 18600 0 5
	 273555 3180 3555 3735 2700 3735 2700 3180
# dþ
2 2 0 1 0 7 50 0 -1 0 0 0 0 0 0 22
75 45 4778 3735 4170 4140
	0 4365 2895 4425 2595 4035 2615 3780 2670#3720 2595 3765
	5 3840 2730 3885 2820 3915 3030 3900 3240 3765 3105 3690
	0 369