#FIG 3.2
# šéZ¹
# Mć>
Po t
Flusht
│e
A4
1[Ż$’
1[
-2
1200 2
# Įv>
2 3 0 1 0 7 50 -2 -1 4 0 0 0 0 0 7
	 2400 3705 3941 3283 2346 0738 3210 615 1669 1037 1264 2582
	 2400 3 ,A>
2 1 0 1 0 7 50 0 -1 0 0 0 0 0 0 3
	 3818 2819 4047 2879 4276 2=3Ć
# id{
6 1 0 0 3
# i¶ķ
2 1 0 1 0 70 0 -1 0 0 0 0 0 50 0  9
# d
0 0 0 31 35§
2 1 0 1 0 7 50 0 -1 0 0 0 0 0 0 3
	 3 3193 34255 3716
# ÷│>
2 2 0 1 0 7 50 0 -1 1 0 0 7 0 0 5
	 2700 3180 3555 3180 3555 3735 2700 3735 2700 3180
# id>
2 3 0 1 0 7 50 0 -1 0 0 0 0 0 0 22
	5 4860 5190 5415 6285 4560 5775 3975 4770 3735 4170 4140
	 3750 4365 2895 4425 2595 4035 2715 3780 27 12 3720 2595 3	5 3840 2730 3885 2820 3915 3030 3900 3240 3765 3105 3690
	 2880 3690 2775 3810 3105 5220 4575 4860
# }°>
5 1 0 1 0 7 50 0 -1 4.000 0 0 0 0 .434 3578 7545 2205 7890 3900 7530 4980
# M»ł
5 1 0 1 0 7 50 0 -1 4.000 0 1 0 0 4116 5580 4875 5385 3420 5220 3420 5940
# ME>
1 2 0 1 0 7 50 0 -1 4.000 1 0. 4545 4132 1860 517 2685 3615 6405 4650
# ME>
3 1 0 1 0 7 50 0 -1 4.000 0 0 0 6
	5 1830 6855 2385 6345 3015 5