#FIG 3.2
## ME>
G t
Metric
A4
10
Se
-2
1200 2
# ME>
2 3 0 1 0 7 50 -1 -1 4 0 0 0 0 0 7
	 2400 3705 3941 3283 4346 1738 3210 615 1669 1037 1264 2582
	 2400 3# id>
2 1 0 1 0 7 50 0 -1 0 0 0 0 0 0 3
18 2819 4047 2879 4276 25 2715 3780 2670 3720 2595 3
# id>
6 1 0 0 3
# Pd>
# id>
6 1 0 0 3
# id>
2 1 0 1 0 7 50 0 -1 0 0 0 0 0 0 3
	8 2819 4047 2879 4276 239
# d>
2 1 0 1 0 7 50 0 -1 0 0 0 0 0 0 3
	1 3260 3193 3488 3255 3716
# öł>
2 2 0 1 0 7 50 0 -1 1 0 0 0 0 0 0 7
5 280 3555 700 3735 2700 3180
# id>
2 2 0 1 0 7 50 0 -1 0 0 0 00 0 0 0 22
	35 4170 4140
	 33
	 