# unix_time, cycles_done, cur_path, paths_total, pending_total, pending_favs, map_size, unique_crashes, unique_hangs, max_depth, execs_per_sec
1631727467, 0, 0, 1, 1, 1, 0.71%, 0, 0, 1, 1333.33
1631727472, 0, 0, 67, 67, 1, 1.03%, 0, 0, 2, 1785.65
1631727477, 0, 0, 75, 75, 1, 1.03%, 0, 0, 2, 1708.55
1631727482, 0, 0, 77, 77, 1, 1.03%, 0, 0, 2, 1756.12
1631727492, 0, 0, 90, 90, 1, 1.05%, 0, 0, 2, 1796.64
1631727502, 0, 0, 123, 123, 1, 1.09%, 0, 0, 2, 1882.64
1631727507, 0, 0, 135, 135, 1, 1.09%, 0, 0, 2, 1941.80
1631727512, 0, 0, 140, 140, 1, 1.09%, 0, 0, 2, 1955.21
1631727517, 0, 2, 143, 142, 53, 1.09%, 0, 0, 2, 1997.51
1631727522, 0, 7, 144, 138, 49, 1.09%, 0, 0, 3, 2059.02
1631727528, 0, 7, 155, 149, 49, 1.09%, 0, 0, 3, 2065.27
1631727533, 0, 7, 161, 155, 49, 1.09%, 0, 0, 3, 2065.18
1631727538, 0, 7, 162, 156, 49, 1.09%, 0, 0, 3, 2087.16
1631727543, 0, 8, 163, 156, 49, 1.11%, 0, 0, 3, 1883.88
1631727573, 0, 9, 163, 155, 49, 1.11%, 0, 0, 3, 1907.93
1631727578, 0, 12, 163, 154, 48, 1.11%, 0, 0, 3, 2036.04
1631727583, 0, 13, 163, 153, 47, 1.11%, 0, 0, 3, 2040.24
1631727589, 0, 14, 163, 152, 46, 1.11%, 0, 0, 3, 2057.95
1631727594, 0, 15, 164, 152, 45, 1.11%, 0, 0, 3, 2064.85
1631727599, 0, 16, 164, 151, 44, 1.11%, 0, 0, 3, 2069.89
1631727604, 0, 17, 164, 150, 43, 1.11%, 0, 0, 3, 2068.54
1631727609, 0, 18, 164, 149, 42, 1.11%, 0, 0, 3, 2021.40
1631727614, 0, 20, 164, 148, 41, 1.11%, 0, 0, 3, 2013.72
1631727624, 0, 28, 164, 147, 40, 1.11%, 0, 0, 3, 1999.73
1631727630, 0, 29, 166, 148, 39, 1.11%, 0, 0, 3, 1947.22
1631727666, 0, 35, 168, 149, 38, 1.11%, 0, 0, 3, 1779.79
1631727701, 0, 36, 168, 148, 37, 1.11%, 0, 0, 3, 1919.69
1631727711, 0, 37, 171, 150, 36, 1.11%, 0, 0, 3, 1815.62
1631727716, 0, 37, 172, 151, 36, 1.11%, 0, 0, 3, 1673.34
1631727742, 0, 37, 173, 152, 36, 1.11%, 0, 0, 3, 1863.14
1631727747, 0, 38, 175, 153, 36, 1.11%, 0, 0, 3, 1815.60
1631727778, 0, 39, 176, 153, 36, 1.11%, 0, 0, 3, 1803.61
1631727813, 0, 42, 177, 153, 35, 1.11%, 0, 0, 3, 1796.91
1631727849, 0, 44, 177, 152, 34, 1.11%, 0, 0, 3, 1788.86
1631727854, 0, 44, 178, 153, 34, 1.11%, 0, 0, 3, 1721.86
1631727879, 0, 49, 179, 153, 33, 1.11%, 0, 0, 3, 1872.90
1631727884, 0, 49, 180, 154, 33, 1.11%, 0, 0, 3, 1805.22
1631727915, 0, 53, 181, 154, 32, 1.11%, 0, 0, 3, 1782.66
1631727950, 0, 56, 182, 154, 32, 1.11%, 0, 0, 3, 1826.14
1631727955, 0, 56, 184, 156, 32, 1.12%, 0, 0, 3, 1748.29
1631727966, 0, 56, 185, 157, 32, 1.12%, 0, 0, 3, 1728.19
1631727986, 0, 57, 185, 156, 33, 1.12%, 0, 0, 3, 1783.95
1631728021, 0, 58, 186, 156, 32, 1.12%, 0, 0, 3, 1741.82
1631728052, 0, 62, 186, 155, 31, 1.12%, 0, 0, 3, 1819.26
1631728062, 0, 62, 187, 156, 31, 1.12%, 0, 0, 3, 1748.24
1631728087, 0, 63, 187, 155, 30, 1.12%, 0, 0, 3, 1798.59
1631728092, 0, 63, 188, 156, 30, 1.12%, 0, 0, 3, 1744.89
1631728123, 0, 64, 190, 157, 30, 1.12%, 0, 0, 3, 1795.28
1631728158, 0, 68, 190, 156, 29, 1.12%, 0, 0, 3, 1782.71
1631728163, 0, 68, 191, 157, 29, 1.12%, 0, 0, 3, 1726.19
1631728189, 0, 74, 191, 156, 28, 1.12%, 0, 0, 3, 1794.20
1631728224, 0, 77, 191, 155, 27, 1.12%, 0, 0, 3, 1946.47
1631728229, 0, 78, 194, 157, 26, 1.12%, 0, 0, 3, 1935.06
1631728239, 0, 78, 195, 158, 26, 1.12%, 0, 0, 3, 1867.26
1631728260, 0, 85, 196, 158, 25, 1.12%, 0, 0, 3, 1896.80
1631728270, 0, 85, 197, 159, 25, 1.12%, 0, 0, 3, 1851.70
1631728295, 0, 88, 198, 158, 23, 1.12%, 0, 0, 3, 1861.12
1631728330, 0, 89, 200, 159, 22, 1.12%, 0, 0, 3, 1775.06
1631728366, 0, 91, 200, 158, 22, 1.12%, 0, 0, 3, 1985.67
1631728371, 0, 92, 200, 157, 21, 1.12%, 0, 0, 3, 2034.45
1631728381, 0, 94, 202, 158, 20, 1.13%, 0, 0, 3, 1900.19
1631728386, 0, 94, 203, 159, 20, 1.14%, 0, 0, 3, 1858.80
1631728407, 0, 94, 204, 160, 20, 1.14%, 0, 0, 3, 1822.61
1631728412, 0, 100, 204, 159, 22, 1.14%, 0, 0, 3, 1884.44
1631728422, 0, 116, 204, 156, 20, 1.14%, 0, 0, 3, 1937.30
1631728427, 0, 116, 205, 157, 20, 1.14%, 0, 0, 3, 1938.80
1631728432, 0, 126, 215, 166, 19, 1.14%, 0, 0, 3, 1923.39
1631728437, 0, 126, 224, 175, 19, 1.14%, 0, 0, 3, 1969.37
1631728443, 0, 133, 231, 181, 22, 1.14%, 0, 0, 3, 1956.75
1631728453, 0, 135, 232, 181, 21, 1.14%, 0, 0, 3, 1952.50
1631728458, 0, 135, 234, 183, 21, 1.14%, 0, 0, 3, 1917.36
1631728473, 0, 163, 235, 182, 20, 1.14%, 0, 0, 4, 2023.52
1631728478, 0, 167, 237, 183, 20, 1.14%, 0, 0, 4, 1894.73
1631728483, 0, 167, 238, 184, 20, 1.14%, 0, 0, 4, 1793.01
1631728509, 0, 167, 239, 185, 20, 1.14%, 0, 0, 4, 1822.61
1631728514, 0, 168, 239, 184, 20, 1.14%, 0, 0, 4, 1944.30
1631728524, 0, 173, 240, 184, 19, 1.14%, 0, 0, 4, 1855.27
1631728560, 0, 182, 241, 184, 19, 1.14%, 0, 0, 4, 1992.32
1631728565, 0, 183, 241, 183, 18, 1.14%, 0, 0, 4, 1835.55
1631728595, 0, 184, 241, 182, 17, 1.14%, 0, 0, 4, 1843.42
1631728631, 0, 187, 243, 183, 16, 1.14%, 0, 0, 4, 1809.84
1631728641, 0, 187, 244, 184, 16, 1.14%, 0, 0, 4, 1778.68
1631728666, 0, 188, 244, 183, 16, 1.14%, 0, 0, 4, 1801.07
1631728701, 0, 194, 244, 182, 15, 1.14%, 0, 0, 4, 1853.89
1631728706, 0, 194, 245, 183, 15, 1.14%, 0, 0, 4, 1850.91
1631728732, 0, 200, 245, 182, 15, 1.14%, 0, 0, 4, 1878.18
1631728768, 0, 202, 252, 188, 14, 1.17%, 0, 0, 4, 1847.42
1631728798, 0, 203, 252, 187, 18, 1.17%, 0, 0, 4, 1867.78
1631728803, 0, 203, 253, 188, 18, 1.17%, 0, 0, 4, 1876.71
1631728829, 0, 203, 254, 189, 18, 1.17%, 0, 0, 4, 1855.72
1631728834, 0, 210, 255, 189, 18, 1.18%, 0, 0, 4, 1913.08
1631728839, 0, 210, 258, 192, 18, 1.18%, 0, 0, 4, 1965.95
1631728844, 0, 211, 258, 191, 18, 1.18%, 0, 0, 4, 1960.87
1631728849, 0, 211, 260, 193, 18, 1.18%, 0, 0, 4, 1987.61
1631728854, 0, 218, 261, 193, 18, 1.18%, 0, 0, 4, 1963.95
1631728859, 0, 218, 263, 195, 18, 1.18%, 0, 0, 4, 1982.08
1631728864, 0, 219, 263, 194, 17, 1.18%, 0, 0, 4, 1960.18
1631728875, 0, 221, 264, 194, 16, 1.18%, 0, 0, 4, 1971.41
1631728885, 0, 225, 264, 193, 15, 1.18%, 0, 0, 4, 1961.43
1631728890, 0, 225, 265, 194, 15, 1.18%, 0, 0, 4, 1980.88
1631728895, 0, 232, 265, 193, 15, 1.18%, 0, 0, 4, 1917.91
1631728910, 0, 234, 267, 194, 14, 1.18%, 0, 0, 5, 1926.06
1631728915, 0, 240, 269, 195, 13, 1.18%, 0, 0, 5, 1955.82
1631728951, 0, 242, 270, 195, 12, 1.18%, 0, 0, 5, 1772.71
1631728956, 0, 242, 271, 196, 12, 1.18%, 0, 0, 5, 1716.01
1631728987, 0, 245, 271, 195, 12, 1.18%, 0, 0, 5, 1860.37
1631729017, 0, 246, 275, 198, 11, 1.18%, 0, 0, 5, 1872.50
1631729053, 0, 247, 275, 197, 11, 1.18%, 0, 0, 5, 1871.59
1631729088, 0, 248, 276, 197, 10, 1.18%, 0, 0, 5, 1839.48
1631729124, 0, 250, 278, 198, 10, 1.18%, 0, 0, 5, 1863.98
1631729139, 0, 250, 279, 199, 10, 1.18%, 0, 0, 5, 1835.24
1631729155, 0, 253, 280, 199, 11, 1.18%, 0, 0, 5, 1881.07
1631729185, 0, 253, 281, 200, 11, 1.18%, 0, 0, 5, 1897.81
1631729190, 0, 255, 281, 199, 10, 1.18%, 0, 0, 5, 1953.23
1631729200, 0, 259, 281, 198, 9, 1.18%, 0, 0, 5, 1990.43
1631729210, 0, 260, 283, 199, 8, 1.18%, 0, 0, 5, 1967.24
1631729221, 0, 265, 283, 198, 7, 1.18%, 0, 0, 5, 2006.72
1631729226, 0, 266, 286, 200, 6, 1.18%, 0, 0, 6, 2036.28
1631729231, 0, 267, 287, 200, 7, 1.18%, 0, 0, 6, 2034.68
1631729236, 0, 269, 288, 200, 6, 1.18%, 0, 0, 6, 1979.20
1631729271, 0, 272, 288, 199, 6, 1.18%, 0, 0, 6, 1852.12
1631729307, 0, 274, 288, 198, 5, 1.18%, 0, 0, 6, 1859.11
1631729343, 0, 275, 288, 197, 4, 1.18%, 0, 0, 6, 1876.83
1631729373, 0, 277, 288, 196, 3, 1.18%, 0, 0, 6, 1869.78
1631729409, 0, 284, 289, 196, 2, 1.18%, 0, 0, 7, 1982.54
1631729414, 0, 287, 289, 195, 3, 1.18%, 0, 0, 7, 1906.88
1631729419, 0, 287, 290, 196, 3, 1.18%, 0, 0, 7, 1771.76
1631729449, 0, 288, 290, 195, 3, 1.18%, 0, 0, 7, 1972.58
1631729454, 0, 289, 291, 195, 2, 1.18%, 0, 0, 8, 1864.56
1631729490, 1, 107, 291, 194, 1, 1.18%, 0, 0, 8, 1929.78
1631729501, 1, 129, 291, 193, 1, 1.18%, 0, 0, 8, 1926.92
1631729516, 1, 157, 291, 192, 1, 1.18%, 0, 0, 8, 2024.17
1631729521, 1, 257, 291, 191, 1, 1.18%, 0, 0, 8, 1948.37
1631729531, 1, 263, 291, 190, 0, 1.18%, 0, 0, 8, 1966.90
1631729541, 1, 273, 292, 190, 0, 1.18%, 0, 0, 8, 1963.66
1631729577, 1, 280, 292, 189, 0, 1.18%, 0, 0, 8, 1916.73
1631729612, 1, 283, 292, 188, 0, 1.18%, 0, 0, 8, 2035.88
1631729617, 1, 286, 292, 187, 0, 1.18%, 0, 0, 8, 2036.34
1631729622, 2, 46, 292, 185, 0, 1.18%, 0, 0, 8, 1994.86
1631729658, 2, 51, 293, 185, 0, 1.18%, 0, 0, 8, 1809.05
1631729663, 2, 51, 294, 186, 0, 1.18%, 0, 0, 8, 1742.99
1631729694, 2, 54, 295, 186, 0, 1.18%, 0, 0, 8, 1853.76
1631729725, 2, 55, 295, 185, 0, 1.18%, 0, 0, 8, 1784.98
1631729760, 2, 70, 295, 184, 0, 1.18%, 0, 0, 8, 1828.48
1631729796, 2, 71, 296, 184, 0, 1.18%, 0, 0, 8, 1826.52
1631729831, 2, 75, 296, 183, 0, 1.18%, 0, 0, 8, 1833.96
1631729867, 2, 81, 297, 183, 0, 1.18%, 0, 0, 8, 1854.08
1631729902, 2, 83, 297, 182, 0, 1.18%, 0, 0, 8, 1850.99
1631729933, 2, 106, 297, 181, 0, 1.18%, 0, 0, 8, 1865.11
1631729948, 2, 113, 297, 180, 0, 1.18%, 0, 0, 8, 1901.50
1631729963, 2, 114, 298, 180, 0, 1.18%, 0, 0, 8, 1883.87
1631729979, 2, 115, 298, 179, 0, 1.18%, 0, 0, 8, 1938.45
1631729989, 2, 121, 298, 178, 0, 1.18%, 0, 0, 8, 1909.25
1631730004, 2, 125, 298, 177, 0, 1.18%, 0, 0, 8, 1871.62
1631730019, 2, 132, 298, 176, 0, 1.18%, 0, 0, 8, 1873.20
1631730035, 2, 134, 298, 175, 0, 1.18%, 0, 0, 8, 1912.87
1631730045, 2, 136, 298, 174, 0, 1.18%, 0, 0, 8, 1939.06
1631730060, 2, 138, 298, 173, 0, 1.18%, 0, 0, 8, 1884.62
1631730075, 2, 138, 299, 174, 0, 1.18%, 0, 0, 8, 1901.68
1631730080, 2, 152, 299, 172, 0, 1.18%, 0, 0, 8, 2039.09
1631730085, 2, 153, 299, 171, 0, 1.18%, 0, 0, 8, 2071.69
1631730091, 2, 166, 299, 169, 0, 1.18%, 0, 0, 8, 1902.28
1631730126, 2, 170, 300, 169, 0, 1.18%, 0, 0, 8, 1779.49
1631730131, 2, 170, 301, 170, 0, 1.18%, 0, 0, 8, 1718.23
1631730162, 2, 174, 301, 169, 1, 1.18%, 0, 0, 8, 1776.31
1631730192, 2, 201, 301, 168, 1, 1.18%, 0, 0, 8, 1840.74
1631730228, 2, 298, 302, 168, 1, 1.18%, 0, 0, 8, 1852.55
1631730243, 2, 298, 303, 169, 1, 1.18%, 0, 0, 8, 1869.43
1631730248, 2, 299, 304, 169, 1, 1.18%, 0, 0, 8, 1801.72
1631730253, 2, 299, 305, 170, 1, 1.18%, 0, 0, 8, 1727.42
1631730284, 2, 303, 306, 170, 1, 1.18%, 0, 0, 8, 1800.63
1631730289, 2, 303, 308, 172, 1, 1.18%, 0, 0, 8, 1700.17
1631730319, 2, 307, 309, 172, 1, 1.18%, 0, 0, 8, 1809.53
1631730355, 3, 11, 309, 171, 0, 1.18%, 0, 0, 8, 1803.01
1631730390, 3, 27, 311, 172, 0, 1.18%, 0, 0, 8, 1932.55
1631730401, 3, 31, 311, 171, 0, 1.18%, 0, 0, 8, 1976.92
1631730416, 3, 47, 312, 171, 0, 1.18%, 0, 0, 8, 1879.70
1631730451, 3, 60, 312, 170, 0, 1.18%, 0, 0, 8, 1893.47
1631730461, 3, 65, 313, 170, 0, 1.19%, 0, 0, 8, 1841.86
1631730502, 3, 111, 313, 169, 1, 1.19%, 0, 0, 8, 1820.34
1631730508, 3, 194, 314, 168, 1, 1.19%, 0, 0, 8, 1957.76
1631730513, 3, 285, 314, 168, 1, 1.19%, 0, 0, 8, 2021.66
1631730518, 3, 312, 314, 167, 1, 1.19%, 0, 0, 8, 1721.86
1631730558, 4, 10, 314, 166, 0, 1.19%, 0, 0, 8, 1713.93
1631730594, 4, 12, 314, 165, 0, 1.19%, 0, 0, 8, 1827.82
1631730599, 4, 19, 314, 165, 0, 1.19%, 0, 0, 8, 1794.50
1631730634, 4, 34, 314, 164, 0, 1.19%, 0, 0, 8, 1802.06
1631730670, 4, 43, 314, 163, 0, 1.19%, 0, 0, 8, 1842.41
1631730710, 4, 45, 314, 162, 0, 1.19%, 0, 0, 8, 1868.25
1631730725, 4, 63, 314, 161, 0, 1.19%, 0, 0, 8, 1897.64
1631730730, 4, 80, 314, 161, 0, 1.19%, 0, 0, 8, 1865.48
1631730766, 4, 93, 314, 160, 0, 1.19%, 0, 0, 8, 1936.51
1631730776, 4, 104, 314, 159, 0, 1.19%, 0, 0, 8, 1995.42
1631730786, 4, 124, 314, 158, 0, 1.19%, 0, 0, 8, 1843.99
1631730821, 4, 144, 314, 156, 0, 1.19%, 0, 0, 8, 1945.37
1631730826, 4, 145, 314, 155, 0, 1.19%, 0, 0, 8, 2013.13
1631730831, 4, 147, 314, 154, 0, 1.19%, 0, 0, 8, 2074.06
1631730836, 4, 158, 314, 152, 0, 1.19%, 0, 0, 8, 2055.24
1631730842, 4, 171, 315, 152, 0, 1.19%, 0, 0, 8, 1844.51
1631730877, 4, 175, 317, 153, 0, 1.19%, 0, 0, 8, 1803.77
1631730913, 4, 176, 317, 152, 0, 1.19%, 0, 0, 8, 1816.91
1631730918, 4, 176, 319, 154, 0, 1.19%, 0, 0, 8, 1848.42
1631730953, 4, 177, 319, 153, 0, 1.19%, 0, 0, 8, 1793.64
1631730989, 4, 207, 319, 152, 0, 1.19%, 0, 0, 8, 1896.54
1631730999, 4, 208, 319, 151, 0, 1.19%, 0, 0, 8, 1949.25
1631731009, 4, 304, 320, 151, 2, 1.19%, 0, 0, 8, 1973.54
1631731049, 4, 318, 321, 151, 3, 1.19%, 0, 0, 8, 1906.35
1631731054, 4, 318, 323, 153, 3, 1.19%, 0, 0, 8, 1837.68
1631731090, 4, 318, 324, 154, 3, 1.19%, 0, 0, 8, 1926.88
1631731095, 4, 319, 326, 155, 5, 1.19%, 0, 0, 8, 1962.53
1631731111, 4, 320, 327, 155, 5, 1.19%, 0, 0, 8, 1917.20
1631731136, 4, 320, 329, 157, 5, 1.19%, 0, 0, 8, 1937.50
1631731151, 4, 322, 331, 158, 4, 1.19%, 0, 0, 8, 1859.69
1631731192, 4, 323, 331, 157, 4, 1.19%, 0, 0, 8, 1905.77
1631731213, 4, 325, 331, 156, 3, 1.19%, 0, 0, 8, 1957.02
1631731228, 4, 326, 331, 155, 2, 1.19%, 0, 0, 8, 1919.63
1631731254, 4, 326, 332, 156, 2, 1.19%, 0, 0, 8, 1950.82
1631731259, 4, 330, 333, 156, 2, 1.19%, 0, 0, 8, 1899.92
1631731300, 4, 331, 335, 157, 1, 1.19%, 0, 0, 9, 1968.74
1631731310, 4, 331, 336, 158, 1, 1.19%, 0, 0, 9, 2017.24
1631731315, 4, 331, 337, 159, 1, 1.19%, 0, 0, 9, 2003.50
1631731320, 4, 336, 339, 160, 1, 1.19%, 0, 0, 10, 1996.24
1631731335, 4, 337, 341, 161, 1, 1.19%, 0, 0, 11, 2030.10
1631731340, 4, 337, 342, 162, 1, 1.19%, 0, 0, 11, 2006.87
1631731356, 4, 340, 345, 164, 1, 1.19%, 0, 0, 12, 2016.32
1631731361, 4, 340, 346, 165, 1, 1.19%, 0, 0, 12, 2035.64
1631731366, 4, 342, 347, 165, 1, 1.19%, 0, 0, 13, 2045.27
1631731381, 5, 22, 347, 164, 0, 1.19%, 0, 0, 13, 2039.84
1631731391, 5, 23, 347, 163, 0, 1.19%, 0, 0, 13, 1987.90
1631731407, 5, 26, 347, 162, 0, 1.19%, 0, 0, 13, 1969.22
1631731417, 5, 40, 347, 161, 0, 1.19%, 0, 0, 13, 1810.80
1631731453, 5, 41, 347, 160, 0, 1.19%, 0, 0, 13, 1847.88
1631731468, 5, 48, 347, 159, 0, 1.19%, 0, 0, 13, 1899.35
1631731509, 5, 50, 347, 158, 0, 1.19%, 0, 0, 13, 1796.34
1631731544, 5, 52, 347, 157, 0, 1.19%, 0, 0, 13, 1793.43
1631731580, 5, 66, 347, 156, 0, 1.19%, 0, 0, 13, 1838.57
1631731620, 5, 86, 347, 155, 0, 1.19%, 0, 0, 13, 1872.63
1631731656, 5, 95, 347, 154, 0, 1.19%, 0, 0, 13, 1797.92
1631731691, 5, 98, 347, 153, 0, 1.19%, 0, 0, 13, 1911.82
1631731702, 5, 101, 347, 152, 0, 1.19%, 0, 0, 13, 2035.53
1631731707, 5, 102, 347, 151, 0, 1.19%, 0, 0, 13, 2011.58
1631731717, 5, 110, 347, 150, 0, 1.19%, 0, 0, 13, 1964.41
1631731732, 5, 123, 347, 149, 0, 1.19%, 0, 0, 13, 1898.47
1631731752, 5, 139, 347, 148, 0, 1.19%, 0, 0, 13, 1888.18
1631731768, 5, 146, 347, 146, 0, 1.19%, 0, 0, 13, 2031.03
1631731773, 5, 162, 347, 145, 0, 1.19%, 0, 0, 13, 1845.74
1631731809, 5, 169, 347, 144, 0, 1.19%, 0, 0, 13, 1804.18
1631731844, 5, 192, 347, 143, 0, 1.19%, 0, 0, 13, 1851.61
1631731879, 5, 193, 347, 142, 0, 1.19%, 0, 0, 13, 1883.43
1631731920, 5, 195, 347, 141, 0, 1.19%, 0, 0, 13, 1871.63
1631731925, 5, 195, 348, 142, 0, 1.19%, 0, 0, 13, 1847.83
1631731955, 5, 196, 348, 141, 0, 1.19%, 0, 0, 13, 1889.28
1631731991, 5, 198, 349, 141, 0, 1.19%, 0, 0, 13, 1801.59
1631732026, 5, 204, 349, 140, 0, 1.19%, 0, 0, 13, 1867.22
1631732041, 5, 205, 349, 139, 0, 1.19%, 0, 0, 13, 1951.12
1631732052, 5, 206, 349, 138, 0, 1.19%, 0, 0, 13, 1929.69
1631732067, 5, 209, 349, 137, 0, 1.19%, 0, 0, 13, 1927.04
1631732077, 5, 216, 349, 136, 0, 1.19%, 0, 0, 13, 1961.77
1631732088, 5, 217, 349, 135, 0, 1.19%, 0, 0, 13, 1965.29
1631732098, 5, 239, 350, 135, 0, 1.19%, 0, 0, 13, 1866.71
1631732138, 5, 244, 350, 134, 0, 1.19%, 0, 0, 13, 1817.55
1631732174, 5, 252, 350, 133, 0, 1.19%, 0, 0, 13, 1854.06
1631732210, 5, 261, 350, 132, 0, 1.19%, 0, 0, 13, 1929.95
1631732220, 5, 267, 350, 131, 0, 1.19%, 0, 0, 13, 2023.58
1631732225, 5, 268, 350, 131, 0, 1.19%, 0, 0, 13, 1892.34
1631732261, 5, 276, 350, 130, 0, 1.19%, 0, 0, 13, 1825.64
1631732296, 5, 292, 350, 129, 0, 1.19%, 0, 0, 13, 1889.95
1631732322, 5, 295, 350, 128, 0, 1.19%, 0, 0, 13, 1804.50
1631732342, 5, 295, 352, 130, 0, 1.19%, 0, 0, 13, 1875.23
1631732347, 5, 308, 353, 130, 0, 1.19%, 0, 0, 13, 1832.38
1631732388, 5, 316, 353, 129, 0, 1.19%, 0, 0, 13, 1808.44
1631732428, 5, 341, 353, 128, 0, 1.19%, 0, 0, 13, 1963.97
1631732444, 5, 345, 353, 127, 0, 1.19%, 0, 0, 13, 2018.49
1631732459, 5, 349, 353, 126, 0, 1.19%, 0, 0, 13, 1855.21
1631732495, 5, 349, 354, 127, 0, 1.19%, 0, 0, 13, 1902.88
1631732505, 5, 353, 354, 126, 1, 1.19%, 0, 0, 13, 1899.53
1631732525, 6, 33, 354, 125, 0, 1.19%, 0, 0, 13, 1895.84
1631732565, 6, 69, 354, 124, 0, 1.19%, 0, 0, 13, 1790.81
1631732601, 6, 72, 354, 123, 0, 1.19%, 0, 0, 13, 1797.00
1631732636, 6, 85, 354, 122, 0, 1.19%, 0, 0, 13, 1846.93
1631732641, 6, 96, 354, 122, 0, 1.19%, 0, 0, 13, 1813.92
1631732677, 6, 103, 354, 121, 0, 1.19%, 0, 0, 13, 1781.04
1631732713, 6, 120, 354, 120, 0, 1.19%, 0, 0, 13, 1801.06
1631732728, 6, 142, 354, 118, 0, 1.19%, 0, 0, 13, 1936.13
1631732749, 6, 164, 355, 117, 0, 1.19%, 0, 0, 13, 1872.50
1631732784, 6, 178, 355, 116, 0, 1.19%, 0, 0, 13, 1817.24
1631732800, 6, 189, 355, 115, 0, 1.19%, 0, 0, 13, 1916.93
1631732815, 6, 212, 355, 114, 0, 1.19%, 0, 0, 13, 1923.14
1631732825, 6, 215, 355, 113, 0, 1.19%, 0, 0, 13, 1943.60
1631732840, 6, 223, 355, 112, 0, 1.19%, 0, 0, 13, 1950.76
1631732851, 6, 227, 355, 111, 0, 1.19%, 0, 0, 13, 1982.26
1631732861, 6, 229, 355, 110, 0, 1.19%, 0, 0, 13, 1917.67
1631732871, 6, 231, 355, 109, 0, 1.19%, 0, 0, 13, 1891.25
1631732886, 6, 235, 355, 108, 0, 1.19%, 0, 0, 13, 1904.39
1631732927, 6, 237, 355, 107, 0, 1.19%, 0, 0, 13, 1744.47
1631732932, 6, 237, 356, 108, 0, 1.19%, 0, 0, 13, 1775.31
1631732947, 6, 237, 357, 109, 0, 1.19%, 0, 0, 13, 1793.75
1631732963, 6, 238, 357, 108, 0, 1.19%, 0, 0, 13, 1827.10
1631732998, 6, 238, 358, 109, 0, 1.19%, 0, 0, 13, 1858.07
1631733003, 6, 324, 358, 108, 1, 1.19%, 0, 0, 13, 1962.21
1631733008, 6, 324, 359, 109, 1, 1.19%, 0, 0, 13, 2203.01
1631733018, 6, 357, 360, 109, 2, 1.19%, 0, 0, 13, 2002.07
1631733044, 6, 358, 360, 108, 1, 1.19%, 0, 0, 13, 1933.78
1631733059, 6, 358, 361, 109, 1, 1.19%, 0, 0, 13, 1989.87
1631733064, 7, 25, 361, 108, 0, 1.19%, 0, 0, 13, 1978.03
1631733074, 7, 30, 361, 107, 0, 1.19%, 0, 0, 13, 1981.27
1631733084, 7, 59, 361, 106, 0, 1.19%, 0, 0, 13, 2004.30
1631733095, 7, 97, 361, 105, 0, 1.19%, 0, 0, 13, 1889.88
1631733130, 7, 99, 361, 104, 0, 1.19%, 0, 0, 13, 1811.43
1631733151, 7, 130, 361, 103, 0, 1.19%, 0, 0, 13, 1869.55
1631733166, 7, 168, 361, 102, 0, 1.19%, 0, 0, 13, 1931.40
1631733171, 7, 172, 361, 102, 0, 1.19%, 0, 0, 13, 1954.01
1631733181, 7, 191, 361, 101, 0, 1.19%, 0, 0, 13, 1902.72
1631733216, 7, 241, 361, 100, 0, 1.19%, 0, 0, 13, 1801.70
1631733252, 7, 243, 361, 99, 0, 1.19%, 0, 0, 13, 1843.86
1631733293, 7, 258, 361, 98, 0, 1.19%, 0, 0, 13, 1920.16
1631733303, 7, 275, 361, 97, 0, 1.19%, 0, 0, 13, 1988.15
1631733308, 7, 294, 362, 98, 0, 1.19%, 0, 0, 13, 1858.56
1631733344, 7, 300, 362, 97, 0, 1.19%, 0, 0, 13, 1819.03
1631733384, 7, 302, 362, 96, 0, 1.19%, 0, 0, 13, 1909.43
1631733405, 7, 306, 362, 95, 0, 1.19%, 0, 0, 13, 1817.99
1631733440, 7, 312, 362, 94, 0, 1.19%, 0, 0, 13, 1926.56
1631733445, 7, 315, 362, 94, 0, 1.19%, 0, 0, 13, 1842.16
1631733485, 7, 317, 362, 93, 0, 1.19%, 0, 0, 13, 1837.97
1631733521, 7, 325, 362, 92, 0, 1.19%, 0, 0, 13, 1925.48
1631733526, 7, 329, 364, 94, 0, 1.19%, 0, 0, 13, 1792.68
1631733551, 7, 329, 365, 95, 0, 1.19%, 0, 0, 13, 1790.77
1631733567, 7, 329, 368, 98, 0, 1.19%, 0, 0, 13, 1914.48
1631733577, 7, 333, 368, 97, 0, 1.19%, 0, 0, 13, 1920.74
1631733592, 7, 339, 368, 96, 0, 1.19%, 0, 0, 13, 2031.15
1631733607, 7, 347, 369, 96, 0, 1.19%, 0, 0, 13, 1925.39
1631733612, 7, 347, 370, 97, 0, 1.19%, 0, 0, 13, 1866.75
1631733648, 7, 369, 370, 96, 1, 1.19%, 0, 0, 13, 1848.85
1631733683, 8, 15, 370, 95, 0, 1.19%, 0, 0, 13, 1969.03
1631733688, 8, 32, 370, 95, 0, 1.19%, 0, 0, 13, 1802.46
1631733724, 8, 73, 370, 94, 0, 1.19%, 0, 0, 13, 1828.21
1631733759, 8, 77, 370, 93, 0, 1.19%, 0, 0, 13, 1850.00
1631733764, 8, 82, 370, 93, 0, 1.19%, 0, 0, 13, 1863.15
1631733800, 8, 84, 370, 92, 0, 1.19%, 0, 0, 13, 1861.79
1631733835, 8, 90, 370, 91, 0, 1.19%, 0, 0, 13, 1962.21
1631733845, 8, 181, 370, 90, 0, 1.19%, 0, 0, 13, 1877.71
1631733861, 8, 186, 370, 89, 0, 1.19%, 0, 0, 13, 1875.56
1631733901, 8, 199, 370, 88, 0, 1.19%, 0, 0, 13, 1885.11
1631733917, 8, 213, 370, 87, 0, 1.19%, 0, 0, 13, 1952.63
1631733927, 8, 230, 370, 86, 0, 1.19%, 0, 0, 13, 1971.02
1631733937, 8, 236, 370, 85, 0, 1.19%, 0, 0, 13, 1988.83
1631733978, 8, 264, 370, 84, 0, 1.19%, 0, 0, 13, 1918.96
1631733988, 8, 267, 370, 83, 0, 1.19%, 0, 0, 13, 1944.51
1631733993, 8, 270, 370, 83, 0, 1.19%, 0, 0, 13, 1826.88
1631734029, 8, 278, 370, 82, 0, 1.19%, 0, 0, 13, 1889.68
1631734065, 8, 279, 370, 81, 0, 1.19%, 0, 0, 13, 1894.88
1631734100, 8, 281, 370, 80, 0, 1.19%, 0, 0, 13, 1871.58
1631734115, 8, 290, 371, 80, 0, 1.19%, 0, 0, 13, 1845.40
1631734151, 8, 309, 371, 79, 0, 1.19%, 0, 0, 13, 1886.14
1631734176, 8, 310, 371, 78, 0, 1.19%, 0, 0, 13, 1832.94
1631734186, 8, 313, 371, 77, 0, 1.19%, 0, 0, 13, 1934.88
1631734212, 8, 327, 371, 76, 0, 1.19%, 0, 0, 13, 1850.51
1631734242, 8, 348, 371, 75, 0, 1.19%, 0, 0, 13, 1948.09
1631734263, 8, 348, 372, 76, 0, 1.19%, 0, 0, 13, 1948.66
1631734268, 8, 356, 372, 75, 0, 1.19%, 0, 0, 13, 1936.51
1631734309, 8, 361, 372, 74, 0, 1.19%, 0, 0, 13, 1920.61
1631734349, 9, 61, 372, 73, 0, 1.19%, 0, 0, 13, 1942.58
1631734365, 9, 67, 372, 72, 0, 1.19%, 0, 0, 13, 1914.41
1631734405, 9, 79, 372, 71, 0, 1.19%, 0, 0, 13, 1868.95
1631734441, 9, 108, 372, 70, 0, 1.19%, 0, 0, 13, 1901.99
1631734457, 9, 109, 372, 69, 0, 1.19%, 0, 0, 13, 1921.84
1631734467, 9, 119, 372, 68, 0, 1.19%, 0, 0, 13, 1959.25
1631734482, 9, 149, 372, 66, 0, 1.19%, 0, 0, 13, 1966.37
1631734488, 9, 180, 372, 65, 0, 1.19%, 0, 0, 13, 1976.26
1631734503, 9, 185, 372, 64, 0, 1.19%, 0, 0, 13, 1815.41
1631734539, 9, 190, 372, 63, 0, 1.19%, 0, 0, 13, 1818.26
1631734549, 9, 190, 373, 64, 0, 1.19%, 0, 0, 13, 1778.71
1631734579, 9, 372, 374, 64, 1, 1.19%, 0, 0, 13, 1795.63
1631734615, 9, 372, 375, 65, 1, 1.19%, 0, 0, 13, 1913.29
1631734625, 9, 374, 375, 64, 1, 1.19%, 0, 0, 13, 1894.36
1631734650, 10, 21, 375, 63, 0, 1.19%, 0, 0, 13, 1971.23
1631734666, 10, 76, 375, 62, 0, 1.19%, 0, 0, 13, 1794.88
1631734702, 10, 127, 375, 60, 0, 1.19%, 0, 0, 13, 1914.73
1631734717, 10, 128, 375, 59, 0, 1.19%, 0, 0, 13, 1931.38
1631734733, 10, 140, 375, 58, 0, 1.19%, 0, 0, 13, 1879.17
1631734753, 10, 162, 375, 56, 0, 1.19%, 0, 0, 13, 2049.51
1631734758, 10, 254, 375, 56, 0, 1.19%, 0, 0, 13, 1976.42
1631734768, 10, 275, 375, 55, 0, 1.19%, 0, 0, 13, 1983.34
1631734773, 10, 297, 375, 55, 0, 1.19%, 0, 0, 13, 992.49
1631736256, 10, 305, 376, 55, 0, 1.19%, 0, 0, 13, 1287.22
1631736292, 10, 305, 377, 56, 0, 1.19%, 0, 0, 13, 1904.87
1631736297, 10, 376, 377, 55, 1, 1.19%, 0, 0, 13, 1915.42
1631736322, 11, 17, 377, 54, 0, 1.19%, 0, 0, 13, 1975.89
1631736327, 11, 160, 377, 54, 0, 1.19%, 0, 0, 13, 2033.06
1631736332, 11, 179, 377, 53, 0, 1.19%, 0, 0, 13, 1900.02
1631736368, 11, 185, 377, 52, 0, 1.19%, 0, 0, 13, 1860.27
1631736373, 11, 224, 377, 52, 0, 1.19%, 0, 0, 13, 1953.22
1631736383, 11, 233, 377, 51, 0, 1.19%, 0, 0, 13, 1906.55
1631736398, 11, 292, 378, 51, 1, 1.19%, 0, 0, 13, 1883.95
1631736403, 11, 377, 379, 52, 1, 1.19%, 0, 0, 13, 1878.51
1631736424, 11, 378, 379, 51, 0, 1.19%, 0, 0, 13, 1927.15
1631736445, 11, 378, 380, 52, 0, 1.19%, 0, 0, 13, 1942.50
1631736455, 11, 379, 381, 52, 0, 1.19%, 0, 0, 13, 1879.67
1631736475, 11, 379, 382, 53, 0, 1.19%, 0, 0, 13, 1880.92
1631736480, 11, 379, 383, 54, 0, 1.19%, 0, 0, 13, 1923.68
1631736486, 12, 6, 383, 53, 0, 1.19%, 0, 0, 13, 1904.91
1631736491, 12, 220, 383, 53, 0, 1.19%, 0, 0, 13, 1926.83
1631736506, 12, 228, 383, 52, 0, 1.19%, 0, 0, 13, 1961.45
1631736516, 12, 256, 383, 51, 0, 1.19%, 0, 0, 13, 1930.71
1631736526, 12, 274, 383, 50, 0, 1.19%, 0, 0, 13, 1984.81
1631736531, 12, 282, 383, 50, 0, 1.19%, 0, 0, 13, 1980.64
1631736541, 12, 291, 383, 49, 0, 1.19%, 0, 0, 13, 1883.85
1631736557, 12, 311, 383, 48, 0, 1.19%, 0, 0, 13, 355.98
1631738497, 12, 328, 383, 47, 0, 1.19%, 0, 0, 13, 1336.52
1631738538, 12, 334, 383, 46, 0, 1.19%, 0, 0, 13, 1936.85
1631738553, 12, 338, 383, 45, 0, 1.19%, 0, 0, 13, 2011.30
1631738564, 12, 339, 383, 44, 0, 1.19%, 0, 0, 13, 2035.17
1631738569, 12, 365, 383, 44, 0, 1.19%, 0, 0, 13, 1756.31
1631738589, 12, 365, 386, 47, 0, 1.19%, 0, 0, 13, 1690.80
1631738620, 12, 371, 386, 46, 0, 1.19%, 0, 0, 13, 1857.07
1631738635, 12, 383, 386, 45, 0, 1.19%, 0, 0, 13, 1873.44
1631738702, 12, 383, 388, 47, 0, 1.19%, 0, 0, 13, 1754.75
1631738712, 13, 14, 390, 48, 0, 1.19%, 0, 0, 13, 1846.19
1631738717, 13, 150, 390, 48, 0, 1.19%, 0, 0, 13, 1980.98
1631738722, 13, 159, 390, 47, 0, 1.19%, 0, 0, 13, 2056.34
1631738727, 13, 197, 390, 46, 0, 1.19%, 0, 0, 13, 1849.77
1631738762, 13, 249, 390, 45, 0, 1.19%, 0, 0, 13, 1870.37
1631738803, 13, 271, 390, 44, 0, 1.19%, 0, 0, 13, 1883.68
1631738839, 13, 272, 390, 43, 0, 1.19%, 0, 0, 13, 1894.38
1631738844, 13, 321, 390, 43, 0, 1.19%, 0, 0, 13, 1817.43
1631738885, 13, 344, 390, 42, 0, 1.19%, 0, 0, 13, 1975.49
1631738900, 13, 346, 390, 41, 0, 1.19%, 0, 0, 13, 2016.15
1631738915, 13, 355, 390, 40, 0, 1.19%, 0, 0, 13, 1899.60
1631738956, 13, 367, 390, 39, 0, 1.19%, 0, 0, 13, 1786.55
1631739006, 13, 376, 390, 38, 0, 1.19%, 0, 0, 13, 1861.38
1631739012, 14, 24, 390, 38, 0, 1.19%, 0, 0, 13, 1984.79
1631739022, 14, 57, 390, 37, 0, 1.19%, 0, 0, 13, 1941.05
1631739027, 14, 165, 390, 37, 0, 1.19%, 0, 0, 13, 1963.55
1631739067, 14, 219, 390, 36, 0, 1.19%, 0, 0, 13, 1926.32
1631739073, 14, 267, 390, 36, 0, 1.19%, 0, 0, 13, 1985.45
1631739078, 14, 296, 390, 36, 0, 1.19%, 0, 0, 13, 1966.37
1631739093, 14, 323, 390, 35, 0, 1.19%, 0, 0, 13, 1961.59
1631739098, 14, 342, 390, 35, 0, 1.19%, 0, 0, 13, 1926.42
1631739103, 14, 351, 390, 35, 0, 1.19%, 0, 0, 13, 1849.01
1631739129, 14, 352, 390, 34, 0, 1.19%, 0, 0, 13, 1928.94
1631739144, 14, 352, 391, 35, 0, 1.19%, 0, 0, 13, 1788.00
1631739165, 14, 352, 392, 36, 0, 1.19%, 0, 0, 13, 1872.55
1631739175, 14, 359, 394, 37, 0, 1.19%, 0, 0, 13, 1970.65
1631739190, 14, 393, 395, 37, 1, 1.19%, 0, 0, 13, 1968.60
1631739205, 15, 41, 395, 36, 0, 1.19%, 0, 0, 13, 2010.75
1631739210, 15, 109, 395, 36, 0, 1.19%, 0, 0, 13, 1938.97
1631739216, 15, 214, 395, 36, 0, 1.19%, 0, 0, 13, 1974.17
1631739226, 15, 232, 395, 35, 0, 1.19%, 0, 0, 13, 2000.93
1631739231, 15, 251, 395, 35, 0, 1.19%, 0, 0, 13, 1876.49
1631739266, 15, 265, 395, 34, 0, 1.19%, 0, 0, 13, 1956.03
1631739272, 15, 275, 395, 34, 0, 1.19%, 0, 0, 13, 1919.43
1631739277, 15, 323, 395, 34, 0, 1.19%, 0, 0, 13, 1952.36
1631739282, 15, 342, 395, 34, 0, 1.19%, 0, 0, 13, 1998.06
1631739287, 15, 360, 397, 36, 0, 1.19%, 0, 0, 13, 2005.17
1631739302, 15, 375, 397, 35, 0, 1.19%, 0, 0, 13, 1836.83
1631739348, 15, 384, 397, 34, 0, 1.19%, 0, 0, 13, 1728.07
1631739420, 15, 386, 397, 33, 0, 1.19%, 0, 0, 13, 1802.44
1631739466, 15, 386, 398, 34, 0, 1.19%, 0, 0, 13, 1390.98
1631739527, 15, 386, 399, 35, 0, 1.19%, 0, 0, 13, 1610.61
1631739532, 15, 386, 400, 36, 0, 1.19%, 0, 0, 13, 1667.30
1631739537, 15, 389, 400, 35, 0, 1.19%, 0, 0, 13, 1802.90
1631739628, 15, 389, 401, 36, 0, 1.19%, 0, 0, 13, 1479.01
1631739654, 15, 390, 401, 35, 0, 1.19%, 0, 0, 13, 1813.45
1631739695, 15, 393, 401, 34, 0, 1.19%, 0, 0, 13, 1946.29
1631739700, 15, 398, 401, 34, 0, 1.19%, 0, 0, 13, 1477.50
1631739848, 15, 398, 402, 35, 0, 1.19%, 0, 0, 13, 1415.10
1631739853, 15, 398, 404, 37, 0, 1.19%, 0, 0, 13, 1551.29
1631739863, 16, 29, 406, 38, 0, 1.19%, 0, 0, 13, 62.16
1631739868, 16, 29, 412, 44, 0, 1.19%, 0, 0, 13, 77.57
1631739878, 16, 247, 412, 44, 1, 1.19%, 0, 0, 13, 1980.78
1631739883, 16, 368, 413, 45, 1, 1.19%, 0, 0, 13, 1830.21
1631739924, 16, 409, 413, 44, 1, 1.19%, 0, 0, 13, 164.30
1631751738, 16, 410, 413, 43, 0, 1.19%, 0, 0, 13, 79.98
1631788968, 16, 412, 413, 42, 0, 1.19%, 0, 0, 13, 1805.63
1631789014, 17, 39, 413, 41, 0, 1.19%, 0, 0, 13, 1949.96
1631789019, 17, 84, 413, 41, 0, 1.19%, 0, 0, 13, 1932.56
1631789024, 17, 183, 413, 41, 0, 1.19%, 0, 0, 13, 1874.05
1631789029, 17, 222, 413, 41, 0, 1.19%, 0, 0, 13, 1989.82
1631789039, 17, 232, 413, 40, 0, 1.19%, 0, 0, 13, 1991.85
1631789044, 17, 265, 413, 40, 0, 1.19%, 0, 0, 13, 1887.12
1631789049, 17, 275, 415, 42, 0, 1.19%, 0, 0, 13, 1908.92
1631789055, 17, 300, 415, 42, 0, 1.19%, 0, 0, 13, 1962.25
1631789060, 17, 330, 415, 42, 0, 1.19%, 0, 0, 13, 1915.61
1631789065, 17, 353, 415, 42, 0, 1.19%, 0, 0, 13, 1952.73
1631789070, 17, 362, 415, 42, 0, 1.19%, 0, 0, 13, 1801.25
1631789115, 17, 363, 415, 41, 0, 1.19%, 0, 0, 13, 1670.11
1631789161, 17, 367, 415, 40, 0, 1.19%, 0, 0, 13, 1957.42
1631789166, 17, 376, 415, 40, 0, 1.19%, 0, 0, 13, 1896.11
1631789171, 17, 382, 415, 40, 0, 1.19%, 0, 0, 13, 1796.78
1631789207, 17, 382, 416, 41, 0, 1.19%, 0, 0, 13, 1948.10
1631789212, 17, 382, 417, 42, 0, 1.19%, 0, 0, 13, 2012.37
1631789217, 17, 393, 417, 41, 0, 1.19%, 0, 0, 13, 2077.51
1631789222, 17, 395, 417, 41, 0, 1.19%, 0, 0, 13, 1903.09
1631789263, 17, 395, 418, 42, 0, 1.19%, 0, 0, 13, 1974.55
1631789268, 17, 397, 418, 41, 0, 1.19%, 0, 0, 13, 1789.18
1631789405, 17, 402, 418, 40, 0, 1.19%, 0, 0, 13, 1327.41
1631789619, 17, 402, 419, 41, 0, 1.19%, 0, 0, 13, 1438.65
1631789624, 17, 402, 420, 42, 0, 1.19%, 0, 0, 13, 1530.21
1631789634, 17, 404, 420, 41, 0, 1.19%, 0, 0, 13, 339.24
1631801741, 17, 407, 420, 40, 0, 1.19%, 0, 0, 13, 199.90
1631814394, 17, 411, 420, 39, 0, 1.19%, 0, 0, 13, 299.78
