#FIG 3.2  Produced by xfig version 3.2.5c
Landscape
Center
Inches
Letter
100.00
Single
-2
1200 2
0 32 #a7a7d7
0 33 #8484b4
0 34 #bebee6
0 35 #d6d6fe
0 36 #696999
0 37 #ababab
0 38 #dcdcdc
0 39 #c5c5c5
0 40 #e7e7e7
0 41 #747474
2 3 0 0 0 34 55 0 20 0.000 0 0 -1 0 0 5
	 1425 2625 1275 2475 1275 5625 1425 5475 1425 2625
2 3 0 0 35 35 55 0 20 0.000 0 0 -1 0 0 5
	 1275 2475 10725 2475 10575 2625 1425 2625 1275 2475
2 3 0 0 0 36 55 0 20 0.000 0 0 7 0 0 5
	 1425 5475 1275 5625 10725 5625 10575 5475 1425 5475
2 3 0 0 0 33 55 0 20 0.000 0 0 -1 0 0 5
	 10575 2625 10725 2475 10725 5625 10575 5475 10575 2625
2 5 0 1 0 -1 57 0 20 0.000 0 0 -1 0 0 5
	1 @abs_srcdir@/bluemarble.png
	 10575 2625 1425 2625 1425 5475 10575 5475 10575 2625
2 5 0 1 0 -1 50 0 20 0.000 0 0 -1 0 0 5
	0 @abs_srcdir@/xfig_splash_logo.png
	 1575 2775 5315 2775 5315 5250 1575 5250 1575 2775
2 2 0 0 0 41 56 0 20 0.000 0 0 7 0 0 5
	 1650 2850 5400 2850 5400 5325 1650 5325 1650 2850
4 2 0 55 0 3 15 0.0000 4 210 4590 10425 5325 Copyright 1985-1988 by  Supoj Sutanthavibul\001
4 2 0 55 0 3 15 0.0000 4 210 4575 10425 4725 Parts Copyright 1989-2015 by Brian V. Smith\001
4 2 0 55 0 3 15 0.0000 4 210 3510 10425 5025 Parts Copyright 1991 by Paul King\001
4 2 0 55 0 3 15 0.0000 4 210 4575 10425 4425 Parts Copyright 2016-@RELEASE_YEAR@ by Thomas Loimer\001
