# unix_time, cycles_done, cur_path, paths_total, pending_total, pending_favs, map_size, unique_crashes, unique_hangs, max_depth, execs_per_sec
1632153462, 0, 0, 25, 25, 19, 12.59%, 0, 0, 1, 18.12
1632153467, 0, 1, 25, 25, 19, 12.59%, 0, 0, 1, 22.89
1632153671, 0, 1, 29, 29, 19, 12.60%, 0, 0, 2, 25.88
1632153840, 0, 1, 32, 32, 19, 12.60%, 0, 0, 2, 25.15
1632154452, 0, 1, 33, 33, 19, 12.60%, 0, 0, 2, 25.02
1632154457, 0, 1, 39, 39, 19, 12.60%, 0, 0, 2, 25.07
1632154462, 0, 1, 45, 45, 19, 12.60%, 0, 0, 2, 25.25
1632154467, 0, 1, 49, 49, 19, 12.60%, 0, 0, 2, 25.13
1632154472, 0, 1, 51, 51, 19, 12.60%, 0, 0, 2, 25.19
1632154508, 0, 1, 52, 52, 19, 12.60%, 0, 0, 2, 25.21
1632154774, 0, 1, 53, 53, 19, 12.60%, 0, 0, 2, 25.49
1632154784, 0, 1, 54, 54, 19, 12.60%, 0, 0, 2, 25.23
1632154917, 0, 1, 56, 56, 19, 12.61%, 0, 0, 2, 25.03
1632154922, 0, 1, 62, 62, 19, 12.61%, 0, 0, 2, 25.07
1632154927, 0, 1, 68, 68, 19, 12.61%, 0, 0, 2, 24.94
1632154933, 0, 1, 72, 72, 19, 12.61%, 0, 0, 2, 25.12
1632154938, 0, 1, 73, 73, 19, 12.61%, 0, 0, 2, 24.80
1632154943, 0, 1, 79, 79, 19, 12.61%, 0, 0, 2, 25.14
1632154948, 0, 1, 83, 83, 19, 12.62%, 0, 0, 2, 25.06
1632154953, 0, 1, 86, 86, 19, 12.62%, 0, 0, 2, 24.93
1632154958, 0, 1, 92, 92, 19, 12.62%, 0, 0, 2, 24.78
1632154963, 0, 1, 93, 93, 19, 12.62%, 0, 0, 2, 24.41
1632154968, 0, 1, 99, 99, 19, 12.62%, 0, 0, 2, 24.89
1632154973, 0, 1, 102, 102, 19, 12.62%, 0, 0, 2, 25.02
1632154978, 0, 1, 104, 104, 19, 12.62%, 0, 0, 2, 25.10
1632154989, 0, 1, 108, 108, 19, 12.63%, 0, 0, 2, 25.30
1632154994, 0, 1, 111, 111, 19, 12.63%, 0, 0, 2, 24.90
1632154999, 0, 1, 114, 114, 19, 12.63%, 0, 0, 2, 24.77
1632155004, 0, 1, 119, 119, 19, 12.66%, 0, 0, 2, 25.96
1632155009, 0, 1, 125, 125, 19, 12.67%, 0, 0, 2, 25.46
1632155014, 0, 1, 129, 129, 19, 12.67%, 0, 0, 2, 25.32
1632155019, 0, 1, 136, 136, 19, 12.67%, 0, 0, 2, 24.48
1632155024, 0, 1, 138, 138, 19, 12.68%, 0, 0, 2, 24.83
1632155029, 0, 1, 142, 142, 19, 12.68%, 0, 0, 2, 25.14
1632155035, 0, 1, 146, 146, 19, 12.68%, 0, 0, 2, 25.23
1632155045, 0, 1, 147, 147, 19, 12.68%, 0, 0, 2, 25.23
1632155050, 0, 1, 148, 148, 19, 12.68%, 0, 0, 2, 25.15
1632155060, 0, 1, 150, 150, 19, 12.68%, 0, 0, 2, 25.19
1632155070, 0, 1, 151, 151, 19, 12.68%, 0, 0, 2, 25.17
1632155075, 0, 1, 152, 152, 19, 12.68%, 0, 0, 2, 25.24
1632155081, 0, 1, 153, 153, 19, 12.68%, 0, 0, 2, 25.27
1632155086, 0, 1, 154, 154, 19, 12.68%, 0, 0, 2, 25.00
1632155091, 0, 1, 155, 155, 19, 12.68%, 0, 0, 2, 25.02
1632155101, 0, 1, 156, 156, 19, 12.69%, 0, 0, 2, 25.16
1632155106, 0, 1, 157, 157, 19, 12.69%, 0, 0, 2, 25.28
1632155265, 0, 1, 159, 159, 19, 12.69%, 0, 0, 2, 24.34
1632155413, 0, 1, 160, 160, 19, 12.69%, 0, 0, 2, 24.57
1632155418, 0, 1, 164, 164, 19, 12.69%, 0, 0, 2, 25.08
1632155423, 0, 1, 166, 166, 19, 12.69%, 0, 0, 2, 24.54
1632155428, 0, 1, 169, 169, 19, 12.69%, 0, 0, 2, 25.13
1632155433, 0, 1, 170, 170, 19, 12.69%, 0, 0, 2, 24.57
1632155438, 0, 1, 171, 171, 19, 12.69%, 0, 0, 2, 24.49
1632155448, 0, 1, 174, 174, 19, 12.69%, 0, 0, 2, 24.05
1632155453, 0, 1, 176, 176, 19, 12.69%, 0, 0, 2, 24.12
1632155459, 0, 1, 177, 177, 19, 12.69%, 0, 0, 2, 24.47
1632155474, 0, 1, 178, 178, 19, 12.69%, 0, 0, 2, 24.18
1632155479, 0, 1, 179, 179, 19, 12.69%, 0, 0, 2, 24.34
1632155585, 0, 1, 180, 180, 19, 12.69%, 0, 0, 2, 24.23
1632155590, 0, 1, 182, 182, 19, 12.70%, 0, 0, 2, 24.38
1632155596, 0, 1, 184, 184, 19, 12.70%, 0, 0, 2, 25.12
1632155601, 0, 1, 187, 187, 19, 12.71%, 0, 0, 2, 24.56
1632155621, 0, 1, 189, 189, 19, 12.71%, 0, 0, 2, 24.34
1632155636, 0, 1, 190, 190, 19, 12.71%, 0, 0, 2, 24.64
1632155642, 0, 1, 193, 193, 19, 12.71%, 0, 0, 2, 24.92
1632155647, 0, 1, 194, 194, 19, 12.71%, 0, 0, 2, 24.58
1632156618, 0, 1, 195, 195, 19, 12.71%, 0, 0, 2, 25.22
1632156623, 0, 1, 196, 196, 19, 12.72%, 0, 0, 2, 25.18
1632157298, 0, 1, 199, 199, 19, 12.72%, 0, 0, 2, 25.02
1632157303, 0, 1, 200, 200, 19, 12.72%, 0, 0, 2, 25.12
1632157753, 0, 1, 201, 201, 19, 12.72%, 0, 0, 2, 24.98
1632157763, 0, 1, 202, 202, 19, 12.72%, 0, 0, 2, 25.17
1632157768, 0, 1, 203, 203, 19, 12.72%, 0, 0, 2, 25.10
1632157773, 0, 1, 204, 204, 19, 12.72%, 0, 0, 2, 25.13
1632157804, 0, 1, 205, 205, 19, 12.72%, 0, 0, 2, 24.72
1632157825, 0, 1, 208, 208, 19, 12.72%, 0, 0, 2, 24.43
1632157850, 0, 1, 210, 210, 19, 12.72%, 0, 0, 2, 25.09
1632157855, 0, 1, 211, 211, 19, 12.72%, 0, 0, 2, 24.73
1632157876, 0, 1, 212, 212, 19, 12.72%, 0, 0, 2, 25.01
1632157886, 0, 1, 213, 213, 19, 12.72%, 0, 0, 2, 25.24
1632158224, 0, 1, 215, 215, 19, 12.72%, 0, 0, 2, 25.34
1632158239, 0, 1, 216, 216, 19, 12.72%, 0, 0, 2, 24.97
1632158270, 0, 1, 217, 217, 19, 12.73%, 0, 0, 2, 25.07
1632158346, 0, 1, 218, 218, 19, 12.73%, 0, 0, 2, 24.83
1632158387, 0, 1, 219, 219, 19, 12.73%, 0, 0, 2, 25.17
1632158428, 0, 1, 220, 220, 19, 12.73%, 0, 0, 2, 25.29
1632160063, 0, 1, 221, 221, 19, 12.73%, 0, 0, 2, 23.58
1632160068, 0, 1, 222, 222, 19, 12.73%, 0, 0, 2, 24.52
1632160073, 0, 1, 224, 224, 19, 12.73%, 0, 0, 2, 24.53
1632160083, 0, 1, 225, 225, 19, 12.73%, 0, 0, 2, 24.50
1632160557, 0, 1, 226, 226, 19, 12.73%, 0, 0, 2, 24.82
1632160562, 0, 1, 227, 227, 19, 12.73%, 0, 0, 2, 24.46
1632160593, 0, 1, 228, 228, 19, 12.73%, 0, 0, 2, 24.45
1632160598, 0, 1, 229, 229, 19, 12.73%, 0, 0, 2, 24.47
1632160603, 0, 1, 230, 230, 19, 12.73%, 0, 0, 2, 24.22
1632160628, 0, 1, 231, 231, 19, 12.73%, 0, 0, 2, 24.66
1632160634, 0, 1, 233, 233, 19, 12.73%, 0, 0, 2, 24.17
1632160644, 0, 1, 234, 234, 19, 12.73%, 0, 0, 2, 24.81
1632160669, 0, 1, 235, 235, 19, 12.73%, 0, 0, 2, 24.00
1632160679, 0, 1, 236, 236, 19, 12.73%, 0, 0, 2, 24.77
1632160700, 0, 1, 237, 237, 19, 12.73%, 0, 0, 2, 24.49
1632160705, 0, 1, 238, 238, 19, 12.73%, 0, 0, 2, 24.62
1632160715, 0, 1, 239, 239, 19, 12.73%, 0, 0, 2, 24.46
1632161050, 0, 1, 240, 240, 19, 12.73%, 0, 0, 2, 24.24
1632161076, 0, 1, 241, 241, 19, 12.73%, 0, 0, 2, 24.20
1632161086, 0, 1, 242, 242, 19, 12.73%, 0, 0, 2, 24.21
1632161203, 0, 1, 243, 243, 19, 12.74%, 0, 0, 2, 25.10
1632161244, 0, 1, 244, 244, 19, 12.74%, 0, 0, 2, 25.05
1632162373, 0, 1, 245, 245, 19, 12.74%, 0, 0, 2, 24.41
1632162399, 0, 1, 246, 246, 19, 12.74%, 0, 0, 2, 24.40
1632162409, 0, 1, 247, 247, 19, 12.74%, 0, 0, 2, 24.50
1632162424, 0, 1, 248, 248, 19, 12.74%, 0, 0, 2, 24.36
1632162434, 0, 1, 249, 249, 19, 12.74%, 0, 0, 2, 24.27
1632162460, 0, 1, 250, 250, 19, 12.74%, 0, 0, 2, 24.51
1632163478, 0, 1, 252, 252, 19, 12.74%, 0, 0, 2, 22.99
1632163484, 0, 1, 253, 253, 19, 12.74%, 0, 0, 2, 23.70
1632163489, 0, 1, 254, 254, 19, 12.74%, 0, 0, 2, 23.98
1632163494, 0, 1, 255, 255, 19, 12.74%, 0, 0, 2, 24.25
1632163509, 0, 1, 256, 256, 19, 12.74%, 0, 0, 2, 24.34
1632163540, 0, 1, 257, 257, 19, 12.74%, 0, 0, 2, 24.51
1632163545, 0, 1, 258, 258, 19, 12.74%, 0, 0, 2, 24.70
1632164386, 0, 1, 259, 259, 19, 12.74%, 0, 0, 2, 23.81
1632164391, 0, 1, 260, 260, 19, 12.74%, 0, 0, 2, 23.14
1632164397, 0, 1, 261, 261, 19, 12.74%, 0, 0, 2, 24.24
1632164417, 0, 1, 262, 262, 19, 12.74%, 0, 0, 2, 24.41
1632164422, 0, 1, 263, 263, 19, 12.74%, 0, 0, 2, 24.50
1632164474, 0, 1, 264, 264, 19, 12.74%, 0, 0, 2, 24.28
1632164479, 0, 1, 265, 265, 19, 12.75%, 0, 0, 2, 24.29
1632164484, 0, 1, 267, 267, 19, 12.75%, 0, 0, 2, 24.37
1632164500, 0, 1, 268, 268, 19, 12.75%, 0, 0, 2, 24.29
1632164520, 0, 1, 269, 269, 19, 12.75%, 0, 0, 2, 24.21
1632164525, 0, 1, 270, 270, 19, 12.75%, 0, 0, 2, 23.79
1632164597, 0, 1, 272, 272, 19, 12.75%, 0, 0, 2, 24.39
1632164607, 0, 1, 273, 273, 19, 12.75%, 0, 0, 2, 24.41
1632164623, 0, 1, 274, 274, 19, 12.75%, 0, 0, 2, 24.43
1632164638, 0, 1, 275, 275, 19, 12.75%, 0, 0, 2, 24.24
1632164643, 0, 1, 276, 276, 19, 12.75%, 0, 0, 2, 24.39
1632164674, 0, 1, 277, 277, 19, 12.75%, 0, 0, 2, 24.46
1632164679, 0, 1, 278, 278, 19, 12.75%, 0, 0, 2, 24.47
1632164695, 0, 1, 279, 279, 19, 12.75%, 0, 0, 2, 24.37
1632164710, 0, 1, 280, 280, 19, 12.75%, 0, 0, 2, 30.84
1632164720, 0, 1, 281, 281, 19, 12.75%, 0, 0, 2, 26.74
1632164741, 0, 1, 282, 282, 19, 12.75%, 0, 0, 2, 24.28
1632164746, 0, 1, 283, 283, 19, 12.75%, 0, 0, 2, 24.22
1632164751, 0, 1, 284, 284, 19, 12.75%, 0, 0, 2, 24.15
1632164787, 0, 1, 285, 285, 19, 12.75%, 0, 0, 2, 24.37
1632164849, 0, 1, 286, 286, 19, 12.75%, 0, 0, 2, 24.89
1632164854, 0, 1, 287, 287, 19, 12.75%, 0, 0, 2, 24.43
1632164900, 0, 1, 289, 289, 19, 12.75%, 0, 0, 2, 24.24
1632164911, 0, 1, 292, 292, 19, 12.75%, 0, 0, 2, 23.47
1632164916, 0, 1, 293, 293, 19, 12.75%, 0, 0, 2, 23.71
1632164988, 0, 1, 294, 294, 19, 12.75%, 0, 0, 2, 24.48
1632165085, 0, 1, 295, 295, 19, 12.76%, 0, 0, 2, 24.29
1632165152, 0, 1, 296, 296, 19, 12.76%, 0, 0, 2, 24.35
1632165307, 0, 1, 297, 297, 19, 12.76%, 0, 0, 2, 24.32
1632165327, 0, 1, 298, 298, 19, 12.76%, 0, 0, 2, 24.40
1632165348, 0, 1, 299, 299, 19, 12.76%, 0, 0, 2, 24.25
1632165893, 0, 1, 300, 300, 19, 12.76%, 0, 0, 2, 23.98
1632166422, 0, 1, 301, 301, 19, 12.76%, 0, 0, 2, 24.95
1632166508, 0, 1, 302, 302, 19, 12.76%, 0, 0, 2, 24.46
1632166513, 0, 1, 303, 303, 19, 12.76%, 0, 0, 2, 23.99
1632166553, 0, 1, 304, 304, 19, 12.76%, 0, 0, 2, 24.00
1632166629, 0, 1, 305, 305, 19, 12.76%, 0, 0, 2, 23.81
1632166757, 0, 1, 306, 306, 19, 12.76%, 0, 0, 2, 29.10
1632166772, 0, 1, 308, 308, 19, 12.76%, 0, 0, 2, 30.52
1632166812, 0, 1, 309, 309, 19, 12.76%, 0, 0, 2, 23.94
1632167535, 0, 1, 310, 310, 19, 12.76%, 0, 0, 2, 26.21
1632168117, 0, 1, 311, 311, 19, 12.76%, 0, 0, 2, 31.42
1632168330, 0, 1, 312, 312, 19, 12.76%, 0, 0, 2, 24.04
1632168574, 0, 1, 313, 313, 19, 12.76%, 0, 0, 2, 31.33
1632169084, 0, 1, 314, 314, 19, 12.76%, 0, 0, 2, 23.89
1632171762, 0, 1, 315, 315, 19, 12.76%, 0, 0, 2, 28.45
1632173591, 0, 1, 316, 316, 19, 12.76%, 0, 0, 2, 30.40
1632175969, 0, 1, 318, 318, 19, 12.78%, 0, 0, 2, 23.77
1632176232, 0, 1, 319, 319, 19, 12.78%, 0, 0, 2, 23.96
1632176237, 0, 1, 324, 324, 19, 12.78%, 0, 0, 2, 23.78
1632176242, 0, 1, 327, 327, 19, 12.79%, 0, 0, 2, 23.80
1632176248, 0, 1, 329, 329, 19, 12.79%, 0, 0, 2, 26.17
1632176253, 0, 1, 330, 330, 19, 12.79%, 0, 0, 2, 27.85
1632176319, 0, 1, 331, 331, 19, 12.79%, 0, 0, 2, 29.51
1632176380, 0, 1, 332, 332, 19, 12.79%, 0, 0, 2, 23.76
1632176415, 0, 1, 333, 333, 19, 12.79%, 0, 0, 2, 24.03
1632176618, 0, 1, 334, 334, 19, 12.79%, 0, 0, 2, 28.82
1632176664, 0, 1, 336, 336, 19, 12.80%, 0, 0, 2, 23.41
1632177023, 0, 1, 337, 337, 19, 12.80%, 0, 0, 2, 28.68
1632177125, 0, 1, 338, 338, 19, 12.80%, 0, 0, 2, 28.22
1632177130, 0, 1, 341, 341, 19, 12.82%, 0, 0, 2, 29.36
1632177145, 0, 1, 342, 342, 19, 12.82%, 0, 0, 2, 23.73
1632177151, 0, 1, 343, 343, 19, 12.82%, 0, 0, 2, 24.25
1632177176, 0, 1, 344, 344, 19, 12.83%, 0, 0, 2, 24.11
1632177191, 0, 1, 345, 345, 19, 12.83%, 0, 0, 2, 23.55
1632177202, 0, 1, 346, 346, 19, 12.83%, 0, 0, 2, 23.98
1632177358, 0, 1, 348, 348, 19, 12.83%, 0, 0, 2, 23.77
1632177485, 0, 1, 349, 349, 19, 12.83%, 0, 0, 2, 29.97
1632177831, 0, 1, 350, 350, 19, 12.83%, 0, 0, 2, 23.60
1632177876, 0, 1, 351, 351, 19, 12.83%, 0, 0, 2, 23.93
1632177892, 0, 1, 352, 352, 19, 12.83%, 0, 0, 2, 23.68
1632178038, 0, 1, 353, 353, 19, 12.83%, 0, 0, 2, 23.85
1632178159, 0, 1, 357, 357, 19, 12.83%, 0, 0, 2, 23.90
1632178165, 0, 1, 368, 368, 19, 12.83%, 0, 0, 2, 24.22
1632178170, 0, 1, 379, 379, 19, 12.83%, 0, 0, 2, 24.12
1632178175, 0, 1, 386, 386, 19, 12.84%, 0, 0, 2, 23.88
1632178180, 0, 1, 394, 394, 19, 12.84%, 0, 0, 2, 24.25
1632178185, 0, 1, 397, 397, 19, 12.84%, 0, 0, 2, 23.82
1632178190, 0, 1, 403, 403, 19, 12.84%, 0, 0, 2, 23.91
1632178195, 0, 1, 411, 411, 19, 12.84%, 0, 0, 2, 23.83
1632178200, 0, 1, 418, 418, 19, 12.84%, 0, 0, 2, 23.94
1632178205, 0, 1, 423, 423, 19, 12.84%, 0, 0, 2, 24.11
1632178211, 0, 1, 430, 430, 19, 12.85%, 0, 0, 2, 23.60
1632178216, 0, 1, 438, 438, 19, 12.85%, 0, 0, 2, 23.68
1632178221, 0, 1, 441, 441, 19, 12.85%, 0, 0, 2, 23.78
1632178226, 0, 1, 446, 446, 19, 12.85%, 0, 0, 2, 23.96
1632178231, 0, 1, 453, 453, 19, 12.85%, 0, 0, 2, 23.69
1632178236, 0, 1, 458, 458, 19, 12.85%, 0, 0, 2, 23.75
1632178241, 0, 1, 461, 461, 19, 12.85%, 0, 0, 2, 23.68
1632178246, 0, 1, 464, 464, 19, 12.85%, 0, 0, 2, 23.18
1632178251, 0, 1, 468, 468, 19, 12.85%, 0, 0, 2, 23.93
1632178256, 0, 1, 471, 471, 19, 12.85%, 0, 0, 2, 23.84
1632178261, 0, 1, 473, 473, 19, 12.85%, 0, 0, 2, 23.40
1632178266, 0, 1, 475, 475, 19, 12.85%, 0, 0, 2, 23.96
1632178272, 0, 1, 479, 479, 19, 12.86%, 0, 0, 2, 23.76
1632178277, 0, 1, 482, 482, 19, 12.86%, 0, 0, 2, 24.01
1632178282, 0, 1, 485, 485, 19, 12.86%, 0, 0, 2, 23.48
1632178287, 0, 1, 488, 488, 19, 12.86%, 0, 0, 2, 23.83
1632178292, 0, 1, 489, 489, 19, 12.86%, 0, 0, 2, 25.18
1632178297, 0, 1, 490, 490, 19, 12.86%, 0, 0, 2, 24.15
1632178302, 0, 1, 492, 492, 19, 12.86%, 0, 0, 2, 23.93
1632178307, 0, 1, 494, 494, 19, 12.86%, 0, 0, 2, 23.50
1632178312, 0, 1, 497, 497, 19, 12.86%, 0, 0, 2, 23.73
1632178317, 0, 1, 502, 502, 19, 12.86%, 0, 0, 2, 23.58
1632178322, 0, 1, 506, 506, 19, 12.86%, 0, 0, 2, 23.96
1632178327, 0, 1, 508, 508, 19, 12.86%, 0, 0, 2, 24.19
1632178332, 0, 1, 511, 511, 19, 12.86%, 0, 0, 2, 23.72
1632178338, 0, 1, 515, 515, 19, 12.86%, 0, 0, 2, 23.27
1632178348, 0, 1, 516, 516, 19, 12.86%, 0, 0, 2, 24.07
1632178353, 0, 2, 517, 516, 80, 12.86%, 0, 0, 2, 20.60
1632178455, 0, 2, 518, 517, 80, 12.86%, 0, 0, 2, 13.36
1632178465, 0, 2, 520, 519, 80, 12.87%, 0, 0, 2, 13.89
1632178714, 0, 2, 521, 520, 80, 12.87%, 0, 0, 2, 14.81
1632178719, 0, 2, 524, 523, 80, 12.87%, 0, 0, 2, 20.31
1632178724, 0, 2, 525, 524, 80, 12.87%, 0, 0, 2, 14.99
1632178734, 0, 2, 529, 528, 80, 12.88%, 0, 0, 2, 13.40
1632178739, 0, 2, 533, 532, 80, 12.89%, 0, 0, 2, 13.37
1632178744, 0, 2, 534, 533, 80, 12.89%, 0, 0, 2, 13.54
1632178754, 0, 2, 536, 535, 80, 12.91%, 0, 0, 2, 13.93
1632178770, 0, 2, 537, 536, 80, 12.91%, 0, 0, 2, 17.64
1632178785, 0, 2, 541, 540, 80, 12.91%, 0, 0, 2, 16.86
1632178790, 0, 2, 544, 543, 80, 12.91%, 0, 0, 2, 24.13
1632178795, 0, 2, 550, 549, 80, 12.92%, 0, 0, 2, 24.54
1632178801, 0, 2, 552, 551, 80, 12.92%, 0, 0, 2, 19.40
1632178806, 0, 2, 553, 552, 80, 12.92%, 0, 0, 2, 20.48
1632178857, 0, 2, 554, 553, 80, 12.92%, 0, 0, 2, 13.90
1632178898, 0, 2, 556, 555, 80, 12.92%, 0, 0, 2, 16.45
1632178908, 0, 2, 559, 558, 80, 12.92%, 0, 0, 2, 21.98
1632178913, 0, 2, 562, 561, 80, 12.92%, 0, 0, 2, 21.38
1632178918, 0, 2, 566, 565, 80, 12.92%, 1, 0, 2, 17.39
1632178923, 0, 2, 567, 566, 80, 12.92%, 1, 0, 2, 14.06
1632178954, 0, 2, 568, 567, 80, 12.92%, 1, 0, 2, 13.20
1632178964, 0, 2, 569, 568, 80, 12.93%, 1, 0, 2, 13.04
1632178999, 0, 2, 571, 570, 80, 12.94%, 1, 0, 2, 20.64
1632179005, 0, 2, 573, 572, 80, 12.95%, 1, 0, 2, 20.39
1632179010, 0, 2, 577, 576, 80, 12.95%, 1, 0, 2, 14.84
1632179015, 0, 2, 578, 577, 80, 12.95%, 1, 0, 2, 20.57
1632179020, 0, 2, 580, 579, 80, 12.96%, 1, 0, 2, 14.51
1632179035, 0, 2, 582, 581, 80, 12.96%, 1, 0, 2, 13.57
1632179040, 0, 2, 585, 584, 80, 12.96%, 1, 0, 2, 15.41
1632179045, 0, 2, 586, 585, 80, 12.96%, 1, 0, 2, 16.48
1632179050, 0, 2, 587, 586, 80, 12.97%, 1, 0, 2, 20.16
1632179055, 0, 2, 589, 588, 80, 12.97%, 1, 0, 2, 19.87
1632179076, 0, 2, 592, 591, 80, 13.03%, 1, 0, 2, 25.71
1632179081, 0, 2, 594, 593, 80, 13.04%, 1, 0, 2, 20.83
1632179096, 0, 2, 598, 597, 80, 13.05%, 1, 0, 2, 26.93
1632179111, 0, 2, 600, 599, 80, 13.06%, 1, 0, 2, 17.15
1632179122, 0, 2, 601, 600, 80, 13.06%, 1, 0, 2, 14.44
1632179127, 0, 2, 603, 602, 80, 13.06%, 1, 0, 2, 13.62
1632179132, 0, 2, 604, 603, 80, 13.06%, 1, 0, 2, 14.28
1632179137, 0, 2, 607, 606, 80, 13.07%, 1, 0, 2, 13.70
1632179142, 0, 2, 611, 610, 80, 13.08%, 1, 0, 2, 13.40
1632179147, 0, 2, 613, 612, 80, 13.08%, 1, 0, 2, 13.37
1632179157, 0, 2, 615, 614, 80, 13.09%, 1, 0, 2, 13.48
1632179168, 0, 2, 617, 616, 80, 13.09%, 1, 0, 2, 14.13
1632179178, 0, 2, 619, 618, 80, 13.09%, 1, 0, 2, 14.54
1632179193, 0, 2, 620, 619, 80, 13.09%, 1, 0, 2, 14.45
1632179198, 0, 2, 621, 620, 80, 13.09%, 1, 0, 2, 14.72
1632179203, 0, 2, 622, 621, 80, 13.09%, 1, 0, 2, 13.72
1632179209, 0, 2, 623, 622, 80, 13.09%, 1, 0, 2, 13.32
1632179224, 0, 2, 624, 623, 80, 13.09%, 1, 0, 2, 14.01
1632179229, 0, 2, 625, 624, 80, 13.09%, 1, 0, 2, 13.44
1632179244, 0, 2, 626, 625, 80, 13.09%, 1, 0, 2, 21.83
1632179260, 0, 2, 628, 627, 80, 13.09%, 1, 0, 2, 14.16
1632179270, 0, 2, 630, 629, 80, 13.10%, 1, 0, 2, 17.75
1632179280, 0, 2, 632, 631, 80, 13.10%, 1, 0, 2, 14.97
1632179290, 0, 2, 633, 632, 80, 13.10%, 1, 0, 2, 14.70
1632179295, 0, 2, 634, 633, 80, 13.10%, 1, 0, 2, 20.16
1632179301, 0, 2, 641, 640, 80, 13.11%, 1, 0, 2, 22.69
1632179306, 0, 2, 643, 642, 80, 13.11%, 1, 0, 2, 22.90
1632179311, 0, 2, 644, 643, 80, 13.11%, 1, 0, 2, 23.08
1632179316, 0, 2, 645, 644, 80, 13.32%, 1, 0, 2, 16.73
1632179321, 0, 2, 647, 646, 80, 13.32%, 1, 0, 2, 16.42
1632179387, 0, 2, 648, 647, 80, 13.32%, 1, 0, 2, 20.34
1632179392, 0, 2, 649, 648, 80, 13.33%, 1, 0, 2, 15.48
1632179408, 0, 2, 651, 650, 80, 13.34%, 1, 0, 2, 14.52
1632179413, 0, 2, 658, 657, 80, 13.35%, 1, 0, 2, 15.63
1632179418, 0, 2, 663, 662, 80, 13.35%, 1, 0, 2, 15.32
1632179423, 0, 2, 667, 666, 80, 13.35%, 1, 0, 2, 13.89
1632179428, 0, 2, 668, 667, 80, 13.35%, 1, 0, 2, 15.56
1632179433, 0, 2, 671, 670, 80, 13.35%, 1, 0, 2, 18.74
1632179438, 0, 2, 672, 671, 80, 13.35%, 1, 0, 2, 18.10
1632179453, 0, 2, 673, 672, 80, 13.36%, 1, 0, 2, 17.69
1632179468, 0, 2, 675, 674, 80, 13.36%, 1, 0, 2, 15.27
1632179499, 0, 2, 681, 680, 80, 13.40%, 1, 0, 2, 21.89
1632179509, 0, 2, 682, 681, 80, 13.41%, 1, 0, 2, 24.30
1632179514, 0, 2, 683, 682, 80, 13.44%, 1, 0, 2, 25.28
1632179525, 0, 2, 689, 688, 80, 13.57%, 1, 0, 2, 24.75
1632179530, 0, 2, 704, 703, 80, 13.69%, 1, 0, 2, 27.48
1632179535, 0, 2, 719, 718, 80, 13.82%, 1, 0, 2, 28.90
1632179540, 0, 2, 734, 733, 80, 13.90%, 1, 0, 2, 28.92
1632179545, 0, 2, 749, 748, 80, 13.94%, 1, 0, 2, 26.89
1632179550, 0, 2, 763, 762, 80, 13.97%, 1, 0, 2, 28.17
1632179555, 0, 2, 776, 775, 80, 13.99%, 1, 0, 2, 28.83
1632179560, 0, 2, 789, 788, 80, 14.00%, 1, 0, 2, 29.37
1632179566, 0, 2, 801, 800, 80, 14.01%, 1, 0, 2, 29.27
1632179571, 0, 2, 811, 810, 80, 14.01%, 1, 0, 2, 28.14
1632179576, 0, 2, 818, 817, 80, 14.01%, 1, 0, 2, 24.03
1632179581, 0, 2, 822, 821, 80, 14.02%, 1, 0, 2, 28.30
1632179586, 0, 2, 826, 825, 80, 14.02%, 1, 0, 2, 25.32
1632179591, 0, 2, 830, 829, 80, 14.02%, 1, 0, 2, 23.34
1632179596, 0, 2, 837, 836, 80, 14.02%, 1, 0, 2, 27.10
1632179601, 0, 2, 845, 844, 80, 14.08%, 1, 0, 2, 27.60
1632179606, 0, 2, 852, 851, 80, 14.12%, 1, 0, 2, 22.89
1632179612, 0, 2, 861, 860, 80, 14.20%, 1, 0, 2, 20.33
1632179617, 0, 2, 865, 864, 80, 14.34%, 1, 0, 2, 17.82
1632179622, 0, 2, 868, 867, 80, 14.34%, 1, 0, 2, 20.15
1632179627, 0, 2, 870, 869, 80, 14.35%, 1, 0, 2, 22.01
1632179632, 0, 2, 873, 872, 80, 14.36%, 1, 0, 2, 21.33
1632179637, 0, 2, 879, 878, 80, 14.37%, 1, 0, 2, 21.75
1632179642, 0, 2, 884, 883, 80, 14.38%, 1, 0, 2, 18.89
1632179648, 0, 2, 892, 891, 80, 14.38%, 1, 0, 2, 19.83
1632179653, 0, 2, 900, 899, 80, 14.40%, 1, 0, 2, 18.29
1632179658, 0, 2, 904, 903, 80, 14.43%, 1, 0, 2, 21.75
1632179663, 0, 2, 911, 910, 80, 14.45%, 1, 0, 2, 20.32
1632179668, 0, 2, 917, 916, 80, 14.45%, 1, 0, 2, 17.37
1632179673, 0, 2, 924, 923, 80, 14.46%, 1, 0, 2, 19.23
1632179678, 0, 2, 930, 929, 80, 14.46%, 1, 0, 2, 18.76
1632179683, 0, 2, 937, 936, 80, 14.46%, 1, 0, 2, 19.60
1632179688, 0, 2, 941, 940, 80, 14.46%, 1, 0, 2, 17.66
1632179693, 0, 2, 943, 942, 80, 14.46%, 1, 0, 2, 14.43
1632179698, 0, 2, 946, 945, 80, 14.46%, 1, 0, 2, 16.02
1632179703, 0, 2, 949, 948, 80, 14.46%, 1, 0, 2, 15.17
1632179708, 0, 2, 950, 949, 80, 14.46%, 1, 0, 2, 13.52
1632179713, 0, 2, 953, 952, 80, 14.46%, 1, 0, 2, 13.83
1632179718, 0, 2, 954, 953, 80, 14.46%, 1, 0, 2, 16.79
1632179723, 0, 2, 957, 956, 80, 14.46%, 1, 0, 2, 16.03
1632179728, 0, 2, 959, 958, 80, 14.47%, 1, 0, 2, 16.32
1632179734, 0, 2, 962, 961, 80, 14.47%, 1, 0, 2, 14.08
1632179749, 0, 2, 966, 965, 80, 14.47%, 1, 0, 2, 15.64
1632179754, 0, 2, 967, 966, 80, 14.47%, 1, 0, 2, 14.62
1632179759, 0, 2, 970, 969, 80, 14.47%, 1, 0, 2, 13.97
1632179775, 0, 2, 971, 970, 80, 14.47%, 1, 0, 2, 16.40
1632179780, 0, 2, 972, 971, 80, 14.47%, 1, 0, 2, 16.42
1632179785, 0, 2, 973, 972, 80, 14.47%, 1, 0, 2, 17.21
1632179790, 0, 2, 975, 974, 80, 14.47%, 1, 0, 2, 17.69
1632179800, 0, 2, 979, 978, 80, 14.47%, 1, 0, 2, 15.02
1632179805, 0, 2, 982, 981, 80, 14.47%, 1, 0, 2, 14.67
1632179810, 0, 2, 984, 983, 80, 14.47%, 1, 0, 2, 13.45
1632179815, 0, 2, 986, 985, 80, 14.47%, 1, 0, 2, 15.49
1632179826, 0, 2, 987, 986, 80, 14.47%, 1, 0, 2, 15.05
1632179866, 0, 2, 988, 987, 80, 14.47%, 1, 0, 2, 13.11
1632179881, 0, 2, 989, 988, 80, 14.47%, 1, 0, 2, 13.04
1632179886, 0, 2, 991, 990, 80, 14.47%, 1, 0, 2, 13.02
1632179891, 0, 2, 992, 991, 80, 14.47%, 1, 0, 2, 13.02
1632179906, 0, 2, 995, 994, 80, 14.47%, 1, 0, 2, 13.09
1632179911, 0, 2, 996, 995, 80, 14.47%, 1, 0, 2, 13.09
1632179921, 0, 2, 998, 997, 80, 14.47%, 1, 0, 2, 13.04
1632179927, 0, 2, 1000, 999, 80, 14.47%, 1, 0, 2, 13.05
1632179997, 0, 2, 1001, 1000, 80, 14.47%, 1, 0, 2, 13.24
1632180002, 0, 2, 1002, 1001, 80, 14.47%, 1, 0, 2, 13.13
1632180007, 0, 2, 1003, 1002, 80, 14.47%, 1, 0, 2, 13.05
1632180012, 0, 2, 1005, 1004, 80, 14.47%, 1, 0, 2, 13.25
1632180018, 0, 2, 1007, 1006, 80, 14.47%, 1, 0, 2, 13.27
1632180023, 0, 2, 1009, 1008, 80, 14.47%, 1, 0, 2, 13.22
1632180033, 0, 2, 1010, 1009, 80, 14.47%, 1, 0, 2, 13.21
1632180038, 0, 2, 1012, 1011, 80, 14.47%, 1, 0, 2, 13.17
1632180048, 0, 2, 1013, 1012, 80, 14.47%, 1, 0, 2, 13.21
1632180063, 0, 2, 1014, 1013, 80, 14.47%, 1, 0, 2, 13.38
1632180068, 0, 2, 1015, 1014, 80, 14.47%, 1, 0, 2, 13.18
1632180088, 0, 2, 1017, 1016, 80, 14.47%, 1, 0, 2, 13.07
1632180093, 0, 2, 1018, 1017, 80, 14.47%, 1, 0, 2, 13.08
1632180104, 0, 2, 1020, 1019, 80, 14.47%, 1, 0, 2, 13.09
1632180114, 0, 2, 1021, 1020, 80, 14.47%, 1, 0, 2, 13.08
1632180124, 0, 2, 1022, 1021, 80, 14.47%, 1, 0, 2, 15.59
1632180129, 0, 2, 1023, 1022, 80, 14.47%, 1, 0, 2, 15.28
1632180144, 0, 2, 1024, 1023, 80, 14.47%, 1, 0, 2, 16.95
1632180154, 0, 2, 1025, 1024, 80, 14.47%, 1, 0, 2, 16.10
1632180159, 0, 2, 1028, 1027, 80, 14.47%, 1, 0, 2, 17.51
1632180164, 0, 2, 1029, 1028, 80, 14.47%, 1, 0, 2, 17.55
1632180169, 0, 2, 1034, 1033, 80, 14.47%, 1, 0, 2, 16.93
1632180174, 0, 2, 1036, 1035, 80, 14.47%, 1, 0, 2, 14.03
1632180179, 0, 2, 1040, 1039, 80, 14.47%, 1, 0, 2, 16.15
1632180189, 0, 2, 1042, 1041, 80, 14.47%, 1, 0, 2, 14.02
1632180215, 0, 2, 1044, 1043, 80, 14.47%, 1, 0, 2, 13.61
1632180220, 0, 2, 1046, 1045, 80, 14.47%, 1, 0, 2, 15.59
1632180230, 0, 2, 1047, 1046, 80, 14.47%, 1, 0, 2, 13.79
1632180250, 0, 2, 1048, 1047, 80, 14.47%, 1, 0, 2, 14.63
1632180255, 0, 2, 1050, 1049, 80, 14.47%, 1, 0, 2, 17.44
1632180261, 0, 2, 1052, 1051, 80, 14.47%, 1, 0, 2, 16.84
1632180271, 0, 2, 1053, 1052, 80, 14.47%, 1, 0, 2, 14.78
1632180276, 0, 2, 1054, 1053, 80, 14.47%, 1, 0, 2, 15.35
1632180281, 0, 2, 1055, 1054, 80, 14.47%, 1, 0, 2, 14.39
1632180291, 0, 2, 1056, 1055, 80, 14.47%, 1, 0, 2, 16.13
1632180296, 0, 2, 1058, 1057, 80, 14.47%, 1, 0, 2, 15.17
1632180301, 0, 2, 1060, 1059, 80, 14.47%, 1, 0, 2, 14.26
1632180306, 0, 2, 1062, 1061, 80, 14.47%, 1, 0, 2, 13.48
1632180311, 0, 2, 1064, 1063, 80, 14.47%, 1, 0, 2, 15.28
1632180322, 0, 2, 1065, 1064, 80, 14.47%, 1, 0, 2, 14.21
1632180347, 0, 2, 1066, 1065, 80, 14.47%, 1, 0, 2, 15.92
1632180352, 0, 2, 1068, 1067, 80, 14.47%, 1, 0, 2, 14.12
1632180377, 0, 2, 1069, 1068, 80, 14.47%, 1, 0, 2, 17.39
1632180382, 0, 2, 1070, 1069, 80, 14.47%, 1, 0, 2, 15.83
1632180388, 0, 2, 1071, 1070, 80, 14.47%, 1, 0, 2, 13.82
1632180393, 0, 2, 1073, 1072, 80, 14.47%, 1, 0, 2, 13.36
1632180408, 0, 2, 1074, 1073, 80, 14.47%, 1, 0, 2, 13.06
1632180423, 0, 2, 1076, 1075, 80, 14.47%, 1, 0, 2, 13.01
1632180464, 0, 2, 1077, 1076, 80, 14.47%, 1, 0, 2, 12.96
1632180479, 0, 2, 1078, 1077, 80, 14.47%, 1, 0, 2, 13.01
1632180484, 0, 2, 1079, 1078, 80, 14.47%, 1, 0, 2, 13.01
1632180489, 0, 2, 1080, 1079, 80, 14.47%, 1, 0, 2, 12.62
1632180585, 0, 2, 1081, 1080, 80, 14.47%, 1, 0, 2, 13.11
1632180590, 0, 2, 1085, 1084, 80, 14.47%, 1, 0, 2, 13.71
1632180595, 0, 2, 1089, 1088, 80, 14.47%, 1, 0, 2, 13.67
1632180600, 0, 2, 1091, 1090, 80, 14.47%, 1, 0, 2, 13.23
1632180615, 0, 2, 1092, 1091, 80, 14.48%, 1, 0, 2, 16.29
1632180636, 0, 2, 1093, 1092, 80, 14.48%, 1, 0, 2, 16.23
1632180646, 0, 2, 1094, 1093, 80, 14.48%, 1, 0, 2, 15.84
1632180712, 0, 2, 1095, 1094, 80, 14.48%, 1, 0, 2, 12.98
1632180717, 0, 2, 1096, 1095, 80, 14.48%, 1, 0, 2, 12.87
1632181564, 0, 2, 1099, 1098, 80, 14.52%, 1, 0, 2, 13.96
1632181569, 0, 2, 1101, 1100, 80, 14.52%, 1, 0, 2, 15.41
1632181722, 0, 2, 1102, 1101, 80, 14.52%, 1, 0, 2, 22.75
1632181772, 0, 2, 1103, 1102, 80, 14.52%, 1, 0, 2, 16.83
1632181782, 0, 2, 1106, 1105, 80, 14.54%, 1, 0, 2, 17.41
1632181997, 0, 2, 1107, 1106, 80, 14.54%, 1, 0, 2, 22.31
1632182052, 0, 2, 1109, 1108, 80, 14.54%, 1, 0, 2, 18.30
1632182145, 0, 2, 1110, 1109, 80, 14.54%, 1, 0, 2, 19.83
1632182155, 0, 2, 1114, 1113, 80, 14.54%, 1, 0, 2, 28.89
1632182160, 0, 2, 1115, 1114, 80, 14.54%, 1, 0, 2, 20.83
1632182180, 0, 2, 1116, 1115, 80, 14.54%, 1, 0, 2, 16.39
1632182231, 0, 2, 1117, 1116, 80, 14.54%, 1, 0, 2, 22.00
1632182257, 0, 2, 1118, 1117, 80, 14.54%, 1, 0, 2, 23.89
1632182282, 0, 2, 1119, 1118, 80, 14.54%, 1, 0, 2, 16.74
1632182302, 0, 2, 1120, 1119, 80, 14.54%, 1, 0, 2, 23.21
1632182338, 0, 2, 1121, 1120, 80, 14.54%, 1, 0, 2, 14.28
1632182343, 0, 2, 1122, 1121, 80, 14.54%, 1, 0, 2, 13.51
1632182358, 0, 2, 1123, 1122, 80, 14.54%, 1, 0, 2, 13.55
1632182368, 0, 2, 1124, 1123, 80, 14.54%, 1, 0, 2, 13.64
1632182506, 0, 2, 1125, 1124, 80, 14.55%, 1, 0, 2, 17.11
1632182572, 0, 2, 1126, 1125, 80, 14.55%, 1, 0, 2, 20.33
1632182577, 0, 2, 1127, 1126, 80, 14.55%, 1, 0, 2, 15.82
1632182597, 0, 2, 1128, 1127, 80, 14.55%, 1, 0, 2, 13.15
1632182613, 0, 2, 1129, 1128, 80, 14.55%, 1, 0, 2, 13.06
1632182618, 0, 2, 1130, 1129, 80, 14.55%, 1, 0, 2, 13.25
1632182623, 0, 2, 1131, 1130, 80, 14.55%, 1, 0, 2, 14.06
1632182638, 0, 2, 1132, 1131, 80, 14.55%, 1, 0, 2, 15.65
1632182648, 0, 2, 1133, 1132, 80, 14.55%, 1, 0, 2, 15.29
1632182653, 0, 2, 1135, 1134, 80, 14.56%, 1, 0, 2, 13.83
1632182704, 0, 2, 1145, 1144, 80, 14.57%, 1, 0, 2, 27.31
1632182709, 0, 2, 1152, 1151, 80, 14.58%, 1, 0, 2, 24.51
1632182714, 0, 2, 1156, 1155, 80, 14.58%, 1, 0, 2, 23.34
1632182720, 0, 2, 1159, 1158, 80, 14.58%, 1, 0, 2, 27.20
1632182725, 0, 2, 1162, 1161, 80, 14.58%, 1, 0, 2, 28.61
1632182740, 0, 2, 1163, 1162, 80, 14.58%, 1, 0, 2, 23.62
1632182745, 0, 2, 1164, 1163, 80, 14.58%, 1, 0, 2, 23.52
1632182750, 0, 2, 1167, 1166, 80, 14.59%, 1, 0, 2, 19.68
1632182756, 0, 2, 1168, 1167, 80, 14.59%, 1, 0, 2, 20.02
1632182776, 0, 2, 1171, 1170, 80, 14.59%, 1, 0, 2, 19.00
1632182786, 0, 2, 1172, 1171, 80, 14.59%, 1, 0, 2, 15.55
1632182791, 0, 2, 1176, 1175, 80, 14.59%, 1, 0, 2, 17.55
1632182796, 0, 2, 1177, 1176, 80, 14.59%, 1, 0, 2, 17.24
1632182801, 0, 2, 1179, 1178, 80, 14.59%, 1, 0, 2, 14.73
1632182807, 0, 2, 1181, 1180, 80, 14.59%, 1, 0, 2, 14.64
1632182857, 0, 2, 1182, 1181, 80, 14.59%, 1, 0, 2, 15.93
1632182888, 0, 2, 1183, 1182, 80, 14.59%, 1, 0, 2, 13.08
1632182913, 0, 2, 1184, 1183, 80, 14.59%, 1, 0, 2, 13.08
1632182974, 0, 2, 1185, 1184, 80, 14.59%, 1, 0, 2, 13.05
1632183020, 0, 2, 1186, 1185, 80, 14.59%, 1, 0, 2, 13.12
1632183101, 0, 2, 1187, 1186, 80, 14.59%, 1, 0, 2, 13.16
1632183111, 0, 2, 1189, 1188, 80, 14.59%, 1, 0, 2, 13.08
1632183273, 0, 2, 1190, 1189, 80, 14.59%, 1, 0, 2, 13.07
1632183293, 0, 2, 1191, 1190, 80, 14.59%, 1, 0, 2, 13.16
1632183303, 0, 2, 1192, 1191, 80, 14.59%, 1, 0, 2, 13.02
1632183333, 0, 2, 1193, 1192, 80, 14.59%, 1, 0, 2, 13.13
1632183379, 0, 2, 1194, 1193, 80, 14.59%, 1, 0, 2, 13.14
1632183399, 0, 2, 1195, 1194, 80, 14.59%, 1, 0, 2, 13.12
1632183430, 0, 2, 1196, 1195, 80, 14.59%, 1, 0, 2, 13.12
1632183485, 0, 2, 1197, 1196, 80, 14.59%, 1, 0, 2, 13.86
1632183490, 0, 2, 1198, 1197, 80, 14.59%, 1, 0, 2, 16.68
1632183663, 0, 2, 1199, 1198, 80, 14.59%, 1, 0, 2, 15.83
1632183673, 0, 2, 1201, 1200, 80, 14.59%, 1, 0, 2, 15.66
1632183684, 0, 2, 1203, 1202, 80, 14.60%, 1, 0, 2, 17.73
1632183704, 0, 2, 1204, 1203, 80, 14.60%, 1, 0, 2, 18.90
1632184672, 0, 2, 1205, 1204, 80, 14.60%, 1, 0, 2, 13.06
1632184935, 0, 2, 1206, 1205, 80, 14.61%, 1, 0, 2, 13.01
1632184940, 0, 2, 1208, 1207, 80, 14.61%, 1, 0, 2, 13.05
1632185223, 0, 2, 1210, 1209, 80, 14.62%, 1, 0, 2, 13.37
1632185233, 0, 2, 1211, 1210, 80, 14.62%, 1, 0, 2, 14.50
1632185407, 0, 2, 1213, 1212, 80, 14.62%, 1, 0, 2, 15.78
1632185518, 0, 2, 1214, 1213, 80, 14.62%, 1, 0, 2, 13.06
1632185559, 0, 2, 1215, 1214, 80, 14.62%, 1, 0, 2, 17.75
1632185610, 0, 2, 1216, 1215, 80, 14.63%, 1, 0, 2, 13.26
1632185625, 0, 2, 1217, 1216, 80, 14.63%, 1, 0, 2, 12.97
1632185630, 0, 2, 1218, 1217, 80, 14.63%, 1, 0, 2, 14.06
1632185676, 0, 2, 1219, 1218, 80, 14.63%, 1, 0, 2, 16.06
1632185737, 0, 2, 1220, 1219, 80, 14.67%, 1, 0, 2, 16.18
1632185758, 0, 2, 1221, 1220, 80, 14.68%, 1, 0, 2, 22.55
1632185845, 0, 2, 1222, 1221, 80, 14.68%, 1, 0, 2, 17.64
1632185870, 0, 2, 1223, 1222, 80, 14.68%, 1, 0, 2, 17.91
1632185880, 0, 2, 1224, 1223, 80, 14.69%, 1, 0, 2, 15.84
1632185957, 0, 2, 1230, 1229, 80, 14.69%, 1, 0, 2, 24.36
1632185962, 0, 2, 1232, 1231, 80, 14.69%, 1, 0, 2, 26.38
1632185967, 0, 2, 1234, 1233, 80, 14.69%, 1, 0, 2, 25.18
1632185972, 0, 2, 1236, 1235, 80, 14.69%, 1, 0, 2, 23.92
1632185993, 0, 2, 1238, 1237, 80, 14.69%, 1, 0, 2, 29.86
1632185998, 0, 2, 1241, 1240, 80, 14.70%, 1, 0, 2, 24.80
1632186019, 0, 2, 1243, 1242, 80, 14.70%, 1, 0, 2, 23.62
1632186024, 0, 2, 1244, 1243, 80, 14.70%, 1, 0, 2, 19.45
1632186029, 0, 2, 1246, 1245, 80, 14.70%, 1, 0, 2, 18.11
1632186034, 0, 2, 1249, 1248, 80, 14.70%, 1, 0, 2, 15.71
1632186039, 0, 2, 1250, 1249, 80, 14.70%, 1, 0, 2, 16.86
1632186044, 0, 2, 1251, 1250, 80, 14.70%, 1, 0, 2, 15.73
1632186151, 0, 2, 1252, 1251, 80, 14.70%, 1, 0, 2, 13.11
1632186171, 0, 2, 1253, 1252, 80, 14.70%, 1, 0, 2, 13.70
1632186222, 0, 2, 1254, 1253, 80, 14.70%, 1, 0, 2, 13.47
1632186339, 0, 2, 1255, 1254, 80, 14.70%, 1, 0, 2, 17.39
1632186370, 0, 2, 1256, 1255, 80, 14.70%, 1, 0, 2, 17.24
1632186415, 0, 2, 1257, 1256, 80, 14.70%, 1, 0, 2, 13.12
1632186547, 0, 2, 1258, 1257, 80, 14.70%, 1, 0, 2, 13.02
1632186659, 0, 2, 1259, 1258, 80, 14.70%, 1, 0, 2, 17.27
1632186664, 0, 2, 1260, 1259, 80, 14.70%, 1, 0, 2, 16.91
1632186720, 0, 2, 1261, 1260, 80, 14.70%, 1, 0, 2, 13.23
1632186868, 0, 2, 1262, 1261, 80, 14.70%, 1, 0, 2, 13.85
1632186879, 0, 2, 1264, 1263, 80, 14.70%, 1, 0, 2, 14.37
1632186884, 0, 2, 1266, 1265, 80, 14.70%, 1, 0, 2, 14.47
1632186889, 0, 2, 1268, 1267, 80, 14.70%, 1, 0, 2, 14.50
1632186894, 0, 2, 1271, 1270, 80, 14.70%, 1, 0, 2, 14.15
1632187914, 0, 2, 1272, 1271, 80, 14.70%, 1, 0, 2, 12.94
1632188316, 0, 2, 1274, 1273, 80, 14.70%, 1, 0, 2, 21.70
1632188322, 0, 2, 1275, 1274, 80, 14.70%, 1, 0, 2, 21.26
1632188362, 0, 2, 1276, 1275, 80, 14.70%, 1, 0, 2, 12.96
1632188393, 0, 2, 1277, 1276, 80, 14.70%, 1, 0, 2, 12.92
1632188688, 0, 2, 1279, 1278, 80, 14.70%, 1, 0, 2, 13.50
1632188703, 0, 2, 1282, 1281, 80, 14.70%, 1, 0, 2, 21.01
1632188825, 0, 2, 1283, 1282, 80, 14.71%, 1, 0, 2, 13.53
1632188850, 0, 2, 1285, 1284, 80, 14.71%, 1, 0, 2, 13.16
1632188911, 0, 2, 1286, 1285, 80, 14.71%, 1, 0, 2, 19.61
1632188921, 0, 2, 1287, 1286, 80, 14.71%, 1, 0, 2, 18.19
1632188952, 0, 2, 1288, 1287, 80, 14.71%, 1, 0, 2, 18.90
1632188967, 0, 2, 1292, 1291, 80, 14.71%, 1, 0, 2, 13.40
1632188983, 0, 2, 1294, 1293, 80, 14.71%, 1, 0, 2, 21.10
1632188988, 0, 2, 1296, 1295, 80, 14.71%, 1, 0, 2, 22.32
1632188993, 0, 2, 1297, 1296, 80, 14.71%, 1, 0, 2, 17.16
1632189049, 0, 2, 1298, 1297, 80, 14.71%, 1, 0, 2, 13.07
1632189059, 0, 2, 1300, 1299, 80, 14.71%, 1, 0, 2, 13.09
1632189074, 0, 2, 1301, 1300, 80, 14.71%, 1, 0, 2, 13.03
1632189084, 0, 2, 1302, 1301, 80, 14.71%, 1, 0, 2, 13.20
1632189094, 0, 2, 1303, 1302, 80, 14.71%, 1, 0, 2, 12.60
1632189135, 0, 2, 1306, 1305, 80, 14.71%, 1, 0, 2, 12.97
1632189140, 0, 2, 1307, 1306, 80, 14.71%, 1, 0, 2, 13.01
1632189624, 0, 2, 1308, 1307, 80, 14.71%, 1, 0, 2, 16.61
1632189967, 0, 2, 1309, 1308, 80, 14.72%, 1, 0, 2, 23.06
1632190658, 0, 2, 1311, 1310, 80, 14.72%, 1, 0, 2, 26.51
1632190669, 0, 2, 1312, 1311, 80, 14.72%, 1, 0, 2, 29.36
1632190684, 0, 2, 1313, 1312, 80, 14.72%, 1, 0, 2, 26.61
1632190704, 0, 2, 1315, 1314, 80, 14.73%, 2, 0, 2, 18.10
1632190709, 0, 2, 1317, 1316, 80, 14.73%, 3, 0, 2, 17.76
1632191252, 0, 2, 1318, 1317, 80, 14.73%, 3, 0, 2, 18.46
1632191288, 0, 2, 1319, 1318, 80, 14.73%, 3, 0, 2, 27.98
1632191293, 0, 2, 1320, 1319, 80, 14.73%, 3, 0, 2, 19.99
1632191303, 0, 2, 1321, 1320, 80, 14.74%, 3, 0, 2, 14.67
1632191390, 0, 2, 1322, 1321, 80, 14.74%, 3, 0, 2, 17.15
1632191425, 0, 2, 1323, 1322, 80, 14.74%, 3, 0, 2, 17.13
1632191487, 0, 2, 1324, 1323, 80, 14.74%, 3, 0, 2, 23.50
1632191492, 0, 2, 1325, 1324, 80, 14.74%, 3, 0, 2, 27.29
1632191610, 0, 2, 1326, 1325, 80, 14.74%, 3, 0, 2, 17.81
1632191645, 0, 2, 1327, 1326, 80, 14.74%, 3, 0, 2, 21.27
1632191676, 0, 2, 1328, 1327, 80, 14.74%, 3, 0, 2, 29.23
1632191906, 0, 2, 1329, 1328, 80, 14.77%, 3, 0, 2, 15.63
1632192746, 0, 2, 1330, 1329, 80, 14.77%, 3, 0, 2, 21.08
1632192751, 0, 2, 1331, 1330, 80, 14.77%, 3, 0, 2, 19.43
1632192756, 0, 2, 1332, 1331, 80, 14.77%, 3, 0, 2, 18.70
1632192766, 0, 2, 1333, 1332, 80, 14.77%, 3, 0, 2, 16.41
1632192864, 0, 2, 1334, 1333, 80, 14.77%, 3, 0, 2, 23.29
1632193444, 0, 2, 1335, 1334, 80, 14.77%, 3, 0, 2, 13.23
1632193721, 0, 2, 1336, 1335, 80, 14.77%, 3, 0, 2, 13.30
1632193783, 0, 2, 1337, 1336, 80, 14.77%, 3, 0, 2, 13.32
1632194050, 0, 2, 1338, 1337, 80, 14.78%, 3, 0, 2, 22.06
1632194253, 0, 2, 1340, 1339, 80, 14.78%, 3, 0, 2, 23.36
1632194258, 0, 2, 1344, 1343, 80, 14.78%, 3, 0, 2, 22.98
1632194263, 0, 2, 1349, 1348, 80, 14.78%, 3, 0, 2, 23.63
1632194268, 0, 2, 1352, 1351, 80, 14.78%, 3, 0, 2, 23.70
1632194273, 0, 2, 1356, 1355, 80, 14.84%, 3, 0, 2, 23.46
1632194278, 0, 2, 1360, 1359, 80, 14.84%, 3, 0, 2, 22.78
1632194283, 0, 2, 1363, 1362, 80, 14.84%, 3, 0, 2, 23.17
1632194299, 0, 2, 1365, 1364, 80, 14.84%, 3, 0, 2, 22.98
1632194340, 0, 2, 1366, 1365, 80, 14.84%, 3, 0, 2, 23.01
1632194370, 0, 2, 1367, 1366, 80, 14.84%, 3, 0, 2, 22.94
1632194401, 0, 2, 1369, 1368, 80, 14.84%, 3, 0, 2, 22.95
1632194426, 0, 2, 1370, 1369, 80, 14.84%, 3, 0, 2, 22.20
1632194447, 0, 2, 1371, 1370, 80, 14.84%, 3, 0, 2, 22.60
1632194493, 0, 2, 1372, 1371, 80, 14.84%, 3, 0, 2, 23.63
1632194498, 0, 2, 1373, 1372, 80, 14.84%, 3, 0, 2, 23.25
1632194503, 0, 2, 1374, 1373, 80, 14.84%, 3, 0, 2, 23.44
1632194508, 0, 2, 1375, 1374, 80, 14.84%, 3, 0, 2, 23.48
1632194529, 0, 2, 1376, 1375, 80, 14.87%, 3, 0, 2, 20.81
1632194544, 0, 2, 1377, 1376, 80, 14.87%, 3, 0, 2, 23.52
1632194549, 0, 2, 1378, 1377, 80, 14.87%, 3, 0, 2, 20.67
1632194554, 0, 2, 1379, 1378, 80, 14.99%, 3, 0, 2, 20.32
1632194570, 0, 2, 1380, 1379, 80, 14.99%, 3, 0, 2, 19.16
1632194708, 0, 2, 1381, 1380, 80, 14.99%, 3, 0, 2, 21.70
1632194718, 0, 2, 1382, 1381, 80, 14.99%, 3, 0, 2, 19.64
1632194723, 0, 2, 1383, 1382, 80, 14.99%, 3, 0, 2, 20.37
1632194754, 0, 2, 1384, 1383, 80, 14.99%, 3, 0, 2, 20.30
1632194759, 0, 2, 1385, 1384, 80, 14.99%, 3, 0, 2, 17.81
1632194764, 0, 2, 1386, 1385, 80, 14.99%, 3, 0, 2, 16.48
1632194805, 0, 2, 1388, 1387, 80, 14.99%, 3, 0, 2, 14.75
1632194821, 0, 2, 1389, 1388, 80, 14.99%, 3, 0, 2, 14.04
1632194882, 0, 2, 1390, 1389, 80, 14.99%, 3, 0, 2, 14.36
1632194892, 0, 2, 1391, 1390, 80, 14.99%, 3, 0, 2, 13.78
1632194897, 0, 2, 1393, 1392, 80, 14.99%, 3, 0, 2, 13.95
1632195490, 0, 2, 1394, 1393, 80, 14.99%, 3, 0, 2, 13.26
1632195541, 0, 2, 1395, 1394, 80, 14.99%, 3, 0, 2, 13.16
1632196191, 0, 2, 1396, 1395, 80, 14.99%, 3, 0, 2, 13.86
1632196616, 0, 2, 1397, 1396, 80, 14.99%, 3, 0, 2, 13.25
1632197082, 0, 2, 1398, 1397, 80, 14.99%, 3, 0, 2, 14.01
1632197385, 0, 2, 1399, 1398, 80, 14.99%, 3, 0, 2, 13.30
1632197559, 0, 2, 1400, 1399, 80, 14.99%, 3, 0, 2, 13.00
1632197905, 0, 2, 1401, 1400, 80, 14.99%, 3, 0, 2, 13.28
1632197977, 0, 2, 1402, 1401, 80, 14.99%, 3, 0, 2, 13.25
1632200640, 0, 2, 1403, 1402, 80, 14.99%, 3, 0, 2, 14.96
1632200655, 0, 2, 1404, 1403, 80, 14.99%, 3, 0, 2, 19.57
1632200666, 0, 2, 1405, 1404, 80, 14.99%, 3, 0, 2, 16.70
1632200712, 0, 2, 1406, 1405, 80, 14.99%, 3, 0, 2, 16.56
1632200732, 0, 2, 1408, 1407, 80, 14.99%, 3, 0, 2, 19.44
1632200738, 0, 2, 1409, 1408, 80, 14.99%, 3, 0, 2, 22.03
1632200778, 0, 2, 1410, 1409, 80, 14.99%, 3, 0, 2, 17.00
1632200794, 0, 2, 1411, 1410, 80, 14.99%, 3, 0, 2, 15.37
1632201799, 0, 2, 1412, 1411, 80, 14.99%, 3, 0, 2, 12.94
1632201946, 0, 2, 1413, 1412, 80, 14.99%, 3, 0, 2, 12.93
1632203261, 0, 2, 1414, 1413, 80, 14.99%, 3, 0, 2, 12.98
1632203663, 0, 2, 1415, 1414, 80, 14.99%, 3, 0, 2, 12.94
1632203689, 0, 2, 1416, 1415, 80, 14.99%, 3, 0, 2, 13.00
1632204086, 0, 2, 1417, 1416, 80, 14.99%, 3, 0, 2, 22.84
1632204091, 0, 2, 1420, 1419, 80, 14.99%, 3, 0, 2, 22.65
1632204137, 0, 2, 1421, 1420, 80, 14.99%, 3, 0, 2, 22.08
1632204198, 0, 2, 1422, 1421, 80, 14.99%, 3, 0, 2, 15.54
1632205269, 0, 2, 1423, 1422, 80, 14.99%, 3, 0, 2, 15.99
1632205284, 0, 2, 1424, 1423, 80, 14.99%, 3, 0, 2, 17.95
1632205570, 0, 2, 1425, 1424, 80, 14.99%, 3, 0, 2, 15.80
1632205855, 0, 2, 1426, 1425, 80, 14.99%, 3, 0, 2, 13.08
1632205896, 0, 2, 1427, 1426, 80, 15.00%, 3, 0, 2, 13.23
1632206074, 0, 2, 1428, 1427, 80, 15.00%, 3, 0, 2, 24.81
1632206100, 0, 2, 1429, 1428, 80, 15.01%, 3, 0, 2, 21.86
1632206166, 0, 2, 1430, 1429, 80, 15.01%, 3, 0, 2, 13.06
1632207580, 0, 2, 1431, 1430, 80, 15.01%, 3, 0, 2, 23.50
1632208372, 0, 2, 1432, 1431, 80, 15.01%, 3, 0, 2, 20.21
1632209082, 0, 2, 1433, 1432, 80, 15.01%, 3, 0, 2, 17.24
1632209118, 0, 2, 1434, 1433, 80, 15.01%, 3, 0, 2, 23.43
1632209832, 0, 2, 1436, 1435, 80, 15.01%, 3, 0, 2, 23.22
1632209837, 0, 2, 1438, 1437, 80, 15.10%, 3, 0, 2, 23.24
1632209842, 0, 2, 1440, 1439, 80, 15.12%, 3, 0, 2, 23.03
1632209852, 0, 2, 1441, 1440, 80, 15.13%, 3, 0, 2, 22.70
1632209868, 0, 2, 1442, 1441, 80, 15.13%, 3, 0, 2, 23.06
1632209888, 0, 2, 1443, 1442, 80, 15.14%, 3, 0, 2, 23.16
1632209914, 0, 2, 1444, 1443, 80, 15.14%, 3, 0, 2, 23.03
1632209945, 0, 2, 1445, 1444, 80, 15.14%, 3, 0, 2, 23.26
1632209965, 0, 2, 1446, 1445, 80, 15.14%, 3, 0, 2, 23.28
1632210093, 0, 2, 1447, 1446, 80, 15.14%, 3, 0, 2, 14.29
1632210129, 0, 2, 1448, 1447, 80, 15.14%, 3, 0, 2, 13.65
1632210139, 0, 2, 1449, 1448, 80, 15.14%, 3, 0, 2, 14.95
1632210293, 0, 2, 1450, 1449, 80, 15.14%, 3, 0, 2, 13.80
1632210339, 0, 2, 1451, 1450, 80, 15.14%, 3, 0, 2, 13.10
1632210401, 0, 2, 1452, 1451, 80, 15.14%, 3, 0, 2, 13.00
1632212172, 0, 2, 1453, 1452, 80, 15.14%, 3, 0, 2, 15.19
1632212341, 0, 2, 1454, 1453, 80, 15.14%, 3, 0, 2, 13.73
1632213110, 0, 2, 1455, 1454, 80, 15.14%, 3, 0, 2, 15.02
1632213151, 0, 2, 1456, 1455, 80, 15.14%, 3, 0, 2, 14.76
1632213167, 0, 2, 1457, 1456, 80, 15.14%, 3, 0, 2, 15.22
1632213177, 0, 2, 1459, 1458, 80, 15.14%, 3, 0, 2, 18.12
1632213781, 0, 2, 1460, 1459, 80, 15.14%, 3, 0, 2, 12.91
1632215953, 0, 2, 1461, 1460, 80, 15.14%, 3, 0, 2, 23.35
1632217702, 0, 2, 1462, 1461, 80, 15.14%, 3, 0, 2, 25.86
1632217753, 0, 2, 1463, 1462, 80, 15.14%, 3, 0, 2, 23.60
1632218810, 0, 2, 1464, 1463, 80, 15.14%, 3, 0, 2, 23.67
1632218815, 0, 2, 1472, 1471, 80, 15.15%, 3, 0, 2, 22.96
1632218856, 0, 2, 1473, 1472, 80, 15.15%, 3, 0, 2, 23.08
1632218861, 0, 2, 1474, 1473, 80, 15.15%, 3, 0, 2, 23.16
1632218979, 0, 2, 1475, 1474, 80, 15.15%, 3, 0, 2, 23.39
1632218985, 0, 2, 1476, 1475, 80, 15.15%, 3, 0, 2, 23.32
1632219016, 0, 2, 1477, 1476, 80, 15.15%, 3, 0, 2, 23.11
1632219036, 0, 2, 1478, 1477, 80, 15.15%, 3, 0, 2, 22.01
1632219158, 0, 2, 1479, 1478, 80, 15.15%, 3, 0, 2, 22.99
1632219173, 0, 2, 1480, 1479, 80, 15.16%, 3, 0, 2, 20.92
1632219184, 0, 2, 1481, 1480, 80, 15.16%, 3, 0, 2, 20.52
1632219249, 0, 2, 1482, 1481, 80, 15.16%, 3, 0, 2, 16.43
1632219280, 0, 2, 1483, 1482, 80, 15.16%, 3, 0, 2, 16.43
1632219285, 0, 2, 1486, 1485, 80, 15.16%, 3, 0, 2, 17.61
1632219296, 0, 2, 1487, 1486, 80, 15.16%, 3, 0, 2, 14.74
1632219819, 0, 2, 1488, 1487, 80, 15.16%, 3, 0, 2, 14.30
1632221295, 0, 2, 1489, 1488, 80, 15.16%, 3, 0, 2, 14.05
1632221495, 0, 2, 1490, 1489, 80, 15.16%, 3, 0, 2, 14.71
1632221751, 0, 2, 1491, 1490, 80, 15.16%, 3, 0, 2, 14.91
1632221756, 0, 2, 1492, 1491, 80, 15.16%, 3, 0, 2, 14.25
1632222432, 0, 2, 1493, 1492, 80, 15.16%, 3, 0, 2, 15.55
1632222539, 0, 2, 1494, 1493, 80, 15.16%, 3, 0, 2, 15.53
1632223506, 0, 2, 1495, 1494, 80, 15.16%, 3, 0, 2, 19.10
1632223511, 0, 2, 1496, 1495, 80, 15.16%, 3, 0, 2, 21.71
1632223516, 0, 2, 1497, 1496, 80, 15.16%, 3, 0, 2, 18.86
1632224525, 0, 2, 1499, 1498, 80, 15.16%, 3, 0, 2, 12.94
1632224530, 0, 2, 1502, 1501, 80, 15.16%, 3, 0, 2, 12.88
1632224638, 0, 2, 1504, 1503, 80, 15.16%, 3, 0, 2, 13.03
1632225992, 0, 2, 1505, 1504, 80, 15.16%, 3, 0, 2, 12.83
1632226543, 0, 2, 1506, 1505, 80, 15.16%, 3, 0, 2, 15.18
1632226645, 0, 2, 1507, 1506, 80, 15.16%, 3, 0, 2, 14.46
1632226655, 0, 2, 1508, 1507, 80, 15.16%, 3, 0, 2, 15.60
1632226680, 0, 2, 1509, 1508, 80, 15.16%, 3, 0, 2, 23.99
1632226686, 0, 2, 1510, 1509, 80, 15.17%, 3, 0, 2, 24.04
1632226958, 0, 2, 1511, 1510, 80, 15.17%, 3, 0, 2, 13.36
1632226983, 0, 2, 1512, 1511, 80, 15.17%, 3, 0, 2, 13.66
1632227091, 0, 2, 1513, 1512, 80, 15.17%, 3, 0, 2, 13.57
1632227311, 0, 2, 1514, 1513, 80, 15.17%, 3, 0, 2, 16.05
1632227346, 0, 2, 1516, 1515, 80, 15.17%, 3, 0, 2, 24.98
1632227362, 0, 2, 1517, 1516, 80, 15.17%, 3, 0, 2, 24.21
1632227372, 0, 2, 1518, 1517, 80, 15.17%, 3, 0, 2, 23.26
1632227408, 0, 2, 1519, 1518, 80, 15.17%, 3, 0, 2, 14.82
1632227647, 0, 2, 1520, 1519, 80, 15.17%, 3, 0, 2, 13.10
1632227860, 0, 2, 1521, 1520, 80, 15.17%, 3, 0, 2, 23.65
1632227931, 0, 2, 1522, 1521, 80, 15.17%, 3, 0, 2, 14.39
1632228003, 0, 2, 1523, 1522, 80, 15.17%, 3, 0, 2, 13.44
1632228137, 0, 2, 1524, 1523, 80, 15.17%, 3, 0, 2, 21.42
1632228355, 0, 2, 1525, 1524, 80, 15.17%, 3, 0, 2, 24.23
1632228604, 0, 2, 1526, 1525, 80, 15.19%, 3, 0, 2, 13.09
1632228670, 0, 2, 1527, 1526, 80, 15.19%, 3, 0, 2, 13.27
1632228935, 0, 2, 1528, 1527, 80, 15.19%, 3, 0, 2, 13.12
1632229342, 0, 2, 1529, 1528, 80, 15.19%, 3, 0, 2, 14.24
1632229490, 0, 2, 1530, 1529, 80, 15.19%, 3, 0, 2, 23.71
1632230004, 0, 2, 1531, 1530, 80, 15.19%, 3, 0, 2, 13.99
1632230009, 0, 2, 1532, 1531, 80, 15.19%, 3, 0, 2, 15.80
1632230045, 0, 2, 1533, 1532, 80, 15.19%, 3, 0, 2, 13.40
1632230482, 0, 2, 1534, 1533, 80, 15.19%, 3, 0, 2, 23.77
1632230568, 0, 2, 1535, 1534, 80, 15.19%, 3, 0, 2, 23.39
1632230640, 0, 2, 1537, 1536, 80, 15.20%, 3, 0, 2, 23.46
1632230645, 0, 2, 1540, 1539, 80, 15.20%, 3, 0, 2, 23.27
1632230650, 0, 2, 1543, 1542, 80, 15.32%, 3, 0, 2, 23.35
1632230660, 0, 2, 1545, 1544, 80, 15.34%, 3, 0, 2, 22.22
1632230666, 0, 2, 1546, 1545, 80, 15.34%, 3, 0, 2, 22.51
1632230671, 0, 2, 1548, 1547, 80, 15.34%, 3, 0, 2, 22.45
1632230702, 0, 2, 1549, 1548, 80, 15.34%, 3, 0, 2, 22.24
1632230707, 0, 2, 1550, 1549, 80, 15.34%, 3, 0, 2, 22.03
1632230722, 0, 2, 1551, 1550, 80, 15.34%, 3, 0, 2, 22.17
1632230732, 0, 2, 1552, 1551, 80, 15.34%, 3, 0, 2, 22.31
1632230738, 0, 2, 1554, 1553, 80, 15.34%, 3, 0, 2, 21.95
1632230825, 0, 2, 1555, 1554, 80, 15.34%, 3, 0, 2, 22.43
1632230902, 0, 2, 1556, 1555, 80, 15.34%, 3, 0, 2, 22.63
1632230907, 0, 2, 1557, 1556, 80, 15.34%, 3, 0, 2, 22.08
1632230912, 0, 2, 1558, 1557, 80, 15.34%, 3, 0, 2, 21.51
1632230922, 0, 2, 1559, 1558, 80, 15.34%, 3, 0, 2, 22.62
1632231055, 0, 2, 1560, 1559, 80, 15.34%, 3, 0, 2, 22.85
1632231065, 0, 2, 1561, 1560, 80, 15.34%, 3, 0, 2, 22.28
1632231111, 0, 2, 1562, 1561, 80, 15.34%, 3, 0, 2, 14.13
1632231142, 0, 2, 1563, 1562, 80, 15.34%, 3, 0, 2, 14.60
1632231168, 0, 2, 1564, 1563, 80, 15.34%, 3, 0, 2, 14.12
1632231183, 0, 2, 1565, 1564, 80, 15.34%, 3, 0, 2, 14.09
1632231213, 0, 2, 1566, 1565, 80, 15.34%, 3, 0, 2, 13.77
1632231478, 0, 2, 1567, 1566, 80, 15.34%, 3, 0, 2, 13.11
1632234028, 0, 2, 1568, 1567, 80, 15.34%, 3, 0, 2, 13.33
1632234314, 0, 2, 1569, 1568, 80, 15.34%, 3, 0, 2, 13.45
1632235013, 0, 2, 1570, 1569, 80, 15.34%, 3, 0, 2, 13.13
1632236661, 0, 2, 1571, 1570, 80, 15.34%, 3, 0, 2, 18.48
1632236717, 0, 2, 1572, 1571, 80, 15.34%, 3, 0, 2, 23.79
1632236737, 0, 2, 1573, 1572, 80, 15.34%, 3, 0, 2, 18.80
1632236809, 0, 2, 1574, 1573, 80, 15.34%, 3, 0, 2, 18.63
1632237276, 0, 2, 1575, 1574, 80, 15.34%, 3, 0, 2, 13.04
1632238553, 0, 2, 1576, 1575, 80, 15.34%, 3, 0, 2, 13.02
1632238578, 0, 2, 1577, 1576, 80, 15.34%, 3, 0, 2, 13.06
1632239397, 0, 2, 1578, 1577, 80, 15.34%, 3, 0, 2, 13.24
1632239402, 0, 2, 1579, 1578, 80, 15.34%, 3, 0, 2, 13.26
1632239427, 0, 2, 1585, 1584, 80, 15.34%, 3, 0, 2, 19.81
1632239432, 0, 2, 1591, 1590, 80, 15.34%, 3, 0, 2, 20.87
1632239438, 0, 2, 1598, 1597, 80, 15.37%, 3, 0, 2, 20.85
1632239443, 0, 2, 1600, 1599, 80, 15.37%, 3, 0, 2, 20.57
1632239448, 0, 2, 1603, 1602, 80, 15.37%, 3, 0, 2, 20.24
1632239453, 0, 2, 1607, 1606, 80, 15.38%, 3, 0, 2, 19.88
1632239458, 0, 2, 1611, 1610, 80, 15.38%, 3, 0, 2, 20.95
1632239463, 0, 2, 1614, 1613, 80, 15.38%, 4, 0, 2, 20.72
1632239468, 0, 2, 1615, 1614, 80, 15.38%, 4, 0, 2, 20.69
1632239474, 0, 2, 1620, 1619, 80, 15.38%, 4, 0, 2, 21.29
1632239479, 0, 2, 1624, 1623, 80, 15.38%, 4, 0, 2, 19.90
1632239484, 0, 2, 1628, 1627, 80, 15.38%, 4, 0, 2, 19.99
1632239489, 0, 2, 1630, 1629, 80, 15.38%, 4, 0, 2, 20.54
1632239494, 0, 2, 1634, 1633, 80, 15.38%, 4, 0, 2, 20.96
1632239499, 0, 2, 1635, 1634, 80, 15.38%, 4, 0, 2, 20.36
1632239504, 0, 2, 1637, 1636, 80, 15.39%, 4, 0, 2, 19.91
1632239509, 0, 2, 1640, 1639, 80, 15.39%, 4, 0, 2, 19.47
1632239514, 0, 2, 1647, 1646, 80, 15.39%, 4, 0, 2, 20.78
1632239519, 0, 2, 1651, 1650, 80, 15.39%, 4, 0, 2, 19.39
1632239524, 0, 2, 1654, 1653, 80, 15.40%, 4, 0, 2, 20.64
1632239529, 0, 2, 1658, 1657, 80, 15.40%, 4, 0, 2, 20.88
1632239540, 0, 2, 1660, 1659, 80, 15.40%, 4, 0, 2, 20.08
1632239545, 0, 2, 1662, 1661, 80, 15.40%, 4, 0, 2, 20.18
1632239550, 0, 2, 1666, 1665, 80, 15.41%, 4, 0, 2, 19.33
1632239555, 0, 2, 1669, 1668, 80, 15.41%, 4, 0, 2, 20.89
1632239560, 0, 2, 1673, 1672, 80, 15.42%, 4, 0, 2, 21.76
1632239565, 0, 2, 1675, 1674, 80, 15.42%, 4, 0, 2, 20.20
1632239575, 0, 2, 1678, 1677, 80, 15.42%, 4, 0, 2, 21.25
1632239580, 0, 2, 1679, 1678, 80, 15.42%, 4, 0, 2, 20.17
1632239585, 0, 2, 1681, 1680, 80, 15.42%, 4, 0, 2, 20.31
1632239591, 0, 3, 1681, 1679, 296, 15.42%, 4, 0, 2, 22.94
1632239657, 0, 3, 1682, 1680, 296, 15.42%, 4, 0, 2, 23.28
1632239708, 0, 3, 1684, 1682, 296, 15.42%, 4, 0, 2, 23.75
1632239713, 0, 3, 1685, 1683, 296, 15.42%, 4, 0, 2, 23.62
1632239723, 0, 3, 1686, 1684, 296, 15.43%, 4, 0, 2, 23.53
1632239779, 0, 3, 1688, 1686, 296, 15.43%, 4, 0, 2, 23.46
1632240111, 0, 3, 1689, 1687, 296, 15.43%, 4, 0, 2, 23.63
1632240116, 0, 3, 1691, 1689, 296, 15.44%, 4, 0, 2, 23.75
1632240121, 0, 3, 1693, 1691, 296, 15.44%, 4, 0, 2, 23.97
1632240126, 0, 3, 1698, 1696, 296, 15.47%, 4, 0, 2, 23.88
1632240131, 0, 3, 1705, 1703, 296, 15.48%, 4, 0, 2, 24.36
1632240137, 0, 3, 1709, 1707, 296, 15.49%, 4, 0, 2, 23.85
1632240142, 0, 3, 1710, 1708, 296, 15.50%, 4, 0, 2, 23.68
1632240147, 0, 3, 1711, 1709, 296, 15.50%, 4, 0, 2, 23.63
1632240152, 0, 3, 1714, 1712, 296, 15.50%, 4, 0, 2, 23.55
1632240157, 0, 3, 1717, 1715, 296, 15.53%, 4, 0, 2, 23.15
1632240162, 0, 3, 1723, 1721, 296, 15.53%, 4, 0, 2, 23.52
1632240167, 0, 3, 1730, 1728, 296, 15.54%, 4, 0, 2, 23.65
1632240172, 0, 3, 1735, 1733, 296, 15.54%, 4, 0, 2, 23.48
1632240177, 0, 3, 1741, 1739, 296, 15.54%, 4, 0, 2, 23.41
1632240183, 0, 3, 1747, 1745, 296, 15.55%, 4, 0, 2, 23.44
1632240188, 0, 3, 1751, 1749, 296, 15.55%, 4, 0, 2, 23.42
1632240193, 0, 3, 1753, 1751, 296, 15.55%, 4, 0, 2, 23.41
1632240198, 0, 3, 1754, 1752, 296, 15.55%, 4, 0, 2, 23.52
1632240203, 0, 3, 1755, 1753, 296, 15.55%, 4, 0, 2, 23.47
1632240208, 0, 3, 1758, 1756, 296, 15.55%, 4, 0, 2, 23.19
1632240213, 0, 3, 1760, 1758, 296, 15.55%, 4, 0, 2, 22.87
1632240218, 0, 3, 1761, 1759, 296, 15.55%, 4, 0, 2, 23.80
1632240223, 0, 3, 1762, 1760, 296, 15.55%, 4, 0, 2, 23.62
1632240228, 0, 3, 1763, 1761, 296, 15.55%, 4, 0, 2, 23.97
1632240234, 0, 3, 1771, 1769, 296, 15.60%, 4, 0, 2, 23.63
1632240239, 0, 3, 1779, 1777, 296, 15.62%, 4, 0, 2, 23.52
1632240244, 0, 3, 1783, 1781, 296, 15.62%, 4, 0, 2, 23.28
1632240249, 0, 3, 1788, 1786, 296, 15.64%, 4, 0, 2, 23.34
1632240254, 0, 3, 1792, 1790, 296, 15.66%, 4, 0, 2, 23.36
1632240259, 0, 3, 1797, 1795, 296, 15.67%, 4, 0, 2, 23.64
1632240264, 0, 3, 1800, 1798, 296, 15.67%, 4, 0, 2, 23.48
1632240270, 0, 3, 1801, 1799, 296, 15.67%, 4, 0, 2, 23.41
1632240275, 0, 3, 1803, 1801, 296, 15.67%, 4, 0, 2, 23.42
1632240280, 0, 3, 1805, 1803, 296, 15.67%, 4, 0, 2, 23.44
1632240285, 0, 3, 1806, 1804, 296, 15.67%, 4, 0, 2, 23.48
1632240290, 0, 3, 1807, 1805, 296, 15.67%, 4, 0, 2, 23.55
1632240305, 0, 3, 1808, 1806, 296, 15.67%, 4, 0, 2, 23.42
1632240310, 0, 3, 1809, 1807, 296, 15.67%, 4, 0, 2, 23.45
1632240316, 0, 3, 1810, 1808, 296, 15.67%, 4, 0, 2, 23.51
1632240326, 0, 3, 1811, 1809, 296, 15.67%, 4, 0, 2, 23.89
1632240331, 0, 3, 1812, 1810, 296, 15.67%, 4, 0, 2, 23.34
1632240371, 0, 3, 1813, 1811, 296, 15.67%, 4, 0, 2, 23.97
1632240402, 0, 3, 1816, 1814, 296, 15.67%, 4, 0, 2, 23.74
1632240412, 0, 3, 1817, 1815, 296, 15.67%, 4, 0, 2, 23.81
1632240417, 0, 3, 1818, 1816, 296, 15.67%, 4, 0, 2, 24.80
1632240422, 0, 3, 1820, 1818, 296, 15.67%, 4, 0, 2, 24.00
1632240427, 0, 3, 1827, 1825, 296, 15.72%, 4, 0, 2, 23.81
1632240432, 0, 3, 1832, 1830, 296, 15.73%, 4, 0, 2, 23.83
1632240437, 0, 3, 1836, 1834, 296, 15.73%, 4, 0, 2, 23.83
1632240442, 0, 3, 1840, 1838, 296, 15.74%, 4, 0, 2, 23.57
1632240447, 0, 3, 1844, 1842, 296, 15.76%, 4, 0, 2, 23.51
1632240453, 0, 3, 1847, 1845, 296, 15.77%, 4, 0, 2, 23.56
1632240458, 0, 3, 1851, 1849, 296, 15.77%, 4, 0, 2, 23.45
1632240468, 0, 3, 1852, 1850, 296, 15.78%, 4, 0, 2, 23.87
1632240483, 0, 3, 1855, 1853, 296, 15.79%, 4, 0, 2, 23.63
1632240488, 0, 3, 1857, 1855, 296, 15.79%, 4, 0, 2, 23.87
1632240493, 0, 3, 1859, 1857, 296, 15.79%, 4, 0, 2, 23.73
1632240509, 0, 3, 1860, 1858, 296, 15.81%, 4, 0, 2, 23.51
1632240529, 0, 3, 1862, 1860, 296, 15.84%, 4, 0, 2, 23.39
1632240534, 0, 3, 1866, 1864, 296, 15.86%, 4, 0, 2, 23.77
1632240539, 0, 3, 1868, 1866, 296, 15.86%, 4, 0, 2, 23.49
1632240544, 0, 3, 1869, 1867, 296, 15.86%, 4, 0, 2, 23.70
1632240555, 0, 3, 1870, 1868, 296, 15.86%, 4, 0, 2, 24.40
1632240565, 0, 3, 1873, 1871, 296, 15.86%, 4, 0, 2, 24.23
1632240621, 0, 3, 1874, 1872, 296, 15.86%, 4, 0, 2, 25.13
1632240651, 0, 3, 1875, 1873, 296, 15.86%, 4, 0, 2, 25.62
1632240810, 0, 3, 1876, 1874, 296, 15.86%, 4, 0, 2, 23.65
1632240861, 0, 3, 1877, 1875, 296, 15.86%, 4, 0, 2, 24.05
1632240867, 0, 3, 1878, 1876, 296, 15.87%, 4, 0, 2, 24.41
1632241203, 0, 3, 1879, 1877, 296, 15.88%, 4, 0, 2, 24.03
1632241223, 0, 3, 1880, 1878, 296, 15.88%, 4, 0, 2, 23.74
1632241228, 0, 3, 1881, 1879, 296, 15.89%, 4, 0, 2, 23.71
1632241233, 0, 3, 1882, 1880, 296, 15.89%, 4, 0, 2, 23.72
1632241243, 0, 3, 1884, 1882, 296, 15.90%, 4, 0, 2, 23.65
1632241269, 0, 3, 1885, 1883, 296, 15.91%, 4, 0, 2, 23.31
1632241289, 0, 3, 1886, 1884, 296, 15.91%, 4, 0, 2, 23.86
1632241294, 0, 3, 1892, 1890, 296, 15.92%, 4, 0, 2, 23.62
1632241299, 0, 3, 1894, 1892, 296, 15.92%, 4, 0, 2, 23.45
1632241304, 0, 3, 1895, 1893, 296, 15.93%, 4, 0, 2, 23.50
1632241309, 0, 3, 1896, 1894, 296, 15.93%, 4, 0, 2, 23.57
1632241314, 0, 3, 1897, 1895, 296, 15.94%, 4, 0, 2, 23.56
1632241468, 0, 3, 1899, 1897, 296, 15.94%, 4, 0, 2, 25.09
1632241473, 0, 3, 1901, 1899, 296, 15.94%, 4, 0, 2, 23.83
1632241529, 0, 3, 1902, 1900, 296, 15.94%, 4, 0, 2, 24.82
1632241759, 0, 3, 1903, 1901, 296, 15.95%, 4, 0, 2, 23.46
1632241815, 0, 3, 1904, 1902, 296, 15.95%, 4, 0, 2, 23.52
1632242223, 0, 3, 1905, 1903, 296, 15.95%, 4, 0, 2, 23.86
1632242228, 0, 3, 1906, 1904, 296, 15.96%, 4, 0, 2, 23.63
1632242254, 0, 3, 1907, 1905, 296, 15.96%, 4, 0, 2, 23.74
1632242274, 0, 3, 1908, 1906, 296, 15.96%, 4, 0, 2, 23.73
1632242315, 0, 3, 1909, 1907, 296, 15.96%, 4, 0, 2, 23.80
1632242320, 0, 3, 1910, 1908, 296, 15.97%, 4, 0, 2, 23.60
1632242325, 0, 3, 1911, 1909, 296, 15.97%, 4, 0, 2, 23.50
1632242498, 0, 3, 1913, 1911, 296, 15.97%, 4, 0, 2, 23.87
1632242503, 0, 3, 1915, 1913, 296, 15.98%, 4, 0, 2, 23.96
1632242615, 0, 3, 1917, 1915, 296, 15.98%, 4, 0, 2, 24.01
1632243009, 0, 3, 1918, 1916, 296, 15.98%, 4, 0, 2, 23.66
1632243020, 0, 3, 1919, 1917, 296, 15.98%, 4, 0, 2, 23.79
1632243025, 0, 3, 1921, 1919, 296, 15.98%, 4, 0, 2, 23.74
1632243050, 0, 3, 1923, 1921, 296, 15.98%, 4, 0, 2, 24.01
1632243414, 0, 3, 1924, 1922, 296, 15.98%, 4, 0, 2, 23.41
1632243772, 0, 3, 1925, 1923, 296, 15.98%, 4, 0, 2, 23.54
1632243996, 0, 3, 1926, 1924, 296, 15.98%, 4, 0, 2, 23.52
1632244017, 0, 3, 1927, 1925, 296, 15.98%, 4, 0, 2, 23.78
1632244379, 0, 3, 1929, 1927, 296, 15.99%, 4, 0, 2, 24.15
1632244389, 0, 3, 1931, 1929, 296, 15.99%, 4, 0, 2, 23.68
1632244400, 0, 3, 1932, 1930, 296, 15.99%, 4, 0, 2, 23.52
1632244405, 0, 3, 1934, 1932, 296, 15.99%, 4, 0, 2, 23.46
1632244415, 0, 3, 1935, 1933, 296, 15.99%, 4, 0, 2, 23.73
1632244430, 0, 3, 1936, 1934, 296, 15.99%, 4, 0, 2, 25.29
1632244435, 0, 3, 1938, 1936, 296, 15.99%, 4, 0, 2, 24.15
1632244446, 0, 3, 1940, 1938, 296, 15.99%, 4, 0, 2, 23.52
1632244451, 0, 3, 1941, 1939, 296, 16.00%, 4, 0, 2, 23.45
1632244691, 0, 3, 1942, 1940, 296, 16.01%, 4, 0, 2, 24.88
1632244747, 0, 3, 1944, 1942, 296, 16.01%, 4, 0, 2, 24.17
1632244778, 0, 3, 1946, 1944, 296, 16.03%, 4, 0, 2, 24.73
1632244783, 0, 3, 1948, 1946, 296, 16.03%, 4, 0, 2, 24.23
1632244788, 0, 3, 1949, 1947, 296, 16.03%, 4, 0, 2, 23.66
1632244793, 0, 3, 1951, 1949, 296, 16.04%, 4, 0, 2, 25.44
1632244798, 0, 3, 1955, 1953, 296, 16.06%, 4, 0, 2, 24.02
1632244808, 0, 3, 1957, 1955, 296, 16.06%, 4, 0, 2, 23.28
1632244814, 0, 3, 1959, 1957, 296, 16.07%, 4, 0, 2, 23.60
1632244824, 0, 3, 1962, 1960, 296, 16.08%, 4, 0, 2, 24.04
1632244829, 0, 3, 1964, 1962, 296, 16.08%, 4, 0, 2, 23.97
1632244839, 0, 3, 1966, 1964, 296, 16.09%, 4, 0, 2, 24.47
1632244865, 0, 3, 1969, 1967, 296, 16.10%, 4, 0, 2, 25.53
1632244875, 0, 3, 1973, 1971, 296, 16.11%, 4, 0, 2, 23.90
1632244890, 0, 3, 1975, 1973, 296, 16.12%, 4, 0, 2, 23.64
1632244911, 0, 3, 1977, 1975, 296, 16.12%, 4, 0, 2, 24.01
1632244936, 0, 3, 1980, 1978, 296, 16.12%, 4, 0, 2, 23.58
1632244946, 0, 3, 1982, 1980, 296, 16.12%, 4, 0, 2, 23.50
1632244962, 0, 3, 1983, 1981, 296, 16.12%, 4, 0, 2, 26.33
1632244982, 0, 3, 1984, 1982, 296, 16.12%, 4, 0, 2, 23.50
1632244987, 0, 3, 1985, 1983, 296, 16.12%, 4, 0, 2, 23.82
1632245033, 0, 3, 1987, 1985, 296, 16.12%, 4, 0, 2, 23.79
1632245054, 0, 3, 1988, 1986, 296, 16.12%, 4, 0, 2, 23.98
1632245176, 0, 3, 1989, 1987, 296, 16.12%, 4, 0, 2, 23.17
1632245258, 0, 3, 1990, 1988, 296, 16.12%, 4, 0, 2, 23.68
1632245283, 0, 3, 1991, 1989, 296, 16.12%, 4, 0, 2, 23.47
1632245544, 0, 3, 1992, 1990, 296, 16.12%, 4, 0, 2, 23.27
1632245753, 0, 3, 1993, 1991, 296, 16.12%, 4, 0, 2, 23.55
1632245779, 0, 3, 1994, 1992, 296, 16.12%, 4, 0, 2, 23.71
1632245799, 0, 3, 1995, 1993, 296, 16.12%, 4, 0, 2, 23.56
1632245850, 0, 3, 1996, 1994, 296, 16.12%, 4, 0, 2, 23.82
1632245991, 0, 3, 1998, 1996, 296, 16.12%, 4, 0, 2, 24.02
1632245996, 0, 3, 1999, 1997, 296, 16.13%, 4, 0, 2, 23.83
1632246001, 0, 3, 2001, 1999, 296, 16.13%, 4, 0, 2, 23.84
1632246052, 0, 3, 2003, 2001, 296, 16.13%, 4, 0, 2, 24.14
1632246077, 0, 3, 2004, 2002, 296, 16.15%, 4, 0, 2, 23.96
1632246088, 0, 3, 2006, 2004, 296, 16.15%, 4, 0, 2, 23.86
1632246098, 0, 3, 2009, 2007, 296, 16.16%, 4, 0, 2, 23.83
1632246123, 0, 3, 2010, 2008, 296, 16.16%, 4, 0, 2, 23.81
1632246138, 0, 3, 2012, 2010, 296, 16.16%, 4, 0, 2, 23.72
1632246271, 0, 3, 2013, 2011, 296, 16.16%, 4, 0, 2, 24.27
1632246342, 0, 3, 2014, 2012, 296, 16.16%, 4, 0, 2, 23.97
1632246601, 0, 3, 2015, 2013, 296, 16.16%, 4, 0, 2, 23.80
1632246611, 0, 3, 2016, 2014, 296, 16.16%, 4, 0, 2, 23.92
1632246749, 0, 3, 2017, 2015, 296, 16.16%, 4, 0, 2, 24.54
1632246933, 0, 3, 2018, 2016, 296, 16.16%, 4, 0, 2, 25.54
