# unix_time, cycles_done, cur_path, paths_total, pending_total, pending_favs, map_size, unique_crashes, unique_hangs, max_depth, execs_per_sec
1631556160, 0, 0, 1, 1, 1, 4.64%, 0, 0, 1, 2.39
1631556181, 0, 0, 4, 4, 1, 4.68%, 0, 0, 2, 2.32
1631556212, 0, 0, 6, 6, 1, 4.70%, 0, 0, 2, 1.22
1631556224, 0, 0, 7, 7, 1, 4.70%, 0, 0, 2, 1.23
1631556235, 0, 0, 8, 8, 1, 4.70%, 0, 0, 2, 1.23
1631556241, 0, 0, 9, 9, 1, 4.70%, 0, 0, 2, 1.23
1631556247, 0, 0, 10, 10, 1, 4.70%, 0, 0, 2, 1.41
1631556253, 0, 0, 11, 11, 1, 4.70%, 0, 0, 2, 8.99
1631556264, 0, 0, 12, 12, 1, 4.70%, 0, 0, 2, 1.22
1631556270, 0, 0, 13, 13, 1, 4.70%, 0, 0, 2, 1.22
1631556281, 0, 0, 14, 14, 1, 4.70%, 0, 0, 2, 1.22
1631556287, 0, 0, 15, 15, 1, 4.70%, 0, 0, 2, 1.21
1631556293, 0, 0, 16, 16, 1, 4.70%, 0, 0, 2, 1.21
1631556298, 0, 0, 17, 17, 1, 4.70%, 0, 0, 2, 1.22
1631556310, 0, 0, 18, 18, 1, 4.70%, 0, 0, 2, 1.22
1631556316, 0, 0, 19, 19, 1, 4.70%, 0, 0, 2, 1.22
1631556321, 0, 0, 20, 20, 1, 4.70%, 0, 0, 2, 1.23
1631556332, 0, 0, 21, 21, 1, 4.70%, 0, 0, 2, 1.23
1631556338, 0, 0, 22, 22, 1, 4.70%, 0, 0, 2, 1.23
1631556344, 0, 0, 23, 23, 1, 4.70%, 0, 0, 2, 1.23
1631556355, 0, 0, 24, 24, 1, 4.70%, 0, 0, 2, 1.23
1631556360, 0, 0, 25, 25, 1, 4.70%, 0, 0, 2, 1.23
1631556372, 0, 0, 26, 26, 1, 4.70%, 0, 0, 2, 1.22
1631556378, 0, 0, 27, 27, 1, 4.70%, 0, 0, 2, 1.22
1631556383, 0, 0, 28, 28, 1, 4.70%, 0, 0, 2, 1.22
1631556389, 0, 0, 29, 29, 1, 4.70%, 0, 0, 2, 1.23
1631556400, 0, 0, 30, 30, 1, 4.70%, 0, 0, 2, 1.23
1631556406, 0, 0, 31, 31, 1, 4.70%, 0, 0, 2, 1.41
1631556411, 0, 0, 32, 32, 1, 4.70%, 0, 0, 2, 14.71
1631556423, 0, 0, 33, 33, 1, 4.70%, 0, 0, 2, 1.22
1631556430, 0, 0, 34, 34, 1, 4.70%, 0, 0, 2, 1.12
1631556442, 0, 0, 35, 35, 1, 4.70%, 0, 0, 2, 1.07
1631556447, 0, 0, 36, 36, 1, 4.70%, 0, 0, 2, 1.13
1631556458, 0, 0, 37, 37, 1, 4.70%, 0, 0, 2, 1.16
1631556464, 0, 0, 38, 38, 1, 4.70%, 0, 0, 2, 2.08
1631556474, 0, 0, 39, 39, 1, 4.70%, 0, 0, 2, 1.10
1631556480, 0, 0, 40, 40, 1, 4.70%, 0, 0, 2, 1.09
1631556491, 0, 0, 41, 41, 1, 4.70%, 0, 0, 2, 1.28
1631556497, 0, 0, 42, 42, 1, 4.70%, 0, 0, 2, 1.22
1631556507, 0, 0, 43, 43, 1, 4.70%, 0, 0, 2, 1.15
1631556513, 0, 0, 44, 44, 1, 4.70%, 0, 0, 2, 1.13
1631556524, 0, 0, 45, 45, 1, 4.70%, 0, 0, 2, 1.09
1631556530, 0, 0, 46, 46, 1, 4.70%, 0, 0, 2, 1.09
1631556541, 0, 0, 47, 47, 1, 4.70%, 0, 0, 2, 1.18
1631556547, 0, 0, 48, 48, 1, 4.70%, 0, 0, 2, 1.15
1631556558, 0, 0, 49, 49, 1, 4.70%, 0, 0, 2, 1.09
1631556563, 0, 0, 50, 50, 1, 4.70%, 0, 0, 2, 1.09
1631556574, 0, 0, 51, 51, 1, 4.70%, 0, 0, 2, 1.14
1631556580, 0, 0, 52, 52, 1, 4.70%, 0, 0, 2, 1.12
1631556591, 0, 0, 53, 53, 1, 4.70%, 0, 0, 2, 1.31
1631556596, 0, 0, 54, 54, 1, 4.70%, 0, 0, 2, 1.24
1631556607, 0, 0, 55, 55, 1, 4.70%, 0, 0, 2, 1.16
1631556613, 0, 0, 56, 56, 1, 4.70%, 0, 0, 2, 1.14
1631556624, 0, 0, 57, 57, 1, 4.70%, 0, 0, 2, 2.74
1631556630, 0, 0, 58, 58, 1, 4.70%, 0, 0, 2, 1.09
1631556651, 0, 0, 59, 59, 1, 4.70%, 0, 0, 2, 1.09
1631556662, 0, 0, 60, 60, 1, 4.70%, 0, 0, 2, 1.10
1631556672, 0, 0, 61, 61, 1, 4.70%, 0, 0, 2, 1.09
1631556678, 0, 0, 62, 62, 1, 4.70%, 0, 0, 2, 1.08
1631556689, 0, 0, 63, 63, 1, 4.70%, 0, 0, 2, 1.10
1631556694, 0, 0, 64, 64, 1, 4.70%, 0, 0, 2, 1.09
1631556705, 0, 0, 65, 65, 1, 4.70%, 0, 0, 2, 1.10
1631556711, 0, 0, 66, 66, 1, 4.70%, 0, 0, 2, 3.21
1631556722, 0, 0, 67, 67, 1, 4.70%, 0, 0, 2, 2.07
1631556727, 0, 0, 68, 68, 1, 4.70%, 0, 0, 2, 2.13
1631556739, 0, 0, 69, 69, 1, 4.70%, 0, 0, 2, 1.06
1631556755, 0, 0, 70, 70, 1, 4.70%, 0, 0, 2, 1.09
1631556761, 0, 0, 71, 71, 1, 4.70%, 0, 0, 2, 1.10
1631556772, 0, 0, 72, 72, 1, 4.70%, 0, 0, 2, 1.09
1631556777, 0, 0, 73, 73, 1, 4.70%, 0, 0, 2, 1.10
1631556788, 0, 0, 74, 74, 1, 4.70%, 0, 0, 2, 1.10
1631556805, 0, 0, 75, 75, 1, 4.70%, 0, 0, 2, 1.10
1631556815, 0, 0, 76, 76, 1, 4.70%, 0, 0, 2, 14.79
1631556826, 0, 0, 77, 77, 1, 4.70%, 0, 0, 2, 6.14
1631556837, 0, 0, 78, 78, 1, 4.70%, 0, 0, 2, 1.10
1631556848, 0, 0, 79, 79, 1, 4.70%, 0, 0, 2, 1.09
1631556854, 0, 0, 80, 80, 1, 4.70%, 0, 0, 2, 1.09
1631556865, 0, 0, 81, 81, 1, 4.70%, 0, 0, 2, 1.09
1631556881, 0, 0, 82, 82, 1, 4.70%, 0, 0, 2, 1.09
1631556886, 0, 0, 83, 83, 1, 4.70%, 0, 0, 2, 1.09
1631556897, 0, 0, 84, 84, 1, 4.70%, 0, 0, 2, 1.09
1631556903, 0, 0, 85, 85, 1, 4.70%, 0, 0, 2, 1.09
1631556919, 0, 0, 86, 86, 1, 4.70%, 0, 0, 2, 1.09
1631556925, 0, 0, 87, 87, 1, 4.70%, 0, 0, 2, 4.72
1631556936, 0, 0, 88, 88, 1, 4.70%, 0, 0, 2, 2.77
1631556942, 0, 0, 89, 89, 1, 4.70%, 0, 0, 2, 2.66
1631556953, 0, 0, 90, 90, 1, 4.70%, 0, 0, 2, 1.85
1631556958, 0, 0, 91, 91, 1, 4.70%, 0, 0, 2, 1.60
1631556970, 0, 0, 92, 92, 1, 4.70%, 0, 0, 2, 1.32
1631556975, 0, 0, 93, 93, 1, 4.70%, 0, 0, 2, 1.24
1631556986, 0, 0, 94, 94, 1, 4.70%, 0, 0, 2, 1.08
1631556992, 0, 0, 95, 95, 1, 4.70%, 0, 0, 2, 1.08
1631557003, 0, 0, 96, 96, 1, 4.70%, 0, 0, 2, 1.10
1631557008, 0, 0, 97, 97, 1, 4.70%, 0, 0, 2, 1.21
1631557019, 0, 0, 98, 98, 1, 4.70%, 0, 0, 2, 1.14
1631557025, 0, 0, 99, 99, 1, 4.70%, 0, 0, 2, 1.13
1631557036, 0, 0, 100, 100, 1, 4.70%, 0, 0, 2, 1.12
1631557041, 0, 0, 101, 101, 1, 4.70%, 0, 0, 2, 1.23
1631557052, 0, 0, 102, 102, 1, 4.70%, 0, 0, 2, 1.16
1631557058, 0, 0, 103, 103, 1, 4.70%, 0, 0, 2, 1.14
1631557069, 0, 0, 104, 104, 1, 4.70%, 0, 0, 2, 1.11
1631557074, 0, 0, 105, 105, 1, 4.70%, 0, 0, 2, 1.09
1631557085, 0, 0, 106, 106, 1, 4.70%, 0, 0, 2, 1.10
1631557096, 0, 0, 107, 107, 1, 4.70%, 0, 0, 2, 1.09
1631557102, 0, 0, 108, 108, 1, 4.70%, 0, 0, 2, 1.08
1631557113, 0, 0, 109, 109, 1, 4.70%, 0, 0, 2, 3.38
1631557119, 0, 0, 110, 110, 1, 4.70%, 0, 0, 2, 1.10
1631557130, 0, 0, 111, 111, 1, 4.70%, 0, 0, 2, 1.09
1631557136, 0, 0, 112, 112, 1, 4.70%, 0, 0, 2, 1.09
1631557147, 0, 0, 113, 113, 1, 4.70%, 0, 0, 2, 1.09
1631557152, 0, 0, 114, 114, 1, 4.70%, 0, 0, 2, 1.07
1631557163, 0, 0, 115, 115, 1, 4.70%, 0, 0, 2, 1.09
1631557169, 0, 0, 116, 116, 1, 4.70%, 0, 0, 2, 1.09
1631557180, 0, 0, 117, 117, 1, 4.70%, 0, 0, 2, 1.25
1631557185, 0, 0, 118, 118, 1, 4.70%, 0, 0, 2, 1.58
1631557196, 0, 0, 119, 119, 1, 4.70%, 0, 0, 2, 1.32
1631557202, 0, 0, 120, 120, 1, 4.70%, 0, 0, 2, 1.25
1631557213, 0, 0, 121, 121, 1, 4.70%, 0, 0, 2, 1.17
1631557218, 0, 0, 122, 122, 1, 4.70%, 0, 0, 2, 1.14
1631557229, 0, 0, 123, 123, 1, 4.70%, 0, 0, 2, 1.27
1631557235, 0, 0, 124, 124, 1, 4.70%, 0, 0, 2, 7.12
1631557246, 0, 0, 125, 125, 1, 4.70%, 0, 0, 2, 1.10
1631557251, 0, 0, 126, 126, 1, 4.70%, 0, 0, 2, 1.17
1631557262, 0, 0, 127, 127, 1, 4.70%, 0, 0, 2, 1.13
1631557267, 0, 0, 128, 128, 1, 4.70%, 0, 0, 2, 1.12
1631557278, 0, 0, 129, 129, 1, 4.70%, 0, 0, 2, 1.10
1631557284, 0, 0, 130, 130, 1, 4.70%, 0, 0, 2, 10.68
1631557295, 0, 0, 131, 131, 1, 4.70%, 0, 0, 2, 1.09
1631557301, 0, 0, 132, 132, 1, 4.70%, 0, 0, 2, 1.09
1631557312, 0, 0, 133, 133, 1, 4.70%, 0, 0, 2, 1.10
1631557323, 0, 0, 134, 134, 1, 4.70%, 0, 0, 2, 1.10
1631557333, 0, 0, 135, 135, 1, 4.70%, 0, 0, 2, 1.10
1631557343, 0, 0, 136, 136, 1, 4.70%, 0, 0, 2, 2.62
1631557349, 0, 0, 137, 137, 1, 4.70%, 0, 0, 2, 15.43
1631557360, 0, 0, 138, 138, 1, 4.70%, 0, 0, 2, 1.15
1631557365, 0, 0, 139, 139, 1, 4.70%, 0, 0, 2, 1.13
1631557376, 0, 0, 140, 140, 1, 4.70%, 0, 0, 2, 1.11
1631557387, 0, 0, 141, 141, 1, 4.70%, 0, 0, 2, 1.24
1631557393, 0, 0, 142, 142, 1, 4.70%, 0, 0, 2, 1.07
1631557404, 0, 0, 143, 143, 1, 4.70%, 0, 0, 2, 1.09
1631557409, 0, 0, 144, 144, 1, 4.70%, 0, 0, 2, 1.09
1631557420, 0, 0, 145, 145, 1, 4.70%, 0, 0, 2, 1.24
1631557426, 0, 0, 146, 146, 1, 4.70%, 0, 0, 2, 1.26
1631557437, 0, 0, 147, 147, 1, 4.70%, 0, 0, 2, 1.17
1631557443, 0, 0, 148, 148, 1, 4.70%, 0, 0, 2, 1.09
1631557454, 0, 0, 149, 149, 1, 4.70%, 0, 0, 2, 1.09
1631557459, 0, 0, 150, 150, 1, 4.70%, 0, 0, 2, 1.10
1631557470, 0, 0, 151, 151, 1, 4.70%, 0, 0, 2, 1.09
1631557476, 0, 0, 152, 152, 1, 4.70%, 0, 0, 2, 1.09
1631557487, 0, 0, 153, 153, 1, 4.70%, 0, 0, 2, 9.78
1631557498, 0, 0, 154, 154, 1, 4.70%, 0, 0, 2, 1.10
1631557503, 0, 0, 155, 155, 1, 4.70%, 0, 0, 2, 8.88
1631557514, 0, 0, 156, 156, 1, 4.70%, 0, 0, 2, 1.10
1631557525, 0, 0, 157, 157, 1, 4.70%, 0, 0, 2, 1.10
1631557531, 0, 0, 158, 158, 1, 4.70%, 0, 0, 2, 1.21
1631557542, 0, 0, 159, 159, 1, 4.70%, 0, 0, 2, 1.15
1631557547, 0, 0, 160, 160, 1, 4.70%, 0, 0, 2, 1.14
1631557558, 0, 0, 161, 161, 1, 4.70%, 0, 0, 2, 1.31
1631557563, 0, 0, 162, 162, 1, 4.70%, 0, 0, 2, 1.24
1631557574, 0, 0, 163, 163, 1, 4.70%, 0, 0, 2, 1.17
1631557580, 0, 0, 164, 164, 1, 4.70%, 0, 0, 2, 1.14
1631557591, 0, 0, 165, 165, 1, 4.70%, 0, 0, 2, 1.12
1631557596, 0, 0, 166, 166, 1, 4.70%, 0, 0, 2, 1.11
1631557607, 0, 0, 167, 167, 1, 4.70%, 0, 0, 2, 1.11
1631557613, 0, 0, 168, 168, 1, 4.70%, 0, 0, 2, 1.21
1631557624, 0, 0, 169, 169, 1, 4.70%, 0, 0, 2, 1.10
1631557629, 0, 0, 170, 170, 1, 4.70%, 0, 0, 2, 13.17
1631557640, 0, 0, 171, 171, 1, 4.70%, 0, 0, 2, 1.14
1631557646, 0, 0, 172, 172, 1, 4.70%, 0, 0, 2, 1.17
1631557658, 0, 0, 173, 173, 1, 4.70%, 0, 0, 2, 1.23
1631557663, 0, 0, 174, 174, 1, 4.70%, 0, 0, 2, 4.30
1631557674, 0, 0, 175, 175, 1, 4.70%, 0, 0, 2, 3.12
1631557680, 0, 0, 176, 176, 1, 4.70%, 0, 0, 2, 2.64
1631557691, 0, 0, 177, 177, 1, 4.70%, 0, 0, 2, 1.90
1631557697, 0, 0, 178, 178, 1, 4.70%, 0, 0, 2, 1.65
1631557703, 0, 0, 179, 179, 1, 4.70%, 0, 0, 2, 10.93
1631557714, 0, 0, 180, 180, 1, 4.70%, 0, 0, 2, 1.22
1631557720, 0, 0, 181, 181, 1, 4.70%, 0, 0, 2, 1.22
1631557726, 0, 0, 182, 182, 1, 4.70%, 0, 0, 2, 1.22
1631557737, 0, 0, 183, 183, 1, 4.70%, 0, 0, 2, 1.27
1631557743, 0, 0, 184, 184, 1, 4.70%, 0, 0, 2, 1.26
1631557748, 0, 0, 185, 185, 1, 4.70%, 0, 0, 2, 1.30
1631557759, 0, 0, 186, 186, 1, 4.70%, 0, 0, 2, 1.44
1631557765, 0, 0, 187, 187, 1, 4.70%, 0, 0, 2, 1.44
1631557776, 0, 0, 188, 188, 1, 4.70%, 0, 0, 2, 1.40
1631557781, 0, 0, 189, 189, 1, 4.70%, 0, 0, 2, 1.30
1631557792, 0, 0, 190, 190, 1, 4.70%, 0, 0, 2, 1.19
1631557803, 0, 0, 191, 191, 1, 4.70%, 0, 0, 2, 1.46
1631557814, 0, 0, 192, 192, 1, 4.70%, 0, 0, 2, 1.10
1631557825, 0, 0, 193, 193, 1, 4.70%, 0, 0, 2, 5.00
1631557836, 0, 0, 194, 194, 1, 4.70%, 0, 0, 2, 2.89
1631557846, 0, 0, 195, 195, 1, 4.70%, 0, 0, 2, 1.98
1631557852, 0, 0, 196, 196, 1, 4.70%, 0, 0, 2, 1.70
1631557868, 0, 0, 197, 197, 1, 4.70%, 0, 0, 2, 1.87
1631557874, 0, 0, 198, 198, 1, 4.70%, 0, 0, 2, 1.62
1631557885, 0, 0, 199, 199, 1, 4.70%, 0, 0, 2, 4.57
1631557895, 0, 0, 200, 200, 1, 4.70%, 0, 0, 2, 2.70
1631557901, 0, 0, 201, 201, 1, 4.70%, 0, 0, 2, 2.51
1631557912, 0, 0, 202, 202, 1, 4.70%, 0, 0, 2, 1.75
1631557917, 0, 0, 203, 203, 1, 4.70%, 0, 0, 2, 1.11
1631557928, 0, 0, 204, 204, 1, 4.70%, 0, 0, 2, 1.10
1631557933, 0, 0, 205, 205, 1, 4.70%, 0, 0, 2, 1.30
1631557944, 0, 0, 206, 206, 1, 4.70%, 0, 0, 2, 1.19
1631557950, 0, 0, 207, 207, 1, 4.70%, 0, 0, 2, 8.06
1631557961, 0, 0, 208, 208, 1, 4.70%, 0, 0, 2, 1.26
1631557967, 0, 0, 209, 209, 1, 4.70%, 0, 0, 2, 1.20
1631557977, 0, 0, 210, 210, 1, 4.70%, 0, 0, 2, 1.14
1631557983, 0, 0, 211, 211, 1, 4.70%, 0, 0, 2, 1.13
1631557994, 0, 0, 212, 212, 1, 4.70%, 0, 0, 2, 1.11
1631557999, 0, 0, 213, 213, 1, 4.70%, 0, 0, 2, 1.11
1631558010, 0, 0, 214, 214, 1, 4.70%, 0, 0, 2, 1.11
1631558016, 0, 0, 215, 215, 1, 4.70%, 0, 0, 2, 8.11
1631558027, 0, 0, 216, 216, 1, 4.70%, 0, 0, 2, 1.10
1631558038, 0, 0, 217, 217, 1, 4.70%, 0, 0, 2, 3.87
1631558054, 0, 0, 218, 218, 1, 4.70%, 0, 0, 2, 1.10
1631558060, 0, 0, 219, 219, 1, 4.70%, 0, 0, 2, 1.17
1631558071, 0, 0, 220, 220, 1, 4.70%, 0, 0, 2, 1.13
1631558076, 0, 0, 221, 221, 1, 4.70%, 0, 0, 2, 1.12
1631558088, 0, 0, 222, 222, 1, 4.70%, 0, 0, 2, 1.10
1631558098, 0, 0, 223, 223, 1, 4.70%, 0, 0, 2, 1.10
1631558104, 0, 0, 224, 224, 1, 4.70%, 0, 0, 2, 2.97
1631558120, 0, 0, 225, 225, 1, 4.70%, 0, 0, 2, 4.75
1631558131, 0, 0, 226, 226, 1, 4.70%, 0, 0, 2, 2.79
1631558146, 0, 0, 227, 227, 1, 4.70%, 0, 0, 2, 1.10
1631558157, 0, 0, 228, 228, 1, 4.70%, 0, 0, 2, 1.25
1631558163, 0, 0, 229, 229, 1, 4.70%, 0, 0, 2, 1.44
1631558174, 0, 0, 230, 230, 1, 4.70%, 0, 0, 2, 1.26
1631558179, 0, 0, 231, 231, 1, 4.70%, 0, 0, 2, 1.21
1631558195, 0, 0, 232, 232, 1, 4.70%, 0, 0, 2, 4.09
1631558201, 0, 0, 233, 233, 1, 4.70%, 0, 0, 2, 3.30
1631558212, 0, 0, 234, 234, 1, 4.70%, 0, 0, 2, 2.39
1631558217, 0, 0, 235, 235, 1, 4.70%, 0, 0, 2, 1.97
1631558227, 0, 0, 236, 236, 1, 4.70%, 0, 0, 2, 1.10
1631558233, 0, 0, 237, 237, 1, 4.70%, 0, 0, 2, 1.22
1631558244, 0, 0, 238, 238, 1, 4.70%, 0, 0, 2, 1.15
1631558249, 0, 0, 239, 239, 1, 4.70%, 0, 0, 2, 1.14
1631558261, 0, 0, 240, 240, 1, 4.70%, 0, 0, 2, 1.09
1631558271, 0, 0, 241, 241, 1, 4.70%, 0, 0, 2, 1.83
1631558277, 0, 0, 242, 242, 1, 4.70%, 0, 0, 2, 1.08
1631558294, 0, 0, 243, 243, 1, 4.70%, 0, 0, 2, 1.10
1631558315, 0, 0, 244, 244, 1, 4.70%, 0, 0, 2, 1.11
1631558320, 0, 0, 245, 245, 1, 4.70%, 0, 0, 2, 1.10
1631558331, 0, 0, 246, 246, 1, 4.70%, 0, 0, 2, 1.10
1631558337, 0, 0, 247, 247, 1, 4.70%, 0, 0, 2, 1.10
1631558347, 0, 0, 248, 248, 1, 4.70%, 0, 0, 2, 1.10
1631558353, 0, 0, 249, 249, 1, 4.70%, 0, 0, 2, 1.17
1631558364, 0, 0, 250, 250, 1, 4.70%, 0, 0, 2, 1.36
1631558375, 0, 0, 251, 251, 1, 4.70%, 0, 0, 2, 1.22
1631558386, 0, 0, 252, 252, 1, 4.70%, 0, 0, 2, 1.10
1631558396, 0, 0, 253, 253, 1, 4.70%, 0, 0, 2, 1.10
1631558412, 0, 0, 254, 254, 1, 4.70%, 0, 0, 2, 1.10
1631558423, 0, 0, 255, 255, 1, 4.70%, 0, 0, 2, 1.32
1631558434, 0, 0, 256, 256, 1, 4.70%, 0, 0, 2, 1.21
1631558439, 0, 0, 257, 257, 1, 4.70%, 0, 0, 2, 1.11
1631558450, 0, 0, 258, 258, 1, 4.70%, 0, 0, 2, 1.16
1631558455, 0, 0, 259, 259, 1, 4.70%, 0, 0, 2, 1.14
1631558466, 0, 0, 260, 260, 1, 4.70%, 0, 0, 2, 1.17
1631558477, 0, 0, 261, 261, 1, 4.70%, 0, 0, 2, 1.18
1631558483, 0, 0, 262, 262, 1, 4.70%, 0, 0, 2, 1.11
1631558504, 0, 0, 263, 263, 1, 4.70%, 0, 0, 2, 2.05
1631558515, 0, 0, 264, 264, 1, 4.70%, 0, 0, 2, 1.73
1631558521, 0, 0, 265, 265, 1, 4.70%, 0, 0, 2, 1.09
1631558532, 0, 0, 266, 266, 1, 4.70%, 0, 0, 2, 1.10
1631558537, 0, 0, 267, 267, 1, 4.70%, 0, 0, 2, 1.22
1631558548, 0, 0, 268, 268, 1, 4.70%, 0, 0, 2, 1.15
1631558554, 0, 0, 269, 269, 1, 4.70%, 0, 0, 2, 1.09
1631558565, 0, 0, 270, 270, 1, 4.70%, 0, 0, 2, 1.09
1631558570, 0, 0, 271, 271, 1, 4.70%, 0, 0, 2, 1.10
1631558581, 0, 0, 272, 272, 1, 4.70%, 0, 0, 2, 1.15
1631558587, 0, 0, 273, 273, 1, 4.70%, 0, 0, 2, 1.13
1631558598, 0, 0, 274, 274, 1, 4.70%, 0, 0, 2, 1.09
1631558603, 0, 0, 275, 275, 1, 4.70%, 0, 0, 2, 1.10
1631558614, 0, 0, 276, 276, 1, 4.70%, 0, 0, 2, 1.10
1631558619, 0, 0, 277, 277, 1, 4.70%, 0, 0, 2, 1.16
1631558630, 0, 0, 278, 278, 1, 4.70%, 0, 0, 2, 1.12
1631558636, 0, 0, 279, 279, 1, 4.70%, 0, 0, 2, 1.11
1631558647, 0, 0, 280, 280, 1, 4.70%, 0, 0, 2, 1.15
1631558653, 0, 0, 281, 281, 1, 4.70%, 0, 0, 2, 1.12
1631558664, 0, 0, 282, 282, 1, 4.70%, 0, 0, 2, 1.11
1631558669, 0, 0, 283, 283, 1, 4.70%, 0, 0, 2, 1.10
1631558680, 0, 0, 284, 284, 1, 4.70%, 0, 0, 2, 1.09
1631558686, 0, 0, 285, 285, 1, 4.70%, 0, 0, 2, 1.10
1631558697, 0, 0, 286, 286, 1, 4.70%, 0, 0, 2, 1.29
1631558702, 0, 0, 287, 287, 1, 4.70%, 0, 0, 2, 1.10
1631558713, 0, 0, 288, 288, 1, 4.70%, 0, 0, 2, 1.10
1631558724, 0, 0, 289, 289, 1, 4.70%, 0, 0, 2, 1.25
1631558730, 0, 0, 290, 290, 1, 4.70%, 0, 0, 2, 1.08
1631558741, 0, 0, 291, 291, 1, 4.70%, 0, 0, 2, 1.14
1631558747, 0, 0, 292, 292, 1, 4.70%, 0, 0, 2, 1.10
1631558758, 0, 0, 293, 293, 1, 4.70%, 0, 0, 2, 1.10
1631558769, 0, 0, 294, 294, 1, 4.70%, 0, 0, 2, 1.10
1631558774, 0, 0, 295, 295, 1, 4.70%, 0, 0, 2, 1.21
1631558785, 0, 0, 296, 296, 1, 4.70%, 0, 0, 2, 1.34
1631558791, 0, 0, 297, 297, 1, 4.70%, 0, 0, 2, 1.49
1631558802, 0, 0, 298, 298, 1, 4.70%, 0, 0, 2, 1.10
1631558807, 0, 0, 299, 299, 1, 4.70%, 0, 0, 2, 1.10
1631558818, 0, 0, 300, 300, 1, 4.70%, 0, 0, 2, 1.10
1631558824, 0, 0, 301, 301, 1, 4.70%, 0, 0, 2, 1.28
1631558835, 0, 0, 302, 302, 1, 4.70%, 0, 0, 2, 1.11
1631558845, 0, 0, 303, 303, 1, 4.70%, 0, 0, 2, 1.10
1631558851, 0, 0, 304, 304, 1, 4.70%, 0, 0, 2, 1.10
1631558862, 0, 0, 305, 305, 1, 4.70%, 0, 0, 2, 1.11
1631558867, 0, 0, 306, 306, 1, 4.70%, 0, 0, 2, 1.11
1631558878, 0, 0, 307, 307, 1, 4.70%, 0, 0, 2, 1.55
1631558889, 0, 0, 308, 308, 1, 4.70%, 0, 0, 2, 1.36
1631558895, 0, 0, 309, 309, 1, 4.70%, 0, 0, 2, 1.34
1631558906, 0, 0, 310, 310, 1, 4.70%, 0, 0, 2, 1.26
1631558911, 0, 0, 311, 311, 1, 4.70%, 0, 0, 2, 1.21
1631558922, 0, 0, 312, 312, 1, 4.70%, 0, 0, 2, 1.15
1631558927, 0, 0, 313, 313, 1, 4.70%, 0, 0, 2, 1.14
1631558938, 0, 0, 314, 314, 1, 4.70%, 0, 0, 2, 1.11
1631558949, 0, 0, 315, 315, 1, 4.70%, 0, 0, 2, 2.69
1631558954, 0, 0, 316, 316, 1, 4.70%, 0, 0, 2, 2.18
1631558965, 0, 0, 317, 317, 1, 4.70%, 0, 0, 2, 1.60
1631558971, 0, 0, 318, 318, 1, 4.70%, 0, 0, 2, 1.82
1631558987, 0, 0, 319, 319, 1, 4.70%, 0, 0, 2, 1.10
1631559003, 0, 0, 320, 320, 1, 4.70%, 0, 0, 2, 1.09
1631559008, 0, 0, 321, 321, 1, 4.70%, 0, 0, 2, 1.11
1631559024, 0, 0, 322, 322, 1, 4.70%, 0, 0, 2, 3.11
1631559035, 0, 0, 323, 323, 1, 4.70%, 0, 0, 2, 2.18
1631559041, 0, 0, 324, 324, 1, 4.70%, 0, 0, 2, 2.08
1631559051, 0, 0, 325, 325, 1, 4.70%, 0, 0, 2, 1.77
1631559062, 0, 0, 326, 326, 1, 4.70%, 0, 0, 2, 1.08
1631559067, 0, 0, 327, 327, 1, 4.70%, 0, 0, 2, 1.09
1631559078, 0, 0, 328, 328, 1, 4.70%, 0, 0, 2, 6.20
1631559089, 0, 0, 329, 329, 1, 4.70%, 0, 0, 2, 1.16
1631559100, 0, 0, 330, 330, 1, 4.70%, 0, 0, 2, 1.11
1631559106, 0, 0, 331, 331, 1, 4.70%, 0, 0, 2, 1.28
1631559117, 0, 0, 332, 332, 1, 4.70%, 0, 0, 2, 1.11
1631559122, 0, 0, 333, 333, 1, 4.70%, 0, 0, 2, 1.10
1631559133, 0, 0, 334, 334, 1, 4.70%, 0, 0, 2, 1.08
1631559144, 0, 0, 335, 335, 1, 4.70%, 0, 0, 2, 1.08
1631559149, 0, 0, 336, 336, 1, 4.70%, 0, 0, 2, 1.09
1631559160, 0, 0, 337, 337, 1, 4.70%, 0, 0, 2, 1.11
1631559187, 0, 0, 338, 338, 1, 4.70%, 0, 0, 2, 3.09
1631559197, 0, 0, 339, 339, 1, 4.70%, 0, 0, 2, 2.02
1631559203, 0, 0, 340, 340, 1, 4.70%, 0, 0, 2, 1.73
1631559214, 0, 0, 341, 341, 1, 4.70%, 0, 0, 2, 1.54
1631559225, 0, 0, 342, 342, 1, 4.70%, 0, 0, 2, 1.39
1631559236, 0, 0, 343, 343, 1, 4.70%, 0, 0, 2, 1.30
1631559242, 0, 0, 344, 344, 1, 4.70%, 0, 0, 2, 1.37
1631559252, 0, 0, 345, 345, 1, 4.70%, 0, 0, 2, 1.23
1631559263, 0, 0, 346, 346, 1, 4.70%, 0, 0, 2, 1.11
1631559274, 0, 0, 347, 347, 1, 4.70%, 0, 0, 2, 1.07
1631559280, 0, 0, 348, 348, 1, 4.70%, 0, 0, 2, 1.08
1631559291, 0, 0, 349, 349, 1, 4.70%, 0, 0, 2, 1.09
1631559302, 0, 0, 350, 350, 1, 4.70%, 0, 0, 2, 1.10
1631559312, 0, 0, 351, 351, 1, 4.70%, 0, 0, 2, 2.03
1631559323, 0, 0, 352, 352, 1, 4.70%, 0, 0, 2, 1.10
1631559334, 0, 0, 353, 353, 1, 4.70%, 0, 0, 2, 1.10
1631559350, 0, 0, 354, 354, 1, 4.70%, 0, 0, 2, 1.11
1631559361, 0, 0, 355, 355, 1, 4.70%, 0, 0, 2, 1.10
1631559371, 0, 0, 356, 356, 1, 4.70%, 0, 0, 2, 1.10
1631559383, 0, 0, 357, 357, 1, 4.70%, 0, 0, 2, 13.66
1631559394, 0, 0, 358, 358, 1, 4.70%, 0, 0, 2, 1.08
1631559405, 0, 0, 359, 359, 1, 4.70%, 0, 0, 2, 1.19
1631559410, 0, 0, 360, 360, 1, 4.70%, 0, 0, 2, 1.29
1631559421, 0, 0, 361, 361, 1, 4.70%, 0, 0, 2, 1.19
1631559427, 0, 0, 362, 362, 1, 4.70%, 0, 0, 2, 1.16
1631559438, 0, 0, 363, 363, 1, 4.70%, 0, 0, 2, 1.17
1631559449, 0, 0, 364, 364, 1, 4.70%, 0, 0, 2, 1.13
1631559454, 0, 0, 365, 365, 1, 4.70%, 0, 0, 2, 1.12
1631559465, 0, 0, 366, 366, 1, 4.70%, 0, 0, 2, 1.11
1631559471, 0, 0, 367, 367, 1, 4.70%, 0, 0, 2, 1.09
1631559482, 0, 0, 368, 368, 1, 4.70%, 0, 0, 2, 1.08
1631559493, 0, 0, 369, 369, 1, 4.70%, 0, 0, 2, 1.06
1631559499, 0, 0, 370, 370, 1, 4.70%, 0, 0, 2, 1.29
1631559510, 0, 0, 371, 371, 1, 4.70%, 0, 0, 2, 1.17
1631559521, 0, 0, 372, 372, 1, 4.70%, 0, 0, 2, 1.09
1631559532, 0, 0, 373, 373, 1, 4.70%, 0, 0, 2, 1.09
1631559538, 0, 0, 374, 374, 1, 4.70%, 0, 0, 2, 1.11
1631559549, 0, 0, 375, 375, 1, 4.70%, 0, 0, 2, 1.10
1631559554, 0, 0, 376, 376, 1, 4.70%, 0, 0, 2, 1.28
1631559565, 0, 0, 377, 377, 1, 4.70%, 0, 0, 2, 1.28
1631559571, 0, 0, 378, 378, 1, 4.70%, 0, 0, 2, 1.29
1631559581, 0, 0, 379, 379, 1, 4.70%, 0, 0, 2, 1.30
1631559587, 0, 0, 380, 380, 1, 4.70%, 0, 0, 2, 1.24
1631559598, 0, 0, 381, 381, 1, 4.70%, 0, 0, 2, 1.22
1631559603, 0, 0, 382, 382, 1, 4.70%, 0, 0, 2, 1.25
1631559614, 0, 0, 383, 383, 1, 4.70%, 0, 0, 2, 1.18
1631559619, 0, 0, 384, 384, 1, 4.70%, 0, 0, 2, 1.28
1631559630, 0, 0, 385, 385, 1, 4.70%, 0, 0, 2, 1.24
1631559636, 0, 0, 386, 386, 1, 4.70%, 0, 0, 2, 1.19
1631559647, 0, 0, 387, 387, 1, 4.70%, 0, 0, 2, 1.14
1631559652, 0, 0, 388, 388, 1, 4.70%, 0, 0, 2, 1.13
1631559663, 0, 0, 389, 389, 1, 4.70%, 0, 0, 2, 1.11
1631559674, 0, 0, 390, 390, 1, 4.70%, 0, 0, 2, 1.16
1631559680, 0, 0, 391, 391, 1, 4.70%, 0, 0, 2, 1.38
1631559690, 0, 0, 392, 392, 1, 4.70%, 0, 0, 2, 1.23
1631559707, 0, 0, 393, 393, 1, 4.70%, 0, 0, 2, 1.10
1631559713, 0, 0, 394, 394, 1, 4.70%, 0, 0, 2, 1.10
1631559724, 0, 0, 395, 395, 1, 4.70%, 0, 0, 2, 1.24
1631559729, 0, 0, 396, 396, 1, 4.70%, 0, 0, 2, 1.19
1631559740, 0, 0, 397, 397, 1, 4.70%, 0, 0, 2, 6.08
1631559751, 0, 0, 398, 398, 1, 4.70%, 0, 0, 2, 1.09
1631559762, 0, 0, 399, 399, 1, 4.70%, 0, 0, 2, 1.09
1631559768, 0, 0, 400, 400, 1, 4.70%, 0, 0, 2, 1.15
1631559779, 0, 0, 401, 401, 1, 4.70%, 0, 0, 2, 1.13
1631559784, 0, 0, 402, 402, 1, 4.70%, 0, 0, 2, 1.12
1631559795, 0, 0, 403, 403, 1, 4.70%, 0, 0, 2, 1.11
1631559800, 0, 0, 404, 404, 1, 4.70%, 0, 0, 2, 1.10
1631559812, 0, 0, 405, 405, 1, 4.70%, 0, 0, 2, 1.10
1631559817, 0, 0, 406, 406, 1, 4.70%, 0, 0, 2, 6.24
1631559828, 0, 0, 407, 407, 1, 4.70%, 0, 0, 2, 4.73
1631559845, 0, 0, 408, 408, 1, 4.70%, 0, 0, 2, 1.10
1631559855, 0, 0, 409, 409, 1, 4.70%, 0, 0, 2, 1.10
1631559871, 0, 0, 410, 410, 1, 4.70%, 0, 0, 2, 10.67
1631559882, 0, 0, 411, 411, 1, 4.70%, 0, 0, 2, 11.52
1631559893, 0, 0, 412, 412, 1, 4.70%, 0, 0, 2, 1.98
1631559909, 0, 0, 413, 413, 1, 4.70%, 0, 0, 2, 3.09
1631559920, 0, 0, 414, 414, 1, 4.70%, 0, 0, 2, 2.02
1631559931, 0, 0, 415, 415, 1, 4.70%, 0, 0, 2, 1.10
1631559941, 0, 0, 416, 416, 1, 4.70%, 0, 0, 2, 1.10
1631559952, 0, 0, 417, 417, 1, 4.70%, 0, 0, 2, 1.10
1631559968, 0, 0, 418, 418, 1, 4.70%, 0, 0, 2, 2.76
1631559973, 0, 0, 419, 419, 1, 4.70%, 0, 0, 2, 2.79
1631559984, 0, 0, 420, 420, 1, 4.70%, 0, 0, 2, 3.10
1631559995, 0, 0, 421, 421, 1, 4.70%, 0, 0, 2, 2.33
1631560006, 0, 0, 422, 422, 1, 4.70%, 0, 0, 2, 1.67
1631560017, 0, 0, 423, 423, 1, 4.70%, 0, 0, 2, 1.11
1631560027, 0, 0, 424, 424, 1, 4.70%, 0, 0, 2, 8.09
1631560038, 0, 0, 425, 425, 1, 4.70%, 0, 0, 2, 2.06
1631560055, 0, 0, 426, 426, 1, 4.70%, 0, 0, 2, 1.11
1631560071, 0, 0, 427, 427, 1, 4.70%, 0, 0, 2, 1.08
1631560081, 0, 0, 428, 428, 1, 4.70%, 0, 0, 2, 1.10
1631560098, 0, 0, 429, 429, 1, 4.70%, 0, 0, 2, 1.11
1631560108, 0, 0, 430, 430, 1, 4.70%, 0, 0, 2, 1.25
1631560114, 0, 0, 431, 431, 1, 4.70%, 0, 0, 2, 1.10
1631560130, 0, 0, 432, 432, 1, 4.70%, 0, 0, 2, 1.10
1631560135, 0, 0, 433, 433, 1, 4.70%, 0, 0, 2, 1.10
1631560146, 0, 0, 434, 434, 1, 4.70%, 0, 0, 2, 1.10
1631560157, 0, 0, 435, 435, 1, 4.70%, 0, 0, 2, 2.05
1631560168, 0, 0, 436, 436, 1, 4.70%, 0, 0, 2, 1.54
1631560179, 0, 0, 437, 437, 1, 4.70%, 0, 0, 2, 1.10
1631560185, 0, 0, 438, 438, 1, 4.70%, 0, 0, 2, 1.10
1631560196, 0, 0, 439, 439, 1, 4.70%, 0, 0, 2, 1.07
1631560201, 0, 0, 440, 440, 1, 4.70%, 0, 0, 2, 1.09
1631560213, 0, 0, 441, 441, 1, 4.70%, 0, 0, 2, 1.14
1631560218, 0, 0, 442, 442, 1, 4.70%, 0, 0, 2, 1.24
1631560229, 0, 0, 443, 443, 1, 4.70%, 0, 0, 2, 1.30
1631560235, 0, 0, 444, 444, 1, 4.70%, 0, 0, 2, 1.48
1631560246, 0, 0, 445, 445, 1, 4.70%, 0, 0, 2, 1.33
1631560257, 0, 0, 446, 446, 1, 4.70%, 0, 0, 2, 1.11
1631560262, 0, 0, 447, 447, 1, 4.70%, 0, 0, 2, 1.11
1631560273, 0, 0, 448, 448, 1, 4.70%, 0, 0, 2, 1.35
1631560278, 0, 0, 449, 449, 1, 4.70%, 0, 0, 2, 1.56
1631560289, 0, 0, 450, 450, 1, 4.70%, 0, 0, 2, 1.31
1631560300, 0, 0, 451, 451, 1, 4.70%, 0, 0, 2, 1.29
1631560311, 0, 0, 452, 452, 1, 4.70%, 0, 0, 2, 1.33
1631560322, 0, 0, 453, 453, 1, 4.70%, 0, 0, 2, 1.60
1631560333, 0, 0, 454, 454, 1, 4.70%, 0, 0, 2, 1.10
1631560339, 0, 0, 455, 455, 1, 4.70%, 0, 0, 2, 1.10
1631560350, 0, 0, 456, 456, 1, 4.70%, 0, 0, 2, 1.09
1631560361, 0, 0, 457, 457, 1, 4.70%, 0, 0, 2, 1.15
1631560372, 0, 0, 458, 458, 1, 4.70%, 0, 0, 2, 1.26
1631560383, 0, 0, 459, 459, 1, 4.70%, 0, 0, 2, 1.10
1631560394, 0, 0, 460, 460, 1, 4.70%, 0, 0, 2, 1.10
1631560399, 0, 0, 461, 461, 1, 4.70%, 0, 0, 2, 11.46
1631560411, 0, 0, 462, 462, 1, 4.70%, 0, 0, 2, 1.06
1631560427, 0, 0, 463, 463, 1, 4.70%, 0, 0, 2, 1.10
1631560438, 0, 0, 464, 464, 1, 4.70%, 0, 0, 2, 2.03
1631560449, 0, 0, 465, 465, 1, 4.70%, 0, 0, 2, 1.73
1631560454, 0, 0, 466, 466, 1, 4.70%, 0, 0, 2, 1.53
1631560471, 0, 0, 467, 467, 1, 4.70%, 0, 0, 2, 2.42
1631560481, 0, 0, 468, 468, 1, 4.70%, 0, 0, 2, 4.37
1631560492, 0, 0, 469, 469, 1, 4.70%, 0, 0, 2, 2.75
1631560503, 0, 0, 470, 470, 1, 4.70%, 0, 0, 2, 1.09
1631560524, 0, 0, 471, 471, 1, 4.70%, 0, 0, 2, 1.09
1631560535, 0, 0, 472, 472, 1, 4.70%, 0, 0, 2, 4.04
1631560541, 0, 0, 473, 473, 1, 4.70%, 0, 0, 2, 3.52
1631560552, 0, 0, 474, 474, 1, 4.70%, 0, 0, 2, 1.08
1631560569, 0, 0, 475, 475, 1, 4.70%, 0, 0, 2, 1.09
1631560574, 0, 0, 476, 476, 1, 4.70%, 0, 0, 2, 1.09
1631560585, 0, 0, 477, 477, 1, 4.70%, 0, 0, 2, 1.09
1631560595, 0, 0, 478, 478, 1, 4.70%, 0, 0, 2, 1.09
1631560606, 0, 0, 479, 479, 1, 4.70%, 0, 0, 2, 3.83
1631560617, 0, 0, 480, 480, 1, 4.70%, 0, 0, 2, 2.36
1631560628, 0, 0, 481, 481, 1, 4.70%, 0, 0, 2, 1.93
1631560634, 0, 0, 482, 482, 1, 4.70%, 0, 0, 2, 1.89
1631560656, 0, 0, 483, 483, 1, 4.70%, 0, 0, 2, 1.97
1631560667, 0, 0, 484, 484, 1, 4.70%, 0, 0, 2, 1.10
1631560672, 0, 0, 485, 485, 1, 4.70%, 0, 0, 2, 1.36
1631560689, 0, 0, 486, 486, 1, 4.70%, 0, 0, 2, 1.10
1631560700, 0, 0, 487, 487, 1, 4.70%, 0, 0, 2, 3.07
1631560711, 0, 0, 488, 488, 1, 4.70%, 0, 0, 2, 2.01
1631560716, 0, 0, 489, 489, 1, 4.70%, 0, 0, 2, 1.71
1631560727, 0, 0, 490, 490, 1, 4.70%, 0, 0, 2, 1.11
1631560738, 0, 0, 491, 491, 1, 4.70%, 0, 0, 2, 1.10
1631560754, 0, 0, 492, 492, 1, 4.70%, 0, 0, 2, 4.85
1631560760, 0, 0, 493, 493, 1, 4.70%, 0, 0, 2, 4.08
1631560765, 0, 0, 494, 494, 1, 4.70%, 0, 0, 2, 3.91
1631560781, 0, 0, 495, 495, 1, 4.70%, 0, 0, 2, 1.88
1631560797, 0, 0, 496, 496, 1, 4.70%, 0, 0, 2, 1.09
1631560808, 0, 0, 497, 497, 1, 4.70%, 0, 0, 2, 1.07
1631560814, 0, 0, 498, 498, 1, 4.70%, 0, 0, 2, 1.08
1631560825, 0, 0, 499, 499, 1, 4.70%, 0, 0, 2, 1.09
1631560831, 0, 0, 500, 500, 1, 4.70%, 0, 0, 2, 1.09
1631560842, 0, 0, 501, 501, 1, 4.70%, 0, 0, 2, 1.19
1631560848, 0, 0, 502, 502, 1, 4.70%, 0, 0, 2, 1.09
1631560864, 0, 0, 503, 503, 1, 4.70%, 0, 0, 2, 14.64
1631560875, 0, 0, 504, 504, 1, 4.70%, 0, 0, 2, 1.10
1631560886, 0, 0, 505, 505, 1, 4.70%, 0, 0, 2, 1.10
1631560892, 0, 0, 506, 506, 1, 4.70%, 0, 0, 2, 1.10
1631560902, 0, 0, 507, 507, 1, 4.70%, 0, 0, 2, 1.10
1631560908, 0, 0, 508, 508, 1, 4.70%, 0, 0, 2, 1.11
1631560919, 0, 0, 509, 509, 1, 4.70%, 0, 0, 2, 1.10
1631560930, 0, 0, 510, 510, 1, 4.70%, 0, 0, 2, 1.11
1631560946, 0, 0, 511, 511, 1, 4.70%, 0, 0, 2, 1.10
1631560957, 0, 0, 512, 512, 1, 4.70%, 0, 0, 2, 1.10
1631560962, 0, 0, 513, 513, 1, 4.70%, 0, 0, 2, 1.30
1631560973, 0, 0, 514, 514, 1, 4.70%, 0, 0, 2, 1.09
1631560990, 0, 0, 515, 515, 1, 4.70%, 0, 0, 2, 1.11
1631561016, 0, 0, 516, 516, 1, 4.70%, 0, 0, 2, 1.10
1631561032, 0, 0, 517, 517, 1, 4.70%, 0, 0, 2, 1.10
1631561042, 0, 0, 518, 518, 1, 4.70%, 0, 0, 2, 1.11
1631561058, 0, 0, 519, 519, 1, 4.70%, 0, 0, 2, 1.10
1631561064, 0, 0, 520, 520, 1, 4.70%, 0, 0, 2, 1.10
1631561075, 0, 0, 521, 521, 1, 4.70%, 0, 0, 2, 1.10
1631561092, 0, 0, 522, 522, 1, 4.70%, 0, 0, 2, 2.98
1631561102, 0, 0, 523, 523, 1, 4.70%, 0, 0, 2, 1.97
1631561108, 0, 0, 524, 524, 1, 4.70%, 0, 0, 2, 2.05
1631561124, 0, 0, 525, 525, 1, 4.70%, 0, 0, 2, 1.10
1631561150, 0, 0, 526, 526, 1, 4.70%, 0, 0, 2, 1.10
1631561156, 0, 0, 527, 527, 1, 4.70%, 0, 0, 2, 1.10
1631561173, 0, 0, 528, 528, 1, 4.70%, 0, 0, 2, 1.28
1631561184, 0, 0, 529, 529, 1, 4.70%, 0, 0, 2, 1.23
1631561189, 0, 0, 530, 530, 1, 4.70%, 0, 0, 2, 1.26
1631561205, 0, 0, 531, 531, 1, 4.70%, 0, 0, 2, 1.15
1631561216, 0, 0, 532, 532, 1, 4.70%, 0, 0, 2, 1.10
1631561222, 0, 0, 533, 533, 1, 4.70%, 0, 0, 2, 1.21
1631561233, 0, 0, 534, 534, 1, 4.70%, 0, 0, 2, 1.15
1631561244, 0, 0, 535, 535, 1, 4.70%, 0, 0, 2, 1.10
1631561266, 0, 0, 536, 536, 1, 4.70%, 0, 0, 2, 1.11
1631561271, 0, 0, 537, 537, 1, 4.70%, 0, 0, 2, 1.37
1631561292, 0, 0, 538, 538, 1, 4.70%, 0, 0, 2, 1.10
1631561304, 0, 0, 539, 539, 1, 4.70%, 0, 0, 2, 1.10
1631561315, 0, 0, 540, 540, 1, 4.70%, 0, 0, 2, 1.16
1631561336, 0, 0, 541, 541, 1, 4.70%, 0, 0, 2, 1.11
1631561352, 0, 0, 542, 542, 1, 4.70%, 0, 0, 2, 3.99
1631561358, 0, 0, 543, 543, 1, 4.70%, 0, 0, 2, 3.13
1631561374, 0, 0, 544, 544, 1, 4.70%, 0, 0, 2, 1.82
1631561384, 0, 0, 545, 545, 1, 4.70%, 0, 0, 2, 1.09
1631561395, 0, 0, 546, 546, 1, 4.70%, 0, 0, 2, 1.11
1631561401, 0, 0, 547, 547, 1, 4.70%, 0, 0, 2, 1.11
1631561412, 0, 0, 548, 548, 1, 4.70%, 0, 0, 2, 1.15
1631561428, 0, 0, 549, 549, 1, 4.70%, 0, 0, 2, 4.28
1631561444, 0, 0, 550, 550, 1, 4.70%, 0, 0, 2, 1.11
1631561449, 0, 0, 551, 551, 1, 4.70%, 0, 0, 2, 1.11
1631561465, 0, 0, 552, 552, 1, 4.70%, 0, 0, 2, 4.32
1631561482, 0, 0, 553, 553, 1, 4.70%, 0, 0, 2, 1.12
1631561493, 0, 0, 554, 554, 1, 4.70%, 0, 0, 2, 1.10
1631561499, 0, 0, 555, 555, 1, 4.70%, 0, 0, 2, 4.29
1631561510, 0, 0, 556, 556, 1, 4.70%, 0, 0, 2, 1.11
1631561531, 0, 0, 557, 557, 1, 4.70%, 0, 0, 2, 1.11
1631561542, 0, 0, 558, 558, 1, 4.70%, 0, 0, 2, 1.11
1631561558, 0, 0, 559, 559, 1, 4.70%, 0, 0, 2, 1.11
1631561574, 0, 0, 560, 560, 1, 4.70%, 0, 0, 2, 9.97
1631561585, 0, 0, 561, 561, 1, 4.70%, 0, 0, 2, 1.11
1631561596, 0, 0, 562, 562, 1, 4.70%, 0, 0, 2, 1.11
1631561602, 0, 0, 563, 563, 1, 4.70%, 0, 0, 2, 1.29
1631561618, 0, 0, 564, 564, 1, 4.70%, 0, 0, 2, 1.16
1631561623, 0, 0, 565, 565, 1, 4.70%, 0, 0, 2, 1.27
1631561634, 0, 0, 566, 566, 1, 4.70%, 0, 0, 2, 1.19
1631561640, 0, 0, 567, 567, 1, 4.70%, 0, 0, 2, 1.16
1631561650, 0, 0, 568, 568, 1, 4.70%, 0, 0, 2, 1.14
1631561656, 0, 0, 569, 569, 1, 4.70%, 0, 0, 2, 9.95
1631561667, 0, 0, 570, 570, 1, 4.70%, 0, 0, 2, 1.17
1631561677, 0, 0, 571, 571, 1, 4.70%, 0, 0, 2, 1.23
1631561688, 0, 0, 572, 572, 1, 4.70%, 0, 0, 2, 1.25
1631561705, 0, 0, 573, 573, 1, 4.70%, 0, 0, 2, 1.10
1631561721, 0, 0, 574, 574, 1, 4.70%, 0, 0, 2, 3.74
1631561726, 0, 0, 575, 575, 1, 4.70%, 0, 0, 2, 2.89
1631561737, 0, 0, 576, 576, 1, 4.70%, 0, 0, 2, 1.93
1631561753, 0, 0, 577, 577, 1, 4.70%, 0, 0, 2, 1.11
1631561770, 0, 0, 578, 578, 1, 4.70%, 0, 0, 2, 1.11
1631561781, 0, 0, 579, 579, 1, 4.70%, 0, 0, 2, 4.10
1631561792, 0, 0, 580, 580, 1, 4.70%, 0, 0, 2, 1.10
1631561798, 0, 0, 581, 581, 1, 4.70%, 0, 0, 2, 1.10
1631561814, 0, 0, 582, 582, 1, 4.70%, 0, 0, 2, 1.10
1631561825, 0, 0, 583, 583, 1, 4.70%, 0, 0, 2, 3.10
1631561852, 0, 0, 584, 584, 1, 4.70%, 0, 0, 2, 1.10
1631561868, 0, 0, 585, 585, 1, 4.70%, 0, 0, 2, 1.11
1631561888, 0, 0, 586, 586, 1, 4.70%, 0, 0, 2, 1.11
1631561899, 0, 0, 587, 587, 1, 4.70%, 0, 0, 2, 1.11
1631561957, 0, 0, 588, 588, 1, 4.70%, 0, 0, 2, 2.55
1631561968, 0, 0, 589, 589, 1, 4.70%, 0, 0, 2, 2.22
1631561973, 0, 0, 590, 590, 1, 4.70%, 0, 0, 2, 1.92
1631561984, 0, 0, 591, 591, 1, 4.70%, 0, 0, 2, 1.53
1631561990, 0, 0, 592, 592, 1, 4.70%, 0, 0, 2, 1.52
1631562012, 0, 0, 593, 593, 1, 4.70%, 0, 0, 2, 1.10
1631562023, 0, 0, 594, 594, 1, 4.70%, 0, 0, 2, 1.11
1631562034, 0, 0, 595, 595, 1, 4.70%, 0, 0, 2, 1.37
1631562039, 0, 0, 596, 596, 1, 4.70%, 0, 0, 2, 1.42
1631562050, 0, 0, 597, 597, 1, 4.70%, 0, 0, 2, 1.88
1631562061, 0, 0, 598, 598, 1, 4.70%, 0, 0, 2, 1.46
1631562066, 0, 0, 599, 599, 1, 4.70%, 0, 0, 2, 1.48
1631562083, 0, 0, 600, 600, 1, 4.70%, 0, 0, 2, 1.37
1631562088, 0, 0, 601, 601, 1, 4.70%, 0, 0, 2, 1.29
1631562104, 0, 0, 602, 602, 1, 4.70%, 0, 0, 2, 1.09
1631562115, 0, 0, 603, 603, 1, 4.70%, 0, 0, 2, 1.11
1631562131, 0, 0, 604, 604, 1, 4.70%, 0, 0, 2, 1.10
1631562168, 0, 0, 605, 605, 1, 4.70%, 0, 0, 2, 1.11
1631562210, 0, 0, 606, 606, 1, 4.70%, 0, 0, 2, 1.11
1631562237, 0, 0, 607, 607, 1, 4.70%, 0, 0, 2, 1.11
1631562248, 0, 0, 608, 608, 1, 4.70%, 0, 0, 2, 1.11
1631562253, 0, 0, 609, 609, 1, 4.70%, 0, 0, 2, 1.11
1631562275, 0, 0, 610, 610, 1, 4.70%, 0, 0, 2, 1.11
1631562297, 0, 0, 611, 611, 1, 4.70%, 0, 0, 2, 2.21
1631562349, 0, 0, 612, 612, 1, 4.70%, 0, 0, 2, 2.85
1631562370, 0, 0, 613, 613, 1, 4.70%, 0, 0, 2, 1.11
1631562381, 0, 0, 614, 614, 1, 4.70%, 0, 0, 2, 1.10
1631562392, 0, 0, 615, 615, 1, 4.70%, 0, 0, 2, 1.11
1631562423, 0, 0, 616, 616, 1, 4.70%, 0, 0, 2, 1.11
1631562433, 0, 0, 617, 617, 1, 4.70%, 0, 0, 2, 1.11
1631562444, 0, 0, 618, 618, 1, 4.70%, 0, 0, 2, 1.11
1631562470, 0, 0, 619, 619, 1, 4.70%, 0, 0, 2, 2.67
1631562476, 0, 0, 620, 620, 1, 4.70%, 0, 0, 2, 2.16
1631562487, 0, 0, 621, 621, 1, 4.70%, 0, 0, 2, 2.08
1631562497, 0, 0, 622, 622, 1, 4.70%, 0, 0, 2, 1.60
1631562508, 0, 0, 623, 623, 1, 4.70%, 0, 0, 2, 1.47
1631562541, 0, 0, 624, 624, 1, 4.70%, 0, 0, 2, 3.15
1631562552, 0, 0, 625, 625, 1, 4.70%, 0, 0, 2, 2.76
1631562558, 0, 0, 626, 626, 1, 4.70%, 0, 0, 2, 2.23
1631562569, 0, 0, 627, 627, 1, 4.70%, 0, 0, 2, 1.69
1631562585, 0, 0, 628, 628, 1, 4.70%, 0, 0, 2, 1.09
1631562596, 0, 0, 629, 629, 1, 4.70%, 0, 0, 2, 1.11
1631562607, 0, 0, 630, 630, 1, 4.70%, 0, 0, 2, 1.09
1631562618, 0, 0, 631, 631, 1, 4.70%, 0, 0, 2, 5.29
1631562634, 0, 0, 632, 632, 1, 4.70%, 0, 0, 2, 2.66
1631562644, 0, 0, 633, 633, 1, 4.70%, 0, 0, 2, 3.53
1631562660, 0, 0, 634, 634, 1, 4.70%, 0, 0, 2, 4.11
1631562677, 0, 0, 635, 635, 1, 4.70%, 0, 0, 2, 1.10
1631562688, 0, 0, 636, 636, 1, 4.70%, 0, 0, 2, 1.11
1631562698, 0, 0, 637, 637, 1, 4.70%, 0, 0, 2, 15.40
1631562714, 0, 0, 638, 638, 1, 4.70%, 0, 0, 2, 1.11
1631562726, 0, 0, 639, 639, 1, 4.70%, 0, 0, 2, 1.11
1631562742, 0, 0, 640, 640, 1, 4.70%, 0, 0, 2, 3.51
1631562753, 0, 0, 641, 641, 1, 4.70%, 0, 0, 2, 1.09
1631562768, 0, 0, 642, 642, 1, 4.70%, 0, 0, 2, 1.29
1631562779, 0, 0, 643, 643, 1, 4.70%, 0, 0, 2, 1.10
1631562789, 0, 0, 644, 644, 1, 4.70%, 0, 0, 2, 1.10
1631562795, 0, 0, 645, 645, 1, 4.70%, 0, 0, 2, 1.32
1631562806, 0, 0, 646, 646, 1, 4.70%, 0, 0, 2, 1.21
1631562817, 0, 0, 647, 647, 1, 4.70%, 0, 0, 2, 1.59
1631562828, 0, 0, 648, 648, 1, 4.70%, 0, 0, 2, 1.44
1631562849, 0, 0, 649, 649, 1, 4.70%, 0, 0, 2, 1.11
1631562854, 0, 0, 650, 650, 1, 4.70%, 0, 0, 2, 12.33
1631562881, 0, 0, 651, 651, 1, 4.70%, 0, 0, 2, 1.10
1631562903, 0, 0, 652, 652, 1, 4.70%, 0, 0, 2, 1.11
1631562914, 0, 0, 653, 653, 1, 4.70%, 0, 0, 2, 1.11
1631562930, 0, 0, 654, 654, 1, 4.70%, 0, 0, 2, 1.10
1631562947, 0, 0, 655, 655, 1, 4.70%, 0, 0, 2, 1.24
1631562952, 0, 0, 656, 656, 1, 4.70%, 0, 0, 2, 1.39
1631562963, 0, 0, 657, 657, 1, 4.70%, 0, 0, 2, 1.35
1631562985, 0, 0, 658, 658, 1, 4.70%, 0, 0, 2, 1.11
1631563007, 0, 0, 659, 659, 1, 4.70%, 0, 0, 2, 9.00
1631563023, 0, 0, 660, 660, 1, 4.70%, 0, 0, 2, 13.99
1631563039, 0, 0, 661, 661, 1, 4.70%, 0, 0, 2, 1.10
1631563049, 0, 0, 662, 662, 1, 4.71%, 0, 0, 2, 2.08
1631563066, 0, 0, 663, 663, 1, 4.71%, 0, 0, 2, 1.10
1631563118, 0, 0, 664, 664, 1, 4.71%, 0, 0, 2, 1.10
1631563134, 0, 0, 665, 665, 1, 4.71%, 0, 0, 2, 1.11
1631563144, 0, 0, 666, 666, 1, 4.71%, 0, 0, 2, 1.10
1631563155, 0, 0, 667, 667, 1, 4.71%, 0, 0, 2, 9.69
1631563186, 0, 0, 668, 668, 1, 4.71%, 0, 0, 2, 1.09
1631563207, 0, 0, 669, 669, 1, 4.71%, 0, 0, 2, 1.09
1631563219, 0, 0, 670, 670, 1, 4.71%, 0, 0, 2, 8.66
1631563230, 0, 0, 671, 671, 1, 4.71%, 0, 0, 2, 1.10
1631563252, 0, 0, 672, 672, 1, 4.71%, 0, 0, 2, 1.10
1631563275, 0, 0, 673, 673, 1, 4.71%, 0, 0, 2, 1.36
1631563286, 0, 0, 674, 674, 1, 4.71%, 0, 0, 2, 1.10
1631563307, 0, 0, 675, 675, 1, 4.71%, 0, 0, 2, 1.09
1631563318, 0, 0, 676, 676, 1, 4.71%, 0, 0, 2, 2.83
1631563350, 0, 0, 677, 677, 1, 4.71%, 0, 0, 2, 1.19
1631563378, 0, 0, 678, 678, 1, 4.71%, 0, 0, 2, 1.10
1631563420, 0, 0, 679, 679, 1, 4.71%, 0, 0, 2, 1.10
1631563437, 0, 0, 680, 680, 1, 4.71%, 0, 0, 2, 3.83
1631563464, 0, 0, 681, 681, 1, 4.71%, 0, 0, 2, 1.10
1631563469, 0, 0, 682, 682, 1, 4.71%, 0, 0, 2, 1.27
1631563480, 0, 0, 683, 683, 1, 4.71%, 0, 0, 2, 1.09
1631563491, 0, 0, 684, 684, 1, 4.71%, 0, 0, 2, 1.07
1631563502, 0, 0, 685, 685, 1, 4.71%, 0, 0, 2, 1.08
1631563507, 0, 0, 686, 686, 1, 4.71%, 0, 0, 2, 1.09
1631563518, 0, 0, 687, 687, 1, 4.71%, 0, 0, 2, 1.14
1631563529, 0, 0, 688, 688, 1, 4.71%, 0, 0, 2, 7.97
1631563546, 0, 0, 689, 689, 1, 4.71%, 0, 0, 2, 1.10
1631563557, 0, 0, 690, 690, 1, 4.71%, 0, 0, 2, 1.30
1631563568, 0, 0, 691, 691, 1, 4.71%, 0, 0, 2, 1.09
1631563584, 0, 0, 692, 692, 1, 4.71%, 0, 0, 2, 1.09
1631563616, 0, 0, 693, 693, 1, 4.71%, 0, 0, 2, 2.16
1631563644, 0, 0, 694, 694, 1, 4.71%, 0, 0, 2, 1.10
1631563660, 0, 0, 695, 695, 1, 4.71%, 0, 0, 2, 1.28
1631563696, 0, 0, 696, 696, 1, 4.71%, 0, 0, 2, 3.19
1631563723, 0, 0, 697, 697, 1, 4.71%, 0, 0, 2, 12.39
1631563749, 0, 0, 698, 698, 1, 4.71%, 0, 0, 2, 3.35
1631563755, 0, 0, 699, 699, 1, 4.71%, 0, 0, 2, 3.10
1631563766, 0, 0, 700, 700, 1, 4.71%, 0, 0, 2, 4.50
1631563932, 0, 0, 701, 701, 1, 4.71%, 0, 0, 2, 13.84
1631563943, 0, 0, 702, 702, 1, 4.71%, 0, 0, 2, 1.10
1631563955, 0, 0, 703, 703, 1, 4.71%, 0, 0, 2, 1.13
1631563966, 0, 0, 704, 704, 1, 4.71%, 0, 0, 2, 1.39
1631563983, 0, 0, 705, 705, 1, 4.71%, 0, 0, 2, 1.10
1631563988, 0, 0, 706, 706, 1, 4.71%, 0, 0, 2, 1.09
1631564005, 0, 0, 707, 707, 1, 4.71%, 0, 0, 2, 1.10
1631564075, 0, 0, 708, 708, 1, 4.71%, 0, 0, 2, 1.10
1631564102, 0, 0, 709, 709, 1, 4.71%, 0, 0, 2, 1.10
1631564119, 0, 0, 710, 710, 1, 4.71%, 0, 0, 2, 1.22
1631564171, 0, 0, 711, 711, 1, 4.71%, 0, 0, 2, 1.09
1631564186, 0, 0, 712, 712, 1, 4.71%, 0, 0, 2, 4.52
1631564203, 0, 0, 713, 713, 1, 4.71%, 0, 0, 2, 1.40
1631564219, 0, 0, 714, 714, 1, 4.71%, 0, 0, 2, 1.10
1631564264, 0, 0, 715, 715, 1, 4.71%, 0, 0, 2, 2.48
1631564269, 0, 0, 716, 716, 1, 4.71%, 0, 0, 2, 2.18
1631564339, 0, 0, 717, 717, 1, 4.71%, 0, 0, 2, 1.11
1631564366, 0, 0, 718, 718, 1, 4.71%, 0, 0, 2, 1.29
1631564397, 0, 0, 719, 719, 1, 4.71%, 0, 0, 2, 1.92
1631564403, 0, 0, 720, 720, 1, 4.71%, 0, 0, 2, 10.59
1631564452, 0, 0, 721, 721, 1, 4.71%, 0, 0, 2, 3.73
1631564494, 0, 0, 722, 722, 1, 4.71%, 0, 0, 2, 1.29
1631564648, 0, 0, 723, 723, 1, 4.71%, 0, 0, 2, 1.51
1631564692, 0, 0, 724, 724, 1, 4.71%, 0, 0, 2, 3.51
1631564777, 0, 0, 725, 725, 1, 4.71%, 0, 0, 2, 3.69
1631564857, 0, 0, 726, 726, 1, 4.71%, 0, 0, 2, 1.11
1631564868, 0, 0, 727, 727, 1, 4.71%, 0, 0, 2, 1.41
1631564890, 0, 0, 728, 728, 1, 4.71%, 0, 0, 2, 1.09
1631564901, 0, 0, 729, 729, 1, 4.71%, 0, 0, 2, 1.11
1631564917, 0, 0, 730, 730, 1, 4.71%, 0, 0, 2, 1.11
1631564928, 0, 0, 731, 731, 1, 4.71%, 0, 0, 2, 1.11
1631564970, 0, 0, 732, 732, 1, 4.71%, 0, 0, 2, 1.11
1631564997, 0, 0, 733, 733, 1, 4.71%, 0, 0, 2, 1.08
1631565055, 0, 0, 734, 734, 1, 4.71%, 0, 0, 2, 1.09
1631565174, 0, 0, 735, 735, 1, 4.71%, 0, 0, 2, 2.88
1631565248, 0, 0, 736, 736, 1, 4.71%, 0, 0, 2, 2.36
1631565297, 0, 0, 737, 737, 1, 4.71%, 0, 0, 2, 1.09
1631565335, 0, 0, 738, 738, 1, 4.71%, 0, 0, 2, 1.25
1631565518, 0, 0, 739, 739, 1, 4.71%, 0, 0, 2, 1.11
1631565684, 0, 0, 740, 740, 1, 4.71%, 0, 0, 2, 2.13
1631565785, 0, 0, 741, 741, 1, 4.71%, 0, 0, 2, 1.53
1631565992, 0, 0, 742, 742, 1, 4.71%, 0, 0, 2, 1.11
1631566035, 0, 0, 743, 743, 1, 4.71%, 0, 0, 2, 1.53
1631566169, 0, 0, 744, 744, 1, 4.71%, 0, 0, 2, 1.11
1631566185, 0, 0, 745, 745, 1, 4.71%, 0, 0, 2, 1.11
1631566367, 0, 0, 746, 746, 1, 4.71%, 0, 0, 2, 1.10
1631566460, 0, 0, 747, 747, 1, 4.71%, 0, 0, 2, 3.05
1631566624, 0, 0, 748, 748, 1, 4.71%, 0, 0, 2, 1.12
1631566725, 0, 0, 749, 749, 1, 4.71%, 0, 0, 2, 1.11
1631566958, 0, 0, 750, 750, 1, 4.71%, 0, 0, 2, 1.11
1631567023, 0, 0, 751, 751, 1, 4.71%, 0, 0, 2, 1.13
1631567166, 0, 0, 752, 752, 1, 4.71%, 0, 0, 2, 3.03
1631567182, 0, 0, 753, 753, 1, 4.71%, 0, 0, 2, 2.09
1631567247, 0, 0, 754, 754, 1, 4.71%, 0, 0, 2, 1.09
1631567279, 0, 0, 755, 755, 1, 4.71%, 0, 0, 2, 1.24
1631567499, 0, 0, 756, 756, 1, 4.71%, 0, 0, 2, 1.55
1631567654, 0, 0, 757, 757, 1, 4.71%, 0, 0, 2, 3.02
1631567766, 0, 0, 758, 758, 1, 4.71%, 0, 0, 2, 1.12
1631567783, 0, 0, 759, 759, 1, 4.71%, 0, 0, 2, 1.26
1631567793, 0, 0, 760, 760, 1, 4.71%, 0, 0, 2, 1.19
1631567984, 0, 0, 761, 761, 1, 4.71%, 0, 0, 2, 4.60
1631568032, 0, 0, 762, 762, 1, 4.71%, 0, 0, 2, 2.48
1631568256, 0, 0, 763, 763, 1, 4.71%, 0, 0, 2, 15.64
1631568513, 0, 0, 764, 764, 1, 4.71%, 0, 0, 2, 1.98
1631568891, 0, 0, 765, 765, 1, 4.71%, 0, 0, 2, 1.13
1631569259, 0, 0, 766, 766, 1, 4.71%, 0, 0, 2, 1.13
1631569333, 0, 0, 767, 767, 1, 4.71%, 0, 0, 2, 2.03
1631569606, 0, 0, 768, 768, 1, 4.71%, 0, 0, 2, 1.93
1631569779, 0, 0, 769, 769, 1, 4.71%, 0, 0, 2, 2.66
1631570313, 0, 0, 770, 770, 1, 4.71%, 0, 0, 2, 1.12
1631570357, 0, 0, 771, 771, 1, 4.71%, 0, 0, 2, 1.12
1631570389, 0, 0, 772, 772, 1, 4.71%, 0, 0, 2, 1.12
1631570670, 0, 0, 773, 773, 1, 4.71%, 0, 0, 2, 1.12
1631570687, 0, 0, 774, 774, 1, 4.71%, 0, 0, 2, 1.12
1631571737, 0, 0, 775, 775, 1, 4.71%, 0, 0, 2, 1.13
1631571764, 0, 0, 776, 776, 1, 4.71%, 0, 0, 2, 1.19
1631572072, 0, 0, 777, 777, 1, 4.71%, 0, 0, 2, 12.59
1631572258, 0, 0, 778, 778, 1, 4.71%, 0, 0, 2, 1.12
1631572511, 0, 0, 779, 779, 1, 4.71%, 0, 0, 2, 4.40
1631572813, 0, 0, 780, 780, 1, 4.71%, 0, 0, 2, 1.15
1631572877, 0, 0, 781, 781, 1, 4.71%, 0, 0, 2, 1.19
1631573072, 0, 0, 782, 782, 1, 4.71%, 0, 0, 2, 1.14
1631573994, 0, 0, 783, 783, 1, 4.71%, 0, 0, 2, 4.45
1631574070, 0, 0, 784, 784, 1, 4.71%, 0, 0, 2, 1.14
1631574181, 0, 0, 785, 785, 1, 4.71%, 0, 0, 2, 1.14
1631574485, 0, 0, 786, 786, 1, 4.71%, 0, 0, 2, 3.79
1631574734, 0, 0, 787, 787, 1, 4.71%, 0, 0, 2, 2.04
1631574997, 0, 0, 788, 788, 1, 4.71%, 0, 0, 2, 2.06
1631575334, 0, 0, 789, 789, 1, 4.71%, 0, 0, 2, 1.15
1631575711, 0, 0, 790, 790, 1, 4.71%, 0, 0, 2, 1.21
1631575732, 0, 0, 791, 791, 1, 4.71%, 0, 0, 2, 1.15
1631576029, 0, 0, 792, 792, 1, 4.71%, 0, 0, 2, 1.16
1631576140, 0, 0, 793, 793, 1, 4.71%, 0, 0, 2, 2.89
1631576409, 0, 0, 794, 794, 1, 4.71%, 0, 0, 2, 3.35
1631576424, 0, 0, 795, 795, 1, 4.71%, 0, 0, 2, 2.41
1631576494, 0, 0, 796, 796, 1, 4.71%, 0, 0, 2, 1.13
1631576818, 0, 0, 797, 797, 1, 4.71%, 0, 0, 2, 1.17
1631579115, 0, 0, 798, 798, 1, 4.71%, 0, 0, 2, 11.82
1631579555, 0, 0, 799, 799, 1, 4.71%, 0, 0, 2, 80.97
1631579659, 0, 0, 800, 800, 1, 4.71%, 0, 0, 2, 7.43
1631581298, 0, 0, 801, 801, 1, 4.71%, 0, 0, 2, 1.19
1631581372, 0, 0, 802, 802, 1, 4.71%, 0, 0, 2, 1.19
1631583839, 0, 0, 803, 803, 1, 4.71%, 0, 0, 2, 2.00
1631584293, 0, 0, 804, 804, 1, 4.71%, 0, 0, 2, 1.20
1631585471, 0, 0, 805, 805, 1, 4.71%, 0, 0, 2, 4.06
1631585938, 0, 0, 806, 806, 1, 4.71%, 0, 0, 2, 1.22
1631585949, 0, 0, 807, 807, 1, 4.71%, 0, 0, 2, 1.42
1631586175, 0, 0, 808, 808, 1, 4.71%, 0, 0, 2, 1.28
1631586897, 0, 0, 809, 809, 1, 4.71%, 0, 0, 2, 1.21
1631586929, 0, 0, 810, 810, 1, 4.71%, 0, 0, 2, 9.83
1631587041, 0, 0, 811, 811, 1, 4.71%, 0, 0, 2, 1.19
1631587047, 0, 0, 812, 812, 1, 4.71%, 0, 0, 2, 1.20
1631587152, 0, 0, 813, 813, 1, 4.71%, 0, 0, 2, 1.22
1631587274, 0, 0, 814, 814, 1, 4.71%, 0, 0, 2, 1.22
1631587311, 0, 0, 815, 815, 1, 4.71%, 0, 0, 2, 3.39
1631587549, 0, 0, 816, 816, 1, 4.71%, 0, 0, 2, 1.23
1631587598, 0, 0, 817, 817, 1, 4.71%, 0, 0, 2, 1.99
1631587662, 0, 0, 818, 818, 1, 4.71%, 0, 0, 2, 75.99
1631587731, 0, 0, 819, 819, 1, 4.71%, 0, 0, 2, 1.22
1631587737, 0, 0, 820, 820, 1, 4.71%, 0, 0, 2, 1.22
1631587759, 0, 0, 821, 821, 1, 4.71%, 0, 0, 2, 1.20
1631587769, 0, 0, 822, 822, 1, 4.71%, 0, 0, 2, 1.23
1631587795, 0, 0, 823, 823, 1, 4.71%, 0, 0, 2, 1.19
1631587822, 0, 0, 824, 824, 1, 4.71%, 0, 0, 2, 4.33
1631587843, 0, 0, 825, 825, 1, 4.71%, 0, 0, 2, 1.37
1631587859, 0, 0, 826, 826, 1, 4.71%, 0, 0, 2, 4.58
1631587870, 0, 0, 827, 827, 1, 4.71%, 0, 0, 2, 2.64
1631587896, 0, 0, 828, 828, 1, 4.71%, 0, 0, 2, 8.88
1631587907, 0, 0, 829, 829, 1, 4.71%, 0, 0, 2, 1.73
1631587918, 0, 0, 830, 830, 1, 4.71%, 0, 0, 2, 1.23
1631587946, 0, 0, 831, 831, 1, 4.71%, 0, 0, 2, 1.22
1631588074, 0, 0, 832, 832, 1, 4.71%, 0, 0, 2, 1.24
1631588084, 0, 0, 833, 833, 1, 4.71%, 0, 0, 2, 1.28
1631588096, 0, 0, 834, 834, 1, 4.71%, 0, 0, 2, 1.24
1631588171, 0, 0, 835, 835, 1, 4.71%, 0, 0, 2, 1.25
1631588236, 0, 0, 836, 836, 1, 4.71%, 0, 0, 2, 1.26
1631588242, 0, 0, 837, 837, 1, 4.71%, 0, 0, 2, 1.59
1631588253, 0, 0, 838, 838, 1, 4.71%, 0, 0, 2, 1.44
1631588270, 0, 0, 839, 839, 1, 4.71%, 0, 0, 2, 1.25
1631588298, 0, 0, 840, 840, 1, 4.71%, 0, 0, 2, 1.22
1631588340, 0, 0, 841, 841, 1, 4.71%, 0, 0, 2, 2.13
1631588346, 0, 0, 842, 842, 1, 4.71%, 0, 0, 2, 1.80
1631588410, 0, 0, 843, 843, 1, 4.71%, 0, 0, 2, 1.44
1631588476, 0, 0, 844, 844, 1, 4.71%, 0, 0, 2, 7.98
1631589135, 0, 0, 845, 845, 1, 4.71%, 0, 0, 2, 1.25
1631590785, 0, 0, 846, 846, 1, 4.71%, 0, 0, 2, 1.24
1631591507, 0, 0, 847, 847, 1, 4.71%, 0, 0, 2, 3.38
1631594104, 0, 0, 848, 848, 1, 4.71%, 0, 0, 2, 1.28
1631598471, 0, 0, 849, 849, 1, 4.71%, 0, 0, 2, 2.85
1631598487, 0, 0, 850, 850, 1, 4.71%, 0, 0, 2, 2.31
1631599262, 0, 0, 851, 851, 1, 4.71%, 0, 0, 2, 1.29
1631601704, 0, 0, 852, 852, 1, 4.71%, 0, 0, 2, 1.31
1631602160, 0, 0, 853, 853, 1, 4.71%, 0, 0, 2, 3.95
1631602165, 0, 0, 854, 854, 1, 4.71%, 0, 0, 2, 2.59
1631602176, 0, 0, 855, 855, 1, 4.71%, 0, 0, 2, 1.82
1631602320, 0, 0, 856, 856, 1, 4.71%, 0, 0, 2, 1.30
1631604584, 0, 0, 857, 857, 1, 4.71%, 0, 0, 2, 3.30
1631609236, 0, 0, 858, 858, 1, 4.71%, 0, 0, 2, 1.34
1631610405, 0, 0, 859, 859, 1, 4.71%, 0, 0, 2, 1.36
1631610657, 0, 0, 860, 860, 1, 4.71%, 0, 0, 2, 1.35
1631611518, 0, 0, 861, 861, 1, 4.71%, 0, 0, 2, 1.48
1631611687, 0, 0, 862, 862, 1, 4.71%, 0, 0, 2, 3.21
1631614813, 0, 0, 863, 863, 1, 4.71%, 0, 0, 2, 2.63
1631615014, 0, 0, 864, 864, 1, 4.71%, 0, 0, 2, 1.37
1631615270, 0, 0, 865, 865, 1, 4.71%, 0, 0, 2, 10.77
1631615649, 0, 0, 866, 866, 1, 4.71%, 0, 0, 2, 1.40
1631616654, 0, 0, 867, 867, 1, 4.71%, 0, 0, 2, 1.38
1631616912, 0, 0, 868, 868, 1, 4.71%, 0, 0, 2, 1.39
1631616922, 0, 0, 869, 869, 1, 4.71%, 0, 0, 2, 1.44
1631616938, 0, 0, 870, 870, 1, 4.71%, 0, 0, 2, 1.40
1631617410, 0, 0, 871, 871, 1, 4.71%, 0, 0, 2, 5.25
1631617538, 0, 0, 872, 872, 1, 4.71%, 0, 0, 2, 3.98
1631617695, 0, 0, 873, 873, 1, 4.71%, 0, 0, 2, 1.39
1631617922, 0, 0, 874, 874, 1, 4.71%, 0, 0, 2, 1.39
1631617933, 0, 0, 875, 875, 1, 4.71%, 0, 0, 2, 1.40
1631617939, 0, 0, 876, 876, 1, 4.71%, 0, 0, 2, 1.41
1631617985, 0, 0, 877, 877, 1, 4.71%, 0, 0, 2, 2.32
1631617991, 0, 0, 878, 878, 1, 4.71%, 0, 0, 2, 1.95
1631618001, 0, 0, 879, 879, 1, 4.71%, 0, 0, 2, 2.26
1631618011, 0, 0, 880, 880, 1, 4.71%, 0, 0, 2, 2.12
1631618197, 0, 0, 881, 881, 1, 4.71%, 0, 0, 2, 3.88
1631618275, 0, 0, 882, 882, 1, 4.71%, 0, 0, 2, 4.99
1631618421, 0, 0, 883, 883, 1, 4.71%, 0, 0, 2, 1.41
1631618523, 0, 0, 884, 884, 1, 4.71%, 0, 0, 2, 2.68
1631618533, 0, 0, 885, 885, 1, 4.71%, 0, 0, 2, 2.28
1631618538, 0, 0, 886, 886, 1, 4.71%, 0, 0, 2, 2.27
1631618549, 0, 0, 887, 887, 1, 4.71%, 0, 0, 2, 1.73
1631618580, 0, 0, 888, 888, 1, 4.71%, 0, 0, 2, 1.40
1631618617, 0, 0, 889, 889, 1, 4.71%, 0, 0, 2, 1.70
1631618643, 0, 0, 890, 890, 1, 4.71%, 0, 0, 2, 1.40
1631618653, 0, 0, 891, 891, 1, 4.71%, 0, 0, 2, 1.42
1631618701, 0, 0, 892, 892, 1, 4.71%, 0, 0, 2, 18.81
1631618839, 0, 0, 893, 893, 1, 4.71%, 0, 0, 2, 1.75
1631618916, 0, 0, 894, 894, 1, 4.71%, 0, 0, 2, 15.13
1631618971, 0, 0, 895, 895, 1, 4.71%, 0, 0, 2, 1.40
1631618998, 0, 0, 896, 896, 1, 4.71%, 0, 0, 2, 1.53
1631619003, 0, 0, 897, 897, 1, 4.71%, 0, 0, 2, 1.48
1631619014, 0, 0, 898, 898, 1, 4.71%, 0, 0, 2, 1.43
1631619025, 0, 0, 899, 899, 1, 4.71%, 0, 0, 2, 2.97
1631619142, 0, 0, 900, 900, 1, 4.71%, 0, 0, 2, 1.41
1631619199, 0, 0, 901, 901, 1, 4.71%, 0, 0, 2, 1.42
1631619306, 0, 0, 902, 902, 1, 4.71%, 0, 0, 2, 1.24
1631619317, 0, 0, 903, 903, 1, 4.71%, 0, 0, 2, 5.21
1631619338, 0, 0, 904, 904, 1, 4.71%, 0, 0, 2, 6.01
1631619349, 0, 0, 905, 905, 1, 4.71%, 0, 0, 2, 1.42
1631619703, 0, 0, 906, 906, 1, 4.71%, 0, 0, 2, 1.44
1631627267, 0, 0, 907, 907, 1, 4.71%, 0, 0, 2, 5.63
1631627299, 0, 0, 908, 908, 1, 4.71%, 0, 0, 2, 1.44
1631628651, 0, 0, 909, 909, 1, 4.71%, 0, 0, 2, 2.07
1631628892, 0, 0, 910, 910, 1, 4.71%, 0, 0, 2, 3.85
1631629251, 0, 0, 911, 911, 1, 4.71%, 0, 0, 2, 2.82
1631629546, 0, 0, 912, 912, 1, 4.71%, 0, 0, 2, 5.18
1631630130, 0, 0, 913, 913, 1, 4.71%, 0, 0, 2, 5.09
1631630192, 0, 0, 914, 914, 1, 4.71%, 0, 0, 2, 1.50
1631630246, 0, 0, 915, 915, 1, 4.71%, 0, 0, 2, 3.84
1631630413, 0, 0, 916, 916, 1, 4.71%, 0, 0, 2, 1.51
1631630677, 0, 0, 917, 917, 1, 4.71%, 0, 0, 2, 1.64
1631633400, 0, 0, 918, 918, 1, 4.71%, 0, 0, 2, 3.00
1631633587, 0, 0, 919, 919, 1, 4.71%, 0, 0, 2, 1.53
1631635340, 0, 0, 920, 920, 1, 4.71%, 0, 0, 2, 74.95
1631639040, 0, 0, 921, 921, 1, 4.71%, 0, 0, 2, 6.46
1631640381, 0, 0, 922, 922, 1, 4.71%, 0, 0, 2, 1.59
1631641055, 0, 0, 923, 923, 1, 4.71%, 0, 0, 2, 8.67
1631644929, 0, 0, 923, 923, 1, 4.71%, 0, 1, 2, 0.39
1631644934, 0, 0, 923, 923, 1, 4.71%, 0, 2, 2, 0.38
1631644970, 0, 0, 923, 923, 1, 4.71%, 0, 3, 2, 0.20
1631644980, 0, 0, 923, 923, 1, 4.71%, 0, 4, 2, 0.20
1631645210, 0, 0, 923, 923, 1, 4.71%, 0, 5, 2, 0.39
1631645216, 0, 0, 923, 923, 1, 4.71%, 0, 6, 2, 0.39
1631645221, 0, 0, 923, 923, 1, 4.71%, 0, 7, 2, 0.38
1631645226, 0, 0, 923, 923, 1, 4.71%, 0, 8, 2, 0.20
1631645231, 0, 0, 923, 923, 1, 4.71%, 0, 9, 2, 0.20
1631645241, 0, 0, 923, 923, 1, 4.71%, 0, 10, 2, 0.39
1631645251, 0, 0, 923, 923, 1, 4.71%, 0, 11, 2, 0.20
1631645261, 0, 0, 923, 923, 1, 4.71%, 0, 12, 2, 0.20
1631645267, 0, 0, 923, 923, 1, 4.71%, 0, 13, 2, 0.20
1631645274, 0, 0, 923, 923, 1, 4.71%, 0, 14, 2, 0.39
1631645287, 0, 0, 923, 923, 1, 4.71%, 0, 15, 2, 0.20
1631645326, 0, 0, 923, 923, 1, 4.71%, 0, 16, 2, 0.39
1631645332, 0, 0, 923, 923, 1, 4.71%, 0, 17, 2, 0.39
1631645343, 0, 0, 923, 923, 1, 4.71%, 0, 18, 2, 0.20
1631646050, 0, 0, 923, 923, 1, 4.71%, 0, 19, 2, 0.20
1631646055, 0, 0, 923, 923, 1, 4.71%, 0, 20, 2, 0.39
1631646061, 0, 0, 923, 923, 1, 4.71%, 0, 21, 2, 0.39
1631646066, 0, 0, 923, 923, 1, 4.71%, 0, 22, 2, 0.38
1631646071, 0, 0, 923, 923, 1, 4.71%, 0, 23, 2, 0.20
1631646077, 0, 0, 923, 923, 1, 4.71%, 0, 24, 2, 0.20
1631646343, 0, 0, 923, 923, 1, 4.71%, 0, 25, 2, 0.20
1631647249, 0, 0, 924, 924, 1, 4.71%, 0, 25, 2, 3.95
1631647384, 0, 0, 925, 925, 1, 4.71%, 0, 25, 2, 1.58
1631647472, 0, 0, 926, 926, 1, 4.71%, 0, 25, 2, 1.70
1631647493, 0, 0, 927, 927, 1, 4.71%, 0, 25, 2, 12.74
1631647568, 0, 0, 928, 928, 1, 4.71%, 0, 25, 2, 4.46
1631647692, 0, 0, 929, 929, 1, 4.71%, 0, 25, 2, 1.70
1631647722, 0, 0, 930, 930, 1, 4.71%, 0, 25, 2, 1.95
1631647733, 0, 0, 931, 931, 1, 4.71%, 0, 25, 2, 1.92
1631647738, 0, 0, 932, 932, 1, 4.71%, 0, 25, 2, 2.27
1631647754, 0, 0, 933, 933, 1, 4.71%, 0, 25, 2, 1.68
1631647791, 0, 0, 934, 934, 1, 4.71%, 0, 25, 2, 2.14
