# unix_time, cycles_done, cur_path, paths_total, pending_total, pending_favs, map_size, unique_crashes, unique_hangs, max_depth, execs_per_sec
1636609628, 0, 0, 1, 1, 1, 4.64%, 0, 0, 1, 2.32
1636609651, 0, 0, 4, 4, 1, 4.68%, 0, 0, 2, 2.05
1636609682, 0, 0, 6, 6, 1, 4.70%, 0, 0, 2, 10.15
1636609698, 0, 0, 7, 7, 1, 4.70%, 0, 0, 2, 1.10
1636609703, 0, 0, 8, 8, 1, 4.70%, 0, 0, 2, 1.10
1636609714, 0, 0, 9, 9, 1, 4.70%, 0, 0, 2, 1.11
1636609719, 0, 0, 10, 10, 1, 4.70%, 0, 0, 2, 5.27
1636609724, 0, 0, 11, 11, 1, 4.70%, 0, 0, 2, 4.28
1636609735, 0, 0, 12, 12, 1, 4.70%, 0, 0, 2, 2.55
1636609740, 0, 0, 13, 13, 1, 4.70%, 0, 0, 2, 6.19
1636609751, 0, 0, 14, 14, 1, 4.70%, 0, 0, 2, 1.17
1636609756, 0, 0, 15, 15, 1, 4.70%, 0, 0, 2, 1.49
1636609762, 0, 0, 16, 16, 1, 4.70%, 0, 0, 2, 1.50
1636609773, 0, 0, 17, 17, 1, 4.70%, 0, 0, 2, 1.30
1636609778, 0, 0, 18, 18, 1, 4.70%, 0, 0, 2, 1.24
1636609784, 0, 0, 19, 19, 1, 4.70%, 0, 0, 2, 1.27
1636609794, 0, 0, 20, 20, 1, 4.70%, 0, 0, 2, 1.28
1636609800, 0, 0, 21, 21, 1, 4.70%, 0, 0, 2, 1.10
1636609811, 0, 0, 22, 22, 1, 4.70%, 0, 0, 2, 1.12
1636609816, 0, 0, 23, 23, 1, 4.70%, 0, 0, 2, 1.11
1636609821, 0, 0, 24, 24, 1, 4.70%, 0, 0, 2, 9.60
1636609833, 0, 0, 25, 25, 1, 4.70%, 0, 0, 2, 1.10
1636609838, 0, 0, 26, 26, 1, 4.70%, 0, 0, 2, 8.50
1636609849, 0, 0, 27, 27, 1, 4.70%, 0, 0, 2, 1.29
1636609854, 0, 0, 28, 28, 1, 4.70%, 0, 0, 2, 1.38
1636609859, 0, 0, 29, 29, 1, 4.70%, 0, 0, 2, 1.41
1636609865, 0, 0, 30, 30, 1, 4.70%, 0, 0, 2, 1.32
1636609875, 0, 0, 31, 31, 1, 4.70%, 0, 0, 2, 1.39
1636609881, 0, 0, 32, 32, 1, 4.70%, 0, 0, 2, 3.65
1636609886, 0, 0, 33, 33, 1, 4.70%, 0, 0, 2, 2.77
1636609897, 0, 0, 34, 34, 1, 4.70%, 0, 0, 2, 1.88
1636609902, 0, 0, 35, 35, 1, 4.70%, 0, 0, 2, 1.63
1636609913, 0, 0, 36, 36, 1, 4.70%, 0, 0, 2, 1.48
1636609918, 0, 0, 37, 37, 1, 4.70%, 0, 0, 2, 1.49
1636609924, 0, 0, 38, 38, 1, 4.70%, 0, 0, 2, 1.15
1636609934, 0, 0, 39, 39, 1, 4.70%, 0, 0, 2, 1.15
1636609940, 0, 0, 40, 40, 1, 4.70%, 0, 0, 2, 1.20
1636609945, 0, 0, 41, 41, 1, 4.70%, 0, 0, 2, 6.48
1636609950, 0, 0, 42, 42, 1, 4.70%, 0, 0, 2, 4.48
1636609961, 0, 0, 43, 43, 1, 4.70%, 0, 0, 2, 2.62
1636609966, 0, 0, 44, 44, 1, 4.70%, 0, 0, 2, 2.14
1636609977, 0, 0, 45, 45, 1, 4.70%, 0, 0, 2, 1.62
1636609983, 0, 0, 46, 46, 1, 4.70%, 0, 0, 2, 3.42
1636609989, 0, 0, 47, 47, 1, 4.70%, 0, 0, 2, 2.34
1636609999, 0, 0, 48, 48, 1, 4.70%, 0, 0, 2, 1.69
1636610005, 0, 0, 49, 49, 1, 4.70%, 0, 0, 2, 10.77
1636610015, 0, 0, 50, 50, 1, 4.70%, 0, 0, 2, 1.37
1636610020, 0, 0, 51, 51, 1, 4.70%, 0, 0, 2, 1.37
1636610026, 0, 0, 52, 52, 1, 4.70%, 0, 0, 2, 1.29
1636610036, 0, 0, 53, 53, 1, 4.70%, 0, 0, 2, 1.52
1636610041, 0, 0, 54, 54, 1, 4.70%, 0, 0, 2, 1.52
1636610047, 0, 0, 55, 55, 1, 4.70%, 0, 0, 2, 1.52
1636610052, 0, 0, 56, 56, 1, 4.70%, 0, 0, 2, 1.42
1636610063, 0, 0, 57, 57, 1, 4.70%, 0, 0, 2, 1.15
1636610069, 0, 0, 58, 58, 1, 4.70%, 0, 0, 2, 1.41
1636610089, 0, 0, 59, 59, 1, 4.70%, 0, 0, 2, 2.69
1636610095, 0, 0, 60, 60, 1, 4.70%, 0, 0, 2, 13.99
1636610106, 0, 0, 61, 61, 1, 4.70%, 0, 0, 2, 2.20
1636610112, 0, 0, 62, 62, 1, 4.70%, 0, 0, 2, 1.87
1636610118, 0, 0, 63, 63, 1, 4.70%, 0, 0, 2, 1.98
1636610128, 0, 0, 64, 64, 1, 4.70%, 0, 0, 2, 1.78
1636610133, 0, 0, 65, 65, 1, 4.70%, 0, 0, 2, 1.67
1636610139, 0, 0, 66, 66, 1, 4.70%, 0, 0, 2, 12.68
1636610150, 0, 0, 67, 67, 1, 4.70%, 0, 0, 2, 1.40
1636610155, 0, 0, 68, 68, 1, 4.70%, 0, 0, 2, 1.12
1636610165, 0, 0, 69, 69, 1, 4.70%, 0, 0, 2, 1.38
1636610176, 0, 0, 70, 70, 1, 4.70%, 0, 0, 2, 1.66
1636610187, 0, 0, 71, 71, 1, 4.70%, 0, 0, 2, 1.59
1636610192, 0, 0, 72, 72, 1, 4.70%, 0, 0, 2, 8.47
1636610203, 0, 0, 73, 73, 1, 4.70%, 0, 0, 2, 5.45
1636610208, 0, 0, 74, 74, 1, 4.70%, 0, 0, 2, 4.93
1636610224, 0, 0, 75, 75, 1, 4.70%, 0, 0, 2, 1.12
1636610239, 0, 0, 76, 76, 1, 4.70%, 0, 0, 2, 1.39
1636610245, 0, 0, 77, 77, 1, 4.70%, 0, 0, 2, 1.05
1636610256, 0, 0, 78, 78, 1, 4.70%, 0, 0, 2, 1.12
1636610261, 0, 0, 79, 79, 1, 4.70%, 0, 0, 2, 1.29
1636610266, 0, 0, 80, 80, 1, 4.70%, 0, 0, 2, 1.36
1636610277, 0, 0, 81, 81, 1, 4.70%, 0, 0, 2, 1.10
1636610287, 0, 0, 82, 82, 1, 4.70%, 0, 0, 2, 1.52
1636610292, 0, 0, 83, 83, 1, 4.70%, 0, 0, 2, 8.94
1636610303, 0, 0, 84, 84, 1, 4.70%, 0, 0, 2, 1.40
1636610309, 0, 0, 85, 85, 1, 4.70%, 0, 0, 2, 1.07
1636610319, 0, 0, 86, 86, 1, 4.70%, 0, 0, 2, 1.24
1636610325, 0, 0, 87, 87, 1, 4.70%, 0, 0, 2, 5.84
1636610330, 0, 0, 88, 88, 1, 4.70%, 0, 0, 2, 4.12
1636610340, 0, 0, 89, 89, 1, 4.70%, 0, 0, 2, 2.91
1636610346, 0, 0, 90, 90, 1, 4.70%, 0, 0, 2, 2.40
1636610356, 0, 0, 91, 91, 1, 4.70%, 0, 0, 2, 1.83
1636610361, 0, 0, 92, 92, 1, 4.70%, 0, 0, 2, 1.67
1636610367, 0, 0, 93, 93, 1, 4.70%, 0, 0, 2, 1.51
1636610373, 0, 0, 94, 94, 1, 4.70%, 0, 0, 2, 9.25
1636610384, 0, 0, 95, 95, 1, 4.70%, 0, 0, 2, 1.18
1636610389, 0, 0, 96, 96, 1, 4.70%, 0, 0, 2, 1.51
1636610394, 0, 0, 97, 97, 1, 4.70%, 0, 0, 2, 1.68
1636610405, 0, 0, 98, 98, 1, 4.70%, 0, 0, 2, 1.41
1636610410, 0, 0, 99, 99, 1, 4.70%, 0, 0, 2, 1.32
1636610421, 0, 0, 100, 100, 1, 4.70%, 0, 0, 2, 1.36
1636610426, 0, 0, 101, 101, 1, 4.70%, 0, 0, 2, 1.56
1636610432, 0, 0, 102, 102, 1, 4.70%, 0, 0, 2, 1.44
1636610437, 0, 0, 103, 103, 1, 4.70%, 0, 0, 2, 1.33
1636610448, 0, 0, 104, 104, 1, 4.70%, 0, 0, 2, 1.35
1636610453, 0, 0, 105, 105, 1, 4.70%, 0, 0, 2, 1.52
1636610463, 0, 0, 106, 106, 1, 4.70%, 0, 0, 2, 1.47
1636610468, 0, 0, 107, 107, 1, 4.70%, 0, 0, 2, 1.15
1636610479, 0, 0, 108, 108, 1, 4.70%, 0, 0, 2, 1.19
1636610484, 0, 0, 109, 109, 1, 4.70%, 0, 0, 2, 1.66
1636610490, 0, 0, 110, 110, 1, 4.70%, 0, 0, 2, 1.67
1636610495, 0, 0, 111, 111, 1, 4.70%, 0, 0, 2, 1.84
1636610506, 0, 0, 112, 112, 1, 4.70%, 0, 0, 2, 1.46
1636610511, 0, 0, 113, 113, 1, 4.70%, 0, 0, 2, 1.46
1636610516, 0, 0, 114, 114, 1, 4.70%, 0, 0, 2, 8.15
1636610527, 0, 0, 115, 115, 1, 4.70%, 0, 0, 2, 1.32
1636610532, 0, 0, 116, 116, 1, 4.70%, 0, 0, 2, 1.25
1636610543, 0, 0, 117, 117, 1, 4.70%, 0, 0, 2, 1.41
1636610548, 0, 0, 118, 118, 1, 4.70%, 0, 0, 2, 1.87
1636610554, 0, 0, 119, 119, 1, 4.70%, 0, 0, 2, 1.72
1636610564, 0, 0, 120, 120, 1, 4.70%, 0, 0, 2, 1.40
1636610569, 0, 0, 121, 121, 1, 4.70%, 0, 0, 2, 1.32
1636610575, 0, 0, 122, 122, 1, 4.70%, 0, 0, 2, 1.35
1636610585, 0, 0, 123, 123, 1, 4.70%, 0, 0, 2, 1.56
1636610591, 0, 0, 124, 124, 1, 4.70%, 0, 0, 2, 1.73
1636610596, 0, 0, 125, 125, 1, 4.70%, 0, 0, 2, 1.54
1636610607, 0, 0, 126, 126, 1, 4.70%, 0, 0, 2, 1.44
1636610612, 0, 0, 127, 127, 1, 4.70%, 0, 0, 2, 1.40
1636610617, 0, 0, 128, 128, 1, 4.70%, 0, 0, 2, 1.40
1636610628, 0, 0, 129, 129, 1, 4.70%, 0, 0, 2, 1.23
1636610634, 0, 0, 130, 130, 1, 4.70%, 0, 0, 2, 11.18
1636610645, 0, 0, 131, 131, 1, 4.70%, 0, 0, 2, 1.36
1636610650, 0, 0, 132, 132, 1, 4.70%, 0, 0, 2, 1.34
1636610656, 0, 0, 133, 133, 1, 4.70%, 0, 0, 2, 1.13
1636610666, 0, 0, 134, 134, 1, 4.70%, 0, 0, 2, 1.12
1636610677, 0, 0, 135, 135, 1, 4.70%, 0, 0, 2, 1.69
1636610682, 0, 0, 136, 136, 1, 4.70%, 0, 0, 2, 1.04
1636610693, 0, 0, 137, 137, 1, 4.70%, 0, 0, 2, 1.13
1636610703, 0, 0, 138, 138, 1, 4.70%, 0, 0, 2, 1.36
1636610709, 0, 0, 139, 139, 1, 4.70%, 0, 0, 2, 1.40
1636610714, 0, 0, 140, 140, 1, 4.70%, 0, 0, 2, 1.35
1636610720, 0, 0, 141, 141, 1, 4.70%, 0, 0, 2, 1.48
1636610730, 0, 0, 142, 142, 1, 4.70%, 0, 0, 2, 1.45
1636610736, 0, 0, 143, 143, 1, 4.70%, 0, 0, 2, 1.42
1636610741, 0, 0, 144, 144, 1, 4.70%, 0, 0, 2, 1.46
1636610751, 0, 0, 145, 145, 1, 4.70%, 0, 0, 2, 1.47
1636610757, 0, 0, 146, 146, 1, 4.70%, 0, 0, 2, 1.43
1636610768, 0, 0, 147, 147, 1, 4.70%, 0, 0, 2, 1.43
1636610773, 0, 0, 148, 148, 1, 4.70%, 0, 0, 2, 1.53
1636610778, 0, 0, 149, 149, 1, 4.70%, 0, 0, 2, 1.46
1636610784, 0, 0, 150, 150, 1, 4.70%, 0, 0, 2, 1.16
1636610794, 0, 0, 151, 151, 1, 4.70%, 0, 0, 2, 1.57
1636610799, 0, 0, 152, 152, 1, 4.70%, 0, 0, 2, 1.56
1636610810, 0, 0, 153, 153, 1, 4.70%, 0, 0, 2, 4.39
1636610815, 0, 0, 154, 154, 1, 4.70%, 0, 0, 2, 3.36
1636610825, 0, 0, 155, 155, 1, 4.70%, 0, 0, 2, 2.56
1636610831, 0, 0, 156, 156, 1, 4.70%, 0, 0, 2, 2.13
1636610836, 0, 0, 157, 157, 1, 4.70%, 0, 0, 2, 1.47
1636610847, 0, 0, 158, 158, 1, 4.70%, 0, 0, 2, 1.38
1636610852, 0, 0, 159, 159, 1, 4.70%, 0, 0, 2, 1.31
1636610857, 0, 0, 160, 160, 1, 4.70%, 0, 0, 2, 1.33
1636610868, 0, 0, 161, 161, 1, 4.70%, 0, 0, 2, 1.43
1636610873, 0, 0, 162, 162, 1, 4.70%, 0, 0, 2, 1.46
1636610878, 0, 0, 163, 163, 1, 4.70%, 0, 0, 2, 1.37
1636610884, 0, 0, 164, 164, 1, 4.70%, 0, 0, 2, 1.29
1636610895, 0, 0, 165, 165, 1, 4.70%, 0, 0, 2, 1.32
1636610900, 0, 0, 166, 166, 1, 4.70%, 0, 0, 2, 1.34
1636610905, 0, 0, 167, 167, 1, 4.70%, 0, 0, 2, 1.37
1636610916, 0, 0, 168, 168, 1, 4.70%, 0, 0, 2, 1.34
1636610921, 0, 0, 169, 169, 1, 4.70%, 0, 0, 2, 1.13
1636610932, 0, 0, 170, 170, 1, 4.70%, 0, 0, 2, 1.54
1636610938, 0, 0, 171, 171, 1, 4.70%, 0, 0, 2, 1.49
1636610943, 0, 0, 172, 172, 1, 4.70%, 0, 0, 2, 1.38
1636610954, 0, 0, 173, 173, 1, 4.70%, 0, 0, 2, 1.13
1636610965, 0, 0, 174, 174, 1, 4.70%, 0, 0, 2, 1.45
1636610970, 0, 0, 175, 175, 1, 4.70%, 0, 0, 2, 1.34
1636610975, 0, 0, 176, 176, 1, 4.70%, 0, 0, 2, 1.49
1636610986, 0, 0, 177, 177, 1, 4.70%, 0, 0, 2, 1.42
1636610991, 0, 0, 178, 178, 1, 4.70%, 0, 0, 2, 1.45
1636611002, 0, 0, 179, 179, 1, 4.70%, 0, 0, 2, 1.40
1636611008, 0, 0, 180, 180, 1, 4.70%, 0, 0, 2, 1.32
1636611013, 0, 0, 181, 181, 1, 4.70%, 0, 0, 2, 1.16
1636611023, 0, 0, 182, 182, 1, 4.70%, 0, 0, 2, 1.28
1636611029, 0, 0, 183, 183, 1, 4.70%, 0, 0, 2, 1.50
1636611034, 0, 0, 184, 184, 1, 4.70%, 0, 0, 2, 1.46
1636611039, 0, 0, 185, 185, 1, 4.70%, 0, 0, 2, 1.42
1636611050, 0, 0, 186, 186, 1, 4.70%, 0, 0, 2, 1.18
1636611055, 0, 0, 187, 187, 1, 4.70%, 0, 0, 2, 1.50
1636611060, 0, 0, 188, 188, 1, 4.70%, 0, 0, 2, 1.77
1636611071, 0, 0, 189, 189, 1, 4.70%, 0, 0, 2, 1.47
1636611076, 0, 0, 190, 190, 1, 4.70%, 0, 0, 2, 1.38
1636611086, 0, 0, 191, 191, 1, 4.70%, 0, 0, 2, 1.85
1636611097, 0, 0, 192, 192, 1, 4.70%, 0, 0, 2, 1.35
1636611108, 0, 0, 193, 193, 1, 4.70%, 0, 0, 2, 1.17
1636611113, 0, 0, 194, 194, 1, 4.70%, 0, 0, 2, 1.23
1636611124, 0, 0, 195, 195, 1, 4.70%, 0, 0, 2, 1.47
1636611129, 0, 0, 196, 196, 1, 4.70%, 0, 0, 2, 1.36
1636611140, 0, 0, 197, 197, 1, 4.70%, 0, 0, 2, 2.10
1636611150, 0, 0, 198, 198, 1, 4.70%, 0, 0, 2, 1.67
1636611156, 0, 0, 199, 199, 1, 4.70%, 0, 0, 2, 1.53
1636611161, 0, 0, 200, 200, 1, 4.70%, 0, 0, 2, 1.50
1636611172, 0, 0, 201, 201, 1, 4.70%, 0, 0, 2, 1.15
1636611177, 0, 0, 202, 202, 1, 4.70%, 0, 0, 2, 1.16
1636611187, 0, 0, 203, 203, 1, 4.70%, 0, 0, 2, 1.28
1636611193, 0, 0, 204, 204, 1, 4.70%, 0, 0, 2, 1.25
1636611203, 0, 0, 205, 205, 1, 4.70%, 0, 0, 2, 1.34
1636611208, 0, 0, 206, 206, 1, 4.70%, 0, 0, 2, 1.28
1636611213, 0, 0, 207, 207, 1, 4.70%, 0, 0, 2, 11.82
1636611224, 0, 0, 208, 208, 1, 4.70%, 0, 0, 2, 1.65
1636611230, 0, 0, 209, 209, 1, 4.70%, 0, 0, 2, 1.47
1636611235, 0, 0, 210, 210, 1, 4.70%, 0, 0, 2, 1.36
1636611246, 0, 0, 211, 211, 1, 4.70%, 0, 0, 2, 1.39
1636611251, 0, 0, 212, 212, 1, 4.70%, 0, 0, 2, 1.45
1636611257, 0, 0, 213, 213, 1, 4.70%, 0, 0, 2, 1.36
1636611268, 0, 0, 214, 214, 1, 4.70%, 0, 0, 2, 1.13
1636611273, 0, 0, 215, 215, 1, 4.70%, 0, 0, 2, 3.14
1636611283, 0, 0, 216, 216, 1, 4.70%, 0, 0, 2, 1.57
1636611294, 0, 0, 217, 217, 1, 4.70%, 0, 0, 2, 1.86
1636611305, 0, 0, 218, 218, 1, 4.70%, 0, 0, 2, 2.93
1636611310, 0, 0, 219, 219, 1, 4.70%, 0, 0, 2, 2.43
1636611316, 0, 0, 220, 220, 1, 4.70%, 0, 0, 2, 2.04
1636611326, 0, 0, 221, 221, 1, 4.70%, 0, 0, 2, 1.54
1636611332, 0, 0, 222, 222, 1, 4.70%, 0, 0, 2, 2.29
1636611342, 0, 0, 223, 223, 1, 4.70%, 0, 0, 2, 2.04
1636611348, 0, 0, 224, 224, 1, 4.70%, 0, 0, 2, 1.51
1636611363, 0, 0, 225, 225, 1, 4.70%, 0, 0, 2, 1.15
1636611369, 0, 0, 226, 226, 1, 4.70%, 0, 0, 2, 1.20
1636611390, 0, 0, 227, 227, 1, 4.70%, 0, 0, 2, 1.11
1636611395, 0, 0, 228, 228, 1, 4.70%, 0, 0, 2, 1.30
1636611401, 0, 0, 229, 229, 1, 4.70%, 0, 0, 2, 1.32
1636611411, 0, 0, 230, 230, 1, 4.70%, 0, 0, 2, 1.32
1636611417, 0, 0, 231, 231, 1, 4.70%, 0, 0, 2, 1.20
1636611428, 0, 0, 232, 232, 1, 4.70%, 0, 0, 2, 9.30
1636611439, 0, 0, 233, 233, 1, 4.70%, 0, 0, 2, 1.37
1636611445, 0, 0, 234, 234, 1, 4.70%, 0, 0, 2, 1.01
1636611450, 0, 0, 235, 235, 1, 4.70%, 0, 0, 2, 1.04
1636611461, 0, 0, 236, 236, 1, 4.70%, 0, 0, 2, 1.13
1636611467, 0, 0, 237, 237, 1, 4.70%, 0, 0, 2, 1.41
1636611472, 0, 0, 238, 238, 1, 4.70%, 0, 0, 2, 1.43
1636611483, 0, 0, 239, 239, 1, 4.70%, 0, 0, 2, 1.29
1636611489, 0, 0, 240, 240, 1, 4.70%, 0, 0, 2, 1.13
1636611499, 0, 0, 241, 241, 1, 4.70%, 0, 0, 2, 3.76
1636611504, 0, 0, 242, 242, 1, 4.70%, 0, 0, 2, 1.53
1636611520, 0, 0, 243, 243, 1, 4.70%, 0, 0, 2, 1.14
1636611541, 0, 0, 244, 244, 1, 4.70%, 0, 0, 2, 1.19
1636611546, 0, 0, 245, 245, 1, 4.70%, 0, 0, 2, 1.17
1636611557, 0, 0, 246, 246, 1, 4.70%, 0, 0, 2, 1.17
1636611562, 0, 0, 247, 247, 1, 4.70%, 0, 0, 2, 1.22
1636611572, 0, 0, 248, 248, 1, 4.70%, 0, 0, 2, 1.27
1636611578, 0, 0, 249, 249, 1, 4.70%, 0, 0, 2, 1.28
1636611588, 0, 0, 250, 250, 1, 4.70%, 0, 0, 2, 1.42
1636611593, 0, 0, 251, 251, 1, 4.70%, 0, 0, 2, 1.41
1636611604, 0, 0, 252, 252, 1, 4.70%, 0, 0, 2, 1.09
1636611615, 0, 0, 253, 253, 1, 4.70%, 0, 0, 2, 11.36
1636611636, 0, 0, 254, 254, 1, 4.70%, 0, 0, 2, 1.45
1636611641, 0, 0, 255, 255, 1, 4.70%, 0, 0, 2, 1.60
1636611652, 0, 0, 256, 256, 1, 4.70%, 0, 0, 2, 1.36
1636611657, 0, 0, 257, 257, 1, 4.70%, 0, 0, 2, 1.63
1636611668, 0, 0, 258, 258, 1, 4.70%, 0, 0, 2, 1.55
1636611673, 0, 0, 259, 259, 1, 4.70%, 0, 0, 2, 1.40
1636611684, 0, 0, 260, 260, 1, 4.70%, 0, 0, 2, 1.32
1636611689, 0, 0, 261, 261, 1, 4.70%, 0, 0, 2, 1.39
1636611695, 0, 0, 262, 262, 1, 4.70%, 0, 0, 2, 9.43
1636611715, 0, 0, 263, 263, 1, 4.70%, 0, 0, 2, 1.14
1636611720, 0, 0, 264, 264, 1, 4.70%, 0, 0, 2, 1.52
1636611726, 0, 0, 265, 265, 1, 4.70%, 0, 0, 2, 1.36
1636611737, 0, 0, 266, 266, 1, 4.70%, 0, 0, 2, 1.27
1636611742, 0, 0, 267, 267, 1, 4.70%, 0, 0, 2, 1.36
1636611753, 0, 0, 268, 268, 1, 4.70%, 0, 0, 2, 1.31
1636611758, 0, 0, 269, 269, 1, 4.70%, 0, 0, 2, 1.48
1636611763, 0, 0, 270, 270, 1, 4.70%, 0, 0, 2, 1.39
1636611774, 0, 0, 271, 271, 1, 4.70%, 0, 0, 2, 1.26
1636611779, 0, 0, 272, 272, 1, 4.70%, 0, 0, 2, 1.30
1636611789, 0, 0, 273, 273, 1, 4.70%, 0, 0, 2, 1.33
1636611795, 0, 0, 274, 274, 1, 4.70%, 0, 0, 2, 1.23
1636611806, 0, 0, 275, 275, 1, 4.70%, 0, 0, 2, 1.11
1636611811, 0, 0, 276, 276, 1, 4.70%, 0, 0, 2, 1.10
1636611817, 0, 0, 277, 277, 1, 4.70%, 0, 0, 2, 1.26
1636611828, 0, 0, 278, 278, 1, 4.70%, 0, 0, 2, 1.31
1636611833, 0, 0, 279, 279, 1, 4.70%, 0, 0, 2, 1.25
1636611838, 0, 0, 280, 280, 1, 4.70%, 0, 0, 2, 1.29
1636611849, 0, 0, 281, 281, 1, 4.70%, 0, 0, 2, 1.34
1636611855, 0, 0, 282, 282, 1, 4.70%, 0, 0, 2, 1.39
1636611860, 0, 0, 283, 283, 1, 4.70%, 0, 0, 2, 1.30
1636611871, 0, 0, 284, 284, 1, 4.70%, 0, 0, 2, 1.21
1636611876, 0, 0, 285, 285, 1, 4.70%, 0, 0, 2, 1.64
1636611886, 0, 0, 286, 286, 1, 4.70%, 0, 0, 2, 1.71
1636611891, 0, 0, 287, 287, 1, 4.70%, 0, 0, 2, 1.90
1636611902, 0, 0, 288, 288, 1, 4.70%, 0, 0, 2, 1.48
1636611907, 0, 0, 289, 289, 1, 4.70%, 0, 0, 2, 1.61
1636611918, 0, 0, 290, 290, 1, 4.70%, 0, 0, 2, 1.44
1636611923, 0, 0, 291, 291, 1, 4.70%, 0, 0, 2, 1.41
1636611928, 0, 0, 292, 292, 1, 4.70%, 0, 0, 2, 1.17
1636611939, 0, 0, 293, 293, 1, 4.70%, 0, 0, 2, 1.17
1636611944, 0, 0, 294, 294, 1, 4.70%, 0, 0, 2, 1.26
1636611950, 0, 0, 295, 295, 1, 4.70%, 0, 0, 2, 1.48
1636611960, 0, 0, 296, 296, 1, 4.70%, 0, 0, 2, 1.54
1636611966, 0, 0, 297, 297, 1, 4.70%, 0, 0, 2, 1.68
1636611976, 0, 0, 298, 298, 1, 4.70%, 0, 0, 2, 1.49
1636611982, 0, 0, 299, 299, 1, 4.70%, 0, 0, 2, 1.50
1636611993, 0, 0, 300, 300, 1, 4.70%, 0, 0, 2, 1.28
1636611998, 0, 0, 301, 301, 1, 4.70%, 0, 0, 2, 1.41
1636612009, 0, 0, 302, 302, 1, 4.70%, 0, 0, 2, 1.16
1636612015, 0, 0, 303, 303, 1, 4.70%, 0, 0, 2, 1.19
1636612027, 0, 0, 304, 304, 1, 4.70%, 0, 0, 2, 1.11
1636612032, 0, 0, 305, 305, 1, 4.70%, 0, 0, 2, 8.58
1636612043, 0, 0, 306, 306, 1, 4.70%, 0, 0, 2, 1.30
1636612048, 0, 0, 307, 307, 1, 4.70%, 0, 0, 2, 1.72
1636612059, 0, 0, 308, 308, 1, 4.70%, 0, 0, 2, 1.41
1636612065, 0, 0, 309, 309, 1, 4.70%, 0, 0, 2, 1.38
1636612075, 0, 0, 310, 310, 1, 4.70%, 0, 0, 2, 1.49
1636612080, 0, 0, 311, 311, 1, 4.70%, 0, 0, 2, 1.41
1636612086, 0, 0, 312, 312, 1, 4.70%, 0, 0, 2, 1.28
1636612097, 0, 0, 313, 313, 1, 4.70%, 0, 0, 2, 1.18
1636612103, 0, 0, 314, 314, 1, 4.70%, 0, 0, 2, 11.70
1636612114, 0, 0, 315, 315, 1, 4.70%, 0, 0, 2, 1.11
1636612124, 0, 0, 316, 316, 1, 4.70%, 0, 0, 2, 1.12
1636612130, 0, 0, 317, 317, 1, 4.70%, 0, 0, 2, 1.11
1636612141, 0, 0, 318, 318, 1, 4.70%, 0, 0, 2, 1.44
1636612152, 0, 0, 319, 319, 1, 4.70%, 0, 0, 2, 1.13
1636612167, 0, 0, 320, 320, 1, 4.70%, 0, 0, 2, 1.13
1636612172, 0, 0, 321, 321, 1, 4.70%, 0, 0, 2, 0.98
1636612188, 0, 0, 322, 322, 1, 4.70%, 0, 0, 2, 1.13
1636612194, 0, 0, 323, 323, 1, 4.70%, 0, 0, 2, 1.34
1636612205, 0, 0, 324, 324, 1, 4.70%, 0, 0, 2, 1.62
1636612210, 0, 0, 325, 325, 1, 4.70%, 0, 0, 2, 1.67
1636612221, 0, 0, 326, 326, 1, 4.70%, 0, 0, 2, 1.09
1636612227, 0, 0, 327, 327, 1, 4.70%, 0, 0, 2, 1.08
1636612237, 0, 0, 328, 328, 1, 4.70%, 0, 0, 2, 73.46
1636612248, 0, 0, 329, 329, 1, 4.70%, 0, 0, 2, 1.15
1636612259, 0, 0, 330, 330, 1, 4.70%, 0, 0, 2, 2.58
1636612264, 0, 0, 331, 331, 1, 4.70%, 0, 0, 2, 2.32
1636612275, 0, 0, 332, 332, 1, 4.70%, 0, 0, 2, 1.13
1636612280, 0, 0, 333, 333, 1, 4.70%, 0, 0, 2, 1.11
1636612291, 0, 0, 334, 334, 1, 4.70%, 0, 0, 2, 1.11
1636612297, 0, 0, 335, 335, 1, 4.70%, 0, 0, 2, 1.10
1636612308, 0, 0, 336, 336, 1, 4.70%, 0, 0, 2, 1.11
1636612318, 0, 0, 337, 337, 1, 4.70%, 0, 0, 2, 1.13
1636612339, 0, 0, 338, 338, 1, 4.70%, 0, 0, 2, 1.11
1636612350, 0, 0, 339, 339, 1, 4.70%, 0, 0, 2, 1.11
1636612355, 0, 0, 340, 340, 1, 4.70%, 0, 0, 2, 1.12
1636612366, 0, 0, 341, 341, 1, 4.70%, 0, 0, 2, 1.27
1636612377, 0, 0, 342, 342, 1, 4.70%, 0, 0, 2, 1.25
1636612388, 0, 0, 343, 343, 1, 4.70%, 0, 0, 2, 1.30
1636612394, 0, 0, 344, 344, 1, 4.70%, 0, 0, 2, 1.37
1636612405, 0, 0, 345, 345, 1, 4.70%, 0, 0, 2, 1.22
1636612415, 0, 0, 346, 346, 1, 4.70%, 0, 0, 2, 1.07
1636612426, 0, 0, 347, 347, 1, 4.70%, 0, 0, 2, 1.07
1636612432, 0, 0, 348, 348, 1, 4.70%, 0, 0, 2, 1.08
1636612442, 0, 0, 349, 349, 1, 4.70%, 0, 0, 2, 1.09
1636612454, 0, 0, 350, 350, 1, 4.70%, 0, 0, 2, 1.08
1636612464, 0, 0, 351, 351, 1, 4.70%, 0, 0, 2, 1.09
1636612474, 0, 0, 352, 352, 1, 4.70%, 0, 0, 2, 1.11
1636612486, 0, 0, 353, 353, 1, 4.70%, 0, 0, 2, 1.10
1636612501, 0, 0, 354, 354, 1, 4.70%, 0, 0, 2, 4.63
1636612512, 0, 0, 355, 355, 1, 4.70%, 0, 0, 2, 2.73
1636612523, 0, 0, 356, 356, 1, 4.70%, 0, 0, 2, 2.03
1636612534, 0, 0, 357, 357, 1, 4.70%, 0, 0, 2, 1.07
1636612545, 0, 0, 358, 358, 1, 4.70%, 0, 0, 2, 1.08
1636612550, 0, 0, 359, 359, 1, 4.70%, 0, 0, 2, 1.21
1636612562, 0, 0, 360, 360, 1, 4.70%, 0, 0, 2, 1.24
1636612573, 0, 0, 361, 361, 1, 4.70%, 0, 0, 2, 1.15
1636612579, 0, 0, 362, 362, 1, 4.70%, 0, 0, 2, 1.13
1636612590, 0, 0, 363, 363, 1, 4.70%, 0, 0, 2, 1.15
1636612595, 0, 0, 364, 364, 1, 4.70%, 0, 0, 2, 1.13
1636612606, 0, 0, 365, 365, 1, 4.70%, 0, 0, 2, 1.10
1636612612, 0, 0, 366, 366, 1, 4.70%, 0, 0, 2, 1.09
1636612623, 0, 0, 367, 367, 1, 4.70%, 0, 0, 2, 1.07
1636612629, 0, 0, 368, 368, 1, 4.70%, 0, 0, 2, 6.20
1636612640, 0, 0, 369, 369, 1, 4.70%, 0, 0, 2, 12.10
1636612652, 0, 0, 370, 370, 1, 4.70%, 0, 0, 2, 1.24
1636612657, 0, 0, 371, 371, 1, 4.70%, 0, 0, 2, 1.19
1636612674, 0, 0, 372, 372, 1, 4.70%, 0, 0, 2, 1.09
1636612680, 0, 0, 373, 373, 1, 4.70%, 0, 0, 2, 11.42
1636612691, 0, 0, 374, 374, 1, 4.70%, 0, 0, 2, 1.09
1636612697, 0, 0, 375, 375, 1, 4.70%, 0, 0, 2, 8.38
1636612708, 0, 0, 376, 376, 1, 4.70%, 0, 0, 2, 1.25
1636612719, 0, 0, 377, 377, 1, 4.70%, 0, 0, 2, 1.25
1636612725, 0, 0, 378, 378, 1, 4.70%, 0, 0, 2, 1.25
1636612736, 0, 0, 379, 379, 1, 4.70%, 0, 0, 2, 1.26
1636612741, 0, 0, 380, 380, 1, 4.70%, 0, 0, 2, 1.21
1636612753, 0, 0, 381, 381, 1, 4.70%, 0, 0, 2, 1.18
1636612758, 0, 0, 382, 382, 1, 4.70%, 0, 0, 2, 1.22
1636612769, 0, 0, 383, 383, 1, 4.70%, 0, 0, 2, 1.16
1636612775, 0, 0, 384, 384, 1, 4.70%, 0, 0, 2, 1.48
1636612780, 0, 0, 385, 385, 1, 4.70%, 0, 0, 2, 1.43
1636612791, 0, 0, 386, 386, 1, 4.70%, 0, 0, 2, 1.26
1636612796, 0, 0, 387, 387, 1, 4.70%, 0, 0, 2, 1.29
1636612802, 0, 0, 388, 388, 1, 4.70%, 0, 0, 2, 1.36
1636612812, 0, 0, 389, 389, 1, 4.70%, 0, 0, 2, 1.25
1636612823, 0, 0, 390, 390, 1, 4.70%, 0, 0, 2, 1.27
1636612828, 0, 0, 391, 391, 1, 4.70%, 0, 0, 2, 1.65
1636612833, 0, 0, 392, 392, 1, 4.70%, 0, 0, 2, 1.60
1636612850, 0, 0, 393, 393, 1, 4.70%, 0, 0, 2, 1.14
1636612855, 0, 0, 394, 394, 1, 4.70%, 0, 0, 2, 1.16
1636612866, 0, 0, 395, 395, 1, 4.70%, 0, 0, 2, 1.52
1636612872, 0, 0, 396, 396, 1, 4.70%, 0, 0, 2, 1.41
1636612882, 0, 0, 397, 397, 1, 4.70%, 0, 0, 2, 1.15
1636612888, 0, 0, 398, 398, 1, 4.70%, 0, 0, 2, 1.15
1636612898, 0, 0, 399, 399, 1, 4.70%, 0, 0, 2, 1.32
1636612903, 0, 0, 400, 400, 1, 4.70%, 0, 0, 2, 1.36
1636612914, 0, 0, 401, 401, 1, 4.70%, 0, 0, 2, 1.21
1636612920, 0, 0, 402, 402, 1, 4.70%, 0, 0, 2, 1.19
1636612925, 0, 0, 403, 403, 1, 4.70%, 0, 0, 2, 1.31
1636612930, 0, 0, 404, 404, 1, 4.70%, 0, 0, 2, 1.38
1636612941, 0, 0, 405, 405, 1, 4.70%, 0, 0, 2, 1.15
1636612952, 0, 0, 406, 406, 1, 4.70%, 0, 0, 2, 1.15
1636612957, 0, 0, 407, 407, 1, 4.70%, 0, 0, 2, 1.59
1636612973, 0, 0, 408, 408, 1, 4.70%, 0, 0, 2, 3.49
1636612979, 0, 0, 409, 409, 1, 4.70%, 0, 0, 2, 96.54
1636613000, 0, 0, 410, 410, 1, 4.70%, 0, 0, 2, 1.14
1636613011, 0, 0, 411, 411, 1, 4.70%, 0, 0, 2, 1.13
1636613016, 0, 0, 412, 412, 1, 4.70%, 0, 0, 2, 5.39
1636613032, 0, 0, 413, 413, 1, 4.70%, 0, 0, 2, 6.59
1636613042, 0, 0, 414, 414, 1, 4.70%, 0, 0, 2, 1.15
1636613053, 0, 0, 415, 415, 1, 4.70%, 0, 0, 2, 1.51
1636613064, 0, 0, 416, 416, 1, 4.70%, 0, 0, 2, 1.16
1636613069, 0, 0, 417, 417, 1, 4.70%, 0, 0, 2, 1.15
1636613085, 0, 0, 418, 418, 1, 4.70%, 0, 0, 2, 1.45
1636613091, 0, 0, 419, 419, 1, 4.70%, 0, 0, 2, 1.59
1636613102, 0, 0, 420, 420, 1, 4.70%, 0, 0, 2, 2.06
1636613112, 0, 0, 421, 421, 1, 4.70%, 0, 0, 2, 1.89
1636613118, 0, 0, 422, 422, 1, 4.70%, 0, 0, 2, 1.69
1636613129, 0, 0, 423, 423, 1, 4.70%, 0, 0, 2, 1.13
1636613139, 0, 0, 424, 424, 1, 4.70%, 0, 0, 2, 3.05
1636613145, 0, 0, 425, 425, 1, 4.70%, 0, 0, 2, 8.82
1636613161, 0, 0, 426, 426, 1, 4.70%, 0, 0, 2, 1.07
1636613176, 0, 0, 427, 427, 1, 4.70%, 0, 0, 2, 1.48
1636613182, 0, 0, 428, 428, 1, 4.70%, 0, 0, 2, 1.46
1636613198, 0, 0, 429, 429, 1, 4.70%, 0, 0, 2, 1.16
1636613204, 0, 0, 430, 430, 1, 4.70%, 0, 0, 2, 6.25
1636613214, 0, 0, 431, 431, 1, 4.70%, 0, 0, 2, 2.41
1636613224, 0, 0, 432, 432, 1, 4.70%, 0, 0, 2, 1.16
1636613235, 0, 0, 433, 433, 1, 4.70%, 0, 0, 2, 1.16
1636613240, 0, 0, 434, 434, 1, 4.70%, 0, 0, 2, 1.53
1636613250, 0, 0, 435, 435, 1, 4.70%, 0, 0, 2, 4.28
1636613261, 0, 0, 436, 436, 1, 4.70%, 0, 0, 2, 2.57
1636613272, 0, 0, 437, 437, 1, 4.70%, 0, 0, 2, 2.09
1636613277, 0, 0, 438, 438, 1, 4.70%, 0, 0, 2, 1.48
1636613282, 0, 0, 439, 439, 1, 4.70%, 0, 0, 2, 1.08
1636613288, 0, 0, 440, 440, 1, 4.70%, 0, 0, 2, 17.99
1636613299, 0, 0, 441, 441, 1, 4.70%, 0, 0, 2, 1.18
1636613304, 0, 0, 442, 442, 1, 4.70%, 0, 0, 2, 1.45
1636613310, 0, 0, 443, 443, 1, 4.70%, 0, 0, 2, 1.68
1636613321, 0, 0, 444, 444, 1, 4.70%, 0, 0, 2, 1.60
1636613331, 0, 0, 445, 445, 1, 4.70%, 0, 0, 2, 1.40
1636613337, 0, 0, 446, 446, 1, 4.70%, 0, 0, 2, 1.49
1636613343, 0, 0, 447, 447, 1, 4.70%, 0, 0, 2, 1.45
1636613353, 0, 0, 448, 448, 1, 4.70%, 0, 0, 2, 1.54
1636613359, 0, 0, 449, 449, 1, 4.70%, 0, 0, 2, 1.73
1636613369, 0, 0, 450, 450, 1, 4.70%, 0, 0, 2, 1.47
1636613375, 0, 0, 451, 451, 1, 4.70%, 0, 0, 2, 1.60
1636613385, 0, 0, 452, 452, 1, 4.70%, 0, 0, 2, 1.54
1636613396, 0, 0, 453, 453, 1, 4.70%, 0, 0, 2, 1.81
1636613407, 0, 0, 454, 454, 1, 4.70%, 0, 0, 2, 1.35
1636613412, 0, 0, 455, 455, 1, 4.70%, 0, 0, 2, 1.28
1636613423, 0, 0, 456, 456, 1, 4.70%, 0, 0, 2, 1.13
1636613433, 0, 0, 457, 457, 1, 4.70%, 0, 0, 2, 1.35
1636613439, 0, 0, 458, 458, 1, 4.70%, 0, 0, 2, 1.48
1636613450, 0, 0, 459, 459, 1, 4.70%, 0, 0, 2, 1.14
1636613460, 0, 0, 460, 460, 1, 4.70%, 0, 0, 2, 1.24
1636613466, 0, 0, 461, 461, 1, 4.70%, 0, 0, 2, 1.39
1636613477, 0, 0, 462, 462, 1, 4.70%, 0, 0, 2, 1.07
1636613493, 0, 0, 463, 463, 1, 4.70%, 0, 0, 2, 2.05
1636613498, 0, 0, 464, 464, 1, 4.70%, 0, 0, 2, 2.57
1636613509, 0, 0, 465, 465, 1, 4.70%, 0, 0, 2, 2.03
1636613514, 0, 0, 466, 466, 1, 4.70%, 0, 0, 2, 1.74
1636613530, 0, 0, 467, 467, 1, 4.70%, 0, 0, 2, 1.46
1636613540, 0, 0, 468, 468, 1, 4.70%, 0, 0, 2, 2.01
1636613551, 0, 0, 469, 469, 1, 4.70%, 0, 0, 2, 1.69
1636613561, 0, 0, 470, 470, 1, 4.70%, 0, 0, 2, 1.48
1636613578, 0, 0, 471, 471, 1, 4.70%, 0, 0, 2, 1.12
1636613589, 0, 0, 472, 472, 1, 4.70%, 0, 0, 2, 1.21
1636613595, 0, 0, 473, 473, 1, 4.70%, 0, 0, 2, 1.52
1636613606, 0, 0, 474, 474, 1, 4.70%, 0, 0, 2, 1.07
1636613617, 0, 0, 475, 475, 1, 4.70%, 0, 0, 2, 4.81
1636613622, 0, 0, 476, 476, 1, 4.70%, 0, 0, 2, 3.58
1636613634, 0, 0, 477, 477, 1, 4.70%, 0, 0, 2, 2.18
1636613645, 0, 0, 478, 478, 1, 4.70%, 0, 0, 2, 1.11
1636613655, 0, 0, 479, 479, 1, 4.70%, 0, 0, 2, 1.41
1636613661, 0, 0, 480, 480, 1, 4.70%, 0, 0, 2, 1.35
1636613672, 0, 0, 481, 481, 1, 4.70%, 0, 0, 2, 1.52
1636613677, 0, 0, 482, 482, 1, 4.70%, 0, 0, 2, 1.67
1636613698, 0, 0, 483, 483, 1, 4.70%, 0, 0, 2, 1.10
1636613709, 0, 0, 484, 484, 1, 4.70%, 0, 0, 2, 1.09
1636613715, 0, 0, 485, 485, 1, 4.70%, 0, 0, 2, 1.36
1636613730, 0, 0, 486, 486, 1, 4.70%, 0, 0, 2, 1.13
1636613741, 0, 0, 487, 487, 1, 4.70%, 0, 0, 2, 2.96
1636613751, 0, 0, 488, 488, 1, 4.70%, 0, 0, 2, 2.02
1636613756, 0, 0, 489, 489, 1, 4.70%, 0, 0, 2, 1.75
1636613766, 0, 0, 490, 490, 1, 4.70%, 0, 0, 2, 1.14
1636613772, 0, 0, 491, 491, 1, 4.70%, 0, 0, 2, 20.30
1636613787, 0, 0, 492, 492, 1, 4.70%, 0, 0, 2, 75.44
1636613793, 0, 0, 493, 493, 1, 4.70%, 0, 0, 2, 1.13
1636613803, 0, 0, 494, 494, 1, 4.70%, 0, 0, 2, 1.13
1636613814, 0, 0, 495, 495, 1, 4.70%, 0, 0, 2, 1.45
1636613829, 0, 0, 496, 496, 1, 4.70%, 0, 0, 2, 4.50
1636613840, 0, 0, 497, 497, 1, 4.70%, 0, 0, 2, 3.32
1636613846, 0, 0, 498, 498, 1, 4.70%, 0, 0, 2, 1.53
1636613857, 0, 0, 499, 499, 1, 4.70%, 0, 0, 2, 1.08
1636613862, 0, 0, 500, 500, 1, 4.70%, 0, 0, 2, 1.09
1636613873, 0, 0, 501, 501, 1, 4.70%, 0, 0, 2, 1.21
1636613878, 0, 0, 502, 502, 1, 4.70%, 0, 0, 2, 1.33
1636613894, 0, 0, 503, 503, 1, 4.70%, 0, 0, 2, 1.13
1636613905, 0, 0, 504, 504, 1, 4.70%, 0, 0, 2, 1.46
1636613910, 0, 0, 505, 505, 1, 4.70%, 0, 0, 2, 1.43
1636613916, 0, 0, 506, 506, 1, 4.70%, 0, 0, 2, 1.30
1636613927, 0, 0, 507, 507, 1, 4.70%, 0, 0, 2, 1.20
1636613937, 0, 0, 508, 508, 1, 4.70%, 0, 0, 2, 1.31
1636613942, 0, 0, 509, 509, 1, 4.70%, 0, 0, 2, 1.45
1636613953, 0, 0, 510, 510, 1, 4.70%, 0, 0, 2, 1.12
1636613969, 0, 0, 511, 511, 1, 4.70%, 0, 0, 2, 1.47
1636613975, 0, 0, 512, 512, 1, 4.70%, 0, 0, 2, 1.06
1636613986, 0, 0, 513, 513, 1, 4.70%, 0, 0, 2, 1.26
1636613991, 0, 0, 514, 514, 1, 4.70%, 0, 0, 2, 1.15
1636614007, 0, 0, 515, 515, 1, 4.70%, 0, 0, 2, 2.45
1636614034, 0, 0, 516, 516, 1, 4.70%, 0, 0, 2, 1.24
1636614044, 0, 0, 517, 517, 1, 4.70%, 0, 0, 2, 1.12
1636614055, 0, 0, 518, 518, 1, 4.70%, 0, 0, 2, 3.64
1636614071, 0, 0, 519, 519, 1, 4.70%, 0, 0, 2, 1.09
1636614081, 0, 0, 520, 520, 1, 4.70%, 0, 0, 2, 1.11
1636614087, 0, 0, 521, 521, 1, 4.70%, 0, 0, 2, 1.15
1636614103, 0, 0, 522, 522, 1, 4.70%, 0, 0, 2, 1.15
1636614113, 0, 0, 523, 523, 1, 4.70%, 0, 0, 2, 1.15
1636614119, 0, 0, 524, 524, 1, 4.70%, 0, 0, 2, 7.25
1636614135, 0, 0, 525, 525, 1, 4.70%, 0, 0, 2, 1.37
1636614156, 0, 0, 526, 526, 1, 4.70%, 0, 0, 2, 2.93
1636614161, 0, 0, 527, 527, 1, 4.70%, 0, 0, 2, 2.36
1636614177, 0, 0, 528, 528, 1, 4.70%, 0, 0, 2, 1.28
1636614187, 0, 0, 529, 529, 1, 4.70%, 0, 0, 2, 1.35
1636614193, 0, 0, 530, 530, 1, 4.70%, 0, 0, 2, 1.47
1636614204, 0, 0, 531, 531, 1, 4.70%, 0, 0, 2, 1.19
1636614214, 0, 0, 532, 532, 1, 4.70%, 0, 0, 2, 1.15
1636614220, 0, 0, 533, 533, 1, 4.70%, 0, 0, 2, 1.43
1636614225, 0, 0, 534, 534, 1, 4.70%, 0, 0, 2, 1.46
1636614241, 0, 0, 535, 535, 1, 4.70%, 0, 0, 2, 1.13
1636614262, 0, 0, 536, 536, 1, 4.70%, 0, 0, 2, 1.52
1636614267, 0, 0, 537, 537, 1, 4.70%, 0, 0, 2, 1.62
1636614288, 0, 0, 538, 538, 1, 4.70%, 0, 0, 2, 1.42
1636614293, 0, 0, 539, 539, 1, 4.70%, 0, 0, 2, 0.84
1636614304, 0, 0, 540, 540, 1, 4.70%, 0, 0, 2, 1.17
1636614325, 0, 0, 541, 541, 1, 4.70%, 0, 0, 2, 0.99
1636614341, 0, 0, 542, 542, 1, 4.70%, 0, 0, 2, 3.85
1636614352, 0, 0, 543, 543, 1, 4.70%, 0, 0, 2, 2.38
1636614357, 0, 0, 544, 544, 1, 4.70%, 0, 0, 2, 2.13
1636614368, 0, 0, 545, 545, 1, 4.70%, 0, 0, 2, 10.80
1636614378, 0, 0, 546, 546, 1, 4.70%, 0, 0, 2, 1.67
1636614384, 0, 0, 547, 547, 1, 4.70%, 0, 0, 2, 1.54
1636614394, 0, 0, 548, 548, 1, 4.70%, 0, 0, 2, 1.33
1636614410, 0, 0, 549, 549, 1, 4.70%, 0, 0, 2, 1.63
1636614425, 0, 0, 550, 550, 1, 4.70%, 0, 0, 2, 1.08
1636614431, 0, 0, 551, 551, 1, 4.70%, 0, 0, 2, 1.09
1636614443, 0, 0, 552, 552, 1, 4.70%, 0, 0, 2, 11.76
1636614464, 0, 0, 553, 553, 1, 4.70%, 0, 0, 2, 1.10
1636614469, 0, 0, 554, 554, 1, 4.70%, 0, 0, 2, 1.10
1636614480, 0, 0, 555, 555, 1, 4.70%, 0, 0, 2, 1.53
1636614485, 0, 0, 556, 556, 1, 4.70%, 0, 0, 2, 1.08
1636614501, 0, 0, 557, 557, 1, 4.70%, 0, 0, 2, 2.17
1636614517, 0, 0, 558, 558, 1, 4.70%, 0, 0, 2, 1.09
1636614528, 0, 0, 559, 559, 1, 4.70%, 0, 0, 2, 5.37
1636614549, 0, 0, 560, 560, 1, 4.70%, 0, 0, 2, 4.78
1636614560, 0, 0, 561, 561, 1, 4.70%, 0, 0, 2, 3.14
1636614570, 0, 0, 562, 562, 1, 4.70%, 0, 0, 2, 2.10
1636614575, 0, 0, 563, 563, 1, 4.70%, 0, 0, 2, 2.03
1636614586, 0, 0, 564, 564, 1, 4.70%, 0, 0, 2, 2.12
1636614597, 0, 0, 565, 565, 1, 4.70%, 0, 0, 2, 1.72
1636614602, 0, 0, 566, 566, 1, 4.70%, 0, 0, 2, 1.60
1636614607, 0, 0, 567, 567, 1, 4.70%, 0, 0, 2, 1.53
1636614618, 0, 0, 568, 568, 1, 4.70%, 0, 0, 2, 1.31
1636614623, 0, 0, 569, 569, 1, 4.70%, 0, 0, 2, 10.47
1636614633, 0, 0, 570, 570, 1, 4.70%, 0, 0, 2, 1.32
1636614639, 0, 0, 571, 571, 1, 4.70%, 0, 0, 2, 1.52
1636614649, 0, 0, 572, 572, 1, 4.70%, 0, 0, 2, 1.41
1636614665, 0, 0, 573, 573, 1, 4.70%, 0, 0, 2, 1.55
1636614680, 0, 0, 574, 574, 1, 4.70%, 0, 0, 2, 1.14
1636614686, 0, 0, 575, 575, 1, 4.70%, 0, 0, 2, 1.14
1636614696, 0, 0, 576, 576, 1, 4.70%, 0, 0, 2, 1.24
1636614712, 0, 0, 577, 577, 1, 4.70%, 0, 0, 2, 1.16
1636614723, 0, 0, 578, 578, 1, 4.70%, 0, 0, 2, 3.96
1636614734, 0, 0, 579, 579, 1, 4.70%, 0, 0, 2, 2.26
1636614745, 0, 0, 580, 580, 1, 4.70%, 0, 0, 2, 4.54
1636614755, 0, 0, 581, 581, 1, 4.70%, 0, 0, 2, 2.71
1636614766, 0, 0, 582, 582, 1, 4.70%, 0, 0, 2, 1.08
1636614776, 0, 0, 583, 583, 1, 4.70%, 0, 0, 2, 1.11
1636614803, 0, 0, 584, 584, 1, 4.70%, 0, 0, 2, 1.16
1636614819, 0, 0, 585, 585, 1, 4.70%, 0, 0, 2, 1.12
1636614834, 0, 0, 586, 586, 1, 4.70%, 0, 0, 2, 1.14
1636614845, 0, 0, 587, 587, 1, 4.70%, 0, 0, 2, 7.55
1636614896, 0, 0, 588, 588, 1, 4.70%, 0, 0, 2, 1.02
1636614907, 0, 0, 589, 589, 1, 4.70%, 0, 0, 2, 1.10
1636614918, 0, 0, 590, 590, 1, 4.70%, 0, 0, 2, 1.42
1636614924, 0, 0, 591, 591, 1, 4.70%, 0, 0, 2, 1.48
1636614929, 0, 0, 592, 592, 1, 4.70%, 0, 0, 2, 1.49
1636614950, 0, 0, 593, 593, 1, 4.70%, 0, 0, 2, 1.42
1636614956, 0, 0, 594, 594, 1, 4.70%, 0, 0, 2, 1.05
1636614966, 0, 0, 595, 595, 1, 4.70%, 0, 0, 2, 1.37
1636614971, 0, 0, 596, 596, 1, 4.70%, 0, 0, 2, 1.44
1636614982, 0, 0, 597, 597, 1, 4.70%, 0, 0, 2, 2.14
1636614988, 0, 0, 598, 598, 1, 4.70%, 0, 0, 2, 1.80
1636614999, 0, 0, 599, 599, 1, 4.70%, 0, 0, 2, 1.52
1636615010, 0, 0, 600, 600, 1, 4.70%, 0, 0, 2, 1.48
1636615015, 0, 0, 601, 601, 1, 4.70%, 0, 0, 2, 1.48
1636615032, 0, 0, 602, 602, 1, 4.70%, 0, 0, 2, 1.11
1636615043, 0, 0, 603, 603, 1, 4.70%, 0, 0, 2, 1.30
1636615059, 0, 0, 604, 604, 1, 4.70%, 0, 0, 2, 1.06
1636615091, 0, 0, 605, 605, 1, 4.70%, 0, 0, 2, 1.14
1636615133, 0, 0, 606, 606, 1, 4.70%, 0, 0, 2, 1.14
1636615153, 0, 0, 607, 607, 1, 4.70%, 0, 0, 2, 4.99
1636615164, 0, 0, 608, 608, 1, 4.70%, 0, 0, 2, 3.28
1636615169, 0, 0, 609, 609, 1, 4.70%, 0, 0, 2, 2.56
1636615191, 0, 0, 610, 610, 1, 4.70%, 0, 0, 2, 1.13
1636615207, 0, 0, 611, 611, 1, 4.70%, 0, 0, 2, 9.38
1636615260, 0, 0, 612, 612, 1, 4.70%, 0, 0, 2, 2.39
1636615280, 0, 0, 613, 613, 1, 4.70%, 0, 0, 2, 1.15
1636615291, 0, 0, 614, 614, 1, 4.70%, 0, 0, 2, 4.50
1636615301, 0, 0, 615, 615, 1, 4.70%, 0, 0, 2, 1.44
1636615322, 0, 0, 616, 616, 1, 4.70%, 0, 0, 2, 7.09
1636615334, 0, 0, 617, 617, 1, 4.70%, 0, 0, 2, 2.73
1636615344, 0, 0, 618, 618, 1, 4.70%, 0, 0, 2, 1.08
1636615366, 0, 0, 619, 619, 1, 4.70%, 0, 0, 2, 1.47
1636615377, 0, 0, 620, 620, 1, 4.70%, 0, 0, 2, 1.29
1636615388, 0, 0, 621, 621, 1, 4.70%, 0, 0, 2, 1.23
1636615393, 0, 0, 622, 622, 1, 4.70%, 0, 0, 2, 1.36
1636615404, 0, 0, 623, 623, 1, 4.70%, 0, 0, 2, 1.40
1636615430, 0, 0, 624, 624, 1, 4.70%, 0, 0, 2, 1.72
1636615447, 0, 0, 625, 625, 1, 4.70%, 0, 0, 2, 1.13
1636615452, 0, 0, 626, 626, 1, 4.70%, 0, 0, 2, 1.24
1636615457, 0, 0, 627, 627, 1, 4.70%, 0, 0, 2, 1.48
1636615473, 0, 0, 628, 628, 1, 4.70%, 0, 0, 2, 1.14
1636615484, 0, 0, 629, 629, 1, 4.70%, 0, 0, 2, 3.50
1636615494, 0, 0, 630, 630, 1, 4.70%, 0, 0, 2, 1.51
1636615505, 0, 0, 631, 631, 1, 4.70%, 0, 0, 2, 1.13
1636615516, 0, 0, 632, 632, 1, 4.70%, 0, 0, 2, 1.54
1636615527, 0, 0, 633, 633, 1, 4.70%, 0, 0, 2, 1.09
1636615538, 0, 0, 634, 634, 1, 4.70%, 0, 0, 2, 4.98
1636615559, 0, 0, 635, 635, 1, 4.70%, 0, 0, 2, 1.02
1636615564, 0, 0, 636, 636, 1, 4.70%, 0, 0, 2, 2.07
1636615580, 0, 0, 637, 637, 1, 4.70%, 0, 0, 2, 1.60
1636615590, 0, 0, 638, 638, 1, 4.70%, 0, 0, 2, 1.16
1636615601, 0, 0, 639, 639, 1, 4.70%, 0, 0, 2, 1.14
1636615617, 0, 0, 640, 640, 1, 4.70%, 0, 0, 2, 1.26
1636615623, 0, 0, 641, 641, 1, 4.70%, 0, 0, 2, 15.14
1636615639, 0, 0, 642, 642, 1, 4.70%, 0, 0, 2, 1.38
1636615649, 0, 0, 643, 643, 1, 4.70%, 0, 0, 2, 1.06
1636615660, 0, 0, 644, 644, 1, 4.70%, 0, 0, 2, 1.15
1636615665, 0, 0, 645, 645, 1, 4.70%, 0, 0, 2, 1.40
1636615676, 0, 0, 646, 646, 1, 4.70%, 0, 0, 2, 1.35
1636615687, 0, 0, 647, 647, 1, 4.70%, 0, 0, 2, 1.72
1636615697, 0, 0, 648, 648, 1, 4.70%, 0, 0, 2, 1.52
1636615718, 0, 0, 649, 649, 1, 4.70%, 0, 0, 2, 1.13
1636615724, 0, 0, 650, 650, 1, 4.70%, 0, 0, 2, 1.14
1636615751, 0, 0, 651, 651, 1, 4.70%, 0, 0, 2, 1.15
1636615773, 0, 0, 652, 652, 1, 4.70%, 0, 0, 2, 1.12
1636615783, 0, 0, 653, 653, 1, 4.70%, 0, 0, 2, 1.11
1636615794, 0, 0, 654, 654, 1, 4.70%, 0, 0, 2, 1.16
1636615810, 0, 0, 655, 655, 1, 4.70%, 0, 0, 2, 1.42
1636615820, 0, 0, 656, 656, 1, 4.70%, 0, 0, 2, 1.42
1636615825, 0, 0, 657, 657, 1, 4.70%, 0, 0, 2, 1.46
1636615847, 0, 0, 658, 658, 1, 4.70%, 0, 0, 2, 1.15
1636615869, 0, 0, 659, 659, 1, 4.70%, 0, 0, 2, 1.48
1636615885, 0, 0, 660, 660, 1, 4.70%, 0, 0, 2, 1.13
1636615896, 0, 0, 661, 661, 1, 4.70%, 0, 0, 2, 1.71
1636615907, 0, 0, 662, 662, 1, 4.71%, 0, 0, 2, 2.07
1636615917, 0, 0, 663, 663, 1, 4.71%, 0, 0, 2, 3.79
1636615963, 0, 0, 664, 664, 1, 4.71%, 0, 0, 2, 14.08
1636615980, 0, 0, 665, 665, 1, 4.71%, 0, 0, 2, 1.13
1636615991, 0, 0, 666, 666, 1, 4.71%, 0, 0, 2, 1.57
1636616002, 0, 0, 667, 667, 1, 4.71%, 0, 0, 2, 1.14
1636616027, 0, 0, 668, 668, 1, 4.71%, 0, 0, 2, 73.46
1636616048, 0, 0, 669, 669, 1, 4.71%, 0, 0, 2, 2.11
1636616059, 0, 0, 670, 670, 1, 4.71%, 0, 0, 2, 1.62
1636616064, 0, 0, 671, 671, 1, 4.71%, 0, 0, 2, 1.13
1636616090, 0, 0, 672, 672, 1, 4.71%, 0, 0, 2, 1.60
1636616107, 0, 0, 673, 673, 1, 4.71%, 0, 0, 2, 1.31
1636616118, 0, 0, 674, 674, 1, 4.71%, 0, 0, 2, 1.16
1636616134, 0, 0, 675, 675, 1, 4.71%, 0, 0, 2, 12.58
1636616144, 0, 0, 676, 676, 1, 4.71%, 0, 0, 2, 3.12
1636616176, 0, 0, 677, 677, 1, 4.71%, 0, 0, 2, 1.28
1636616202, 0, 0, 678, 678, 1, 4.71%, 0, 0, 2, 2.86
1636616238, 0, 0, 679, 679, 1, 4.71%, 0, 0, 2, 1.19
1636616254, 0, 0, 680, 680, 1, 4.71%, 0, 0, 2, 2.12
1636616275, 0, 0, 681, 681, 1, 4.71%, 0, 0, 2, 1.79
1636616281, 0, 0, 682, 682, 1, 4.71%, 0, 0, 2, 1.93
1636616291, 0, 0, 683, 683, 1, 4.71%, 0, 0, 2, 1.13
1636616302, 0, 0, 684, 684, 1, 4.71%, 0, 0, 2, 2.02
1636616307, 0, 0, 685, 685, 1, 4.71%, 0, 0, 2, 1.74
1636616318, 0, 0, 686, 686, 1, 4.71%, 0, 0, 2, 1.45
1636616323, 0, 0, 687, 687, 1, 4.71%, 0, 0, 2, 1.41
1636616339, 0, 0, 688, 688, 1, 4.71%, 0, 0, 2, 1.21
1636616351, 0, 0, 689, 689, 1, 4.71%, 0, 0, 2, 1.15
1636616361, 0, 0, 690, 690, 1, 4.71%, 0, 0, 2, 1.36
1636616372, 0, 0, 691, 691, 1, 4.71%, 0, 0, 2, 2.80
1636616388, 0, 0, 692, 692, 1, 4.71%, 0, 0, 2, 1.13
1636616419, 0, 0, 693, 693, 1, 4.71%, 0, 0, 2, 1.10
1636616440, 0, 0, 694, 694, 1, 4.71%, 0, 0, 2, 0.95
1636616456, 0, 0, 695, 695, 1, 4.71%, 0, 0, 2, 1.29
1636616494, 0, 0, 696, 696, 1, 4.71%, 0, 0, 2, 1.15
1636616514, 0, 0, 697, 697, 1, 4.71%, 0, 0, 2, 14.39
1636616536, 0, 0, 698, 698, 1, 4.71%, 0, 0, 2, 1.62
1636616541, 0, 0, 699, 699, 1, 4.71%, 0, 0, 2, 1.17
1636616552, 0, 0, 700, 700, 1, 4.71%, 0, 0, 2, 1.19
1636616704, 0, 0, 701, 701, 1, 4.71%, 0, 0, 2, 1.14
1636616710, 0, 0, 702, 702, 1, 4.71%, 0, 0, 2, 3.47
1636616721, 0, 0, 703, 703, 1, 4.71%, 0, 0, 2, 2.28
1636616732, 0, 0, 704, 704, 1, 4.71%, 0, 0, 2, 1.39
1636616748, 0, 0, 705, 705, 1, 4.71%, 0, 0, 2, 1.16
1636616753, 0, 0, 706, 706, 1, 4.71%, 0, 0, 2, 1.25
1636616764, 0, 0, 707, 707, 1, 4.71%, 0, 0, 2, 1.15
1636616838, 0, 0, 708, 708, 1, 4.71%, 0, 0, 2, 1.13
1636616860, 0, 0, 709, 709, 1, 4.71%, 0, 0, 2, 2.88
1636616876, 0, 0, 710, 710, 1, 4.71%, 0, 0, 2, 1.98
1636616919, 0, 0, 711, 711, 1, 4.71%, 0, 0, 2, 89.84
1636616935, 0, 0, 712, 712, 1, 4.71%, 0, 0, 2, 1.16
1636616952, 0, 0, 713, 713, 1, 4.71%, 0, 0, 2, 4.02
1636616968, 0, 0, 714, 714, 1, 4.71%, 0, 0, 2, 2.73
1636617006, 0, 0, 715, 715, 1, 4.71%, 0, 0, 2, 1.60
1636617012, 0, 0, 716, 716, 1, 4.71%, 0, 0, 2, 2.18
1636617070, 0, 0, 717, 717, 1, 4.71%, 0, 0, 2, 1.66
1636617095, 0, 0, 718, 718, 1, 4.71%, 0, 0, 2, 1.99
1636617122, 0, 0, 719, 719, 1, 4.71%, 0, 0, 2, 3.63
1636617128, 0, 0, 720, 720, 1, 4.71%, 0, 0, 2, 2.57
1636617170, 0, 0, 721, 721, 1, 4.71%, 0, 0, 2, 1.58
1636617208, 0, 0, 722, 722, 1, 4.71%, 0, 0, 2, 1.34
1636617341, 0, 0, 723, 723, 1, 4.71%, 0, 0, 2, 1.68
1636617379, 0, 0, 724, 724, 1, 4.71%, 0, 0, 2, 1.69
1636617453, 0, 0, 725, 725, 1, 4.71%, 0, 0, 2, 1.16
1636617527, 0, 0, 726, 726, 1, 4.71%, 0, 0, 2, 1.14
1636617538, 0, 0, 727, 727, 1, 4.71%, 0, 0, 2, 5.74
1636617554, 0, 0, 728, 728, 1, 4.71%, 0, 0, 2, 1.06
1636617565, 0, 0, 729, 729, 1, 4.71%, 0, 0, 2, 13.96
1636617581, 0, 0, 730, 730, 1, 4.71%, 0, 0, 2, 1.03
1636617592, 0, 0, 731, 731, 1, 4.71%, 0, 0, 2, 1.12
1636617630, 0, 0, 732, 732, 1, 4.71%, 0, 0, 2, 1.25
1636617656, 0, 0, 733, 733, 1, 4.71%, 0, 0, 2, 3.44
1636617708, 0, 0, 734, 734, 1, 4.71%, 0, 0, 2, 1.15
1636617814, 0, 0, 735, 735, 1, 4.71%, 0, 0, 2, 1.09
1636617877, 0, 0, 736, 736, 1, 4.71%, 0, 0, 2, 1.12
1636617921, 0, 0, 737, 737, 1, 4.71%, 0, 0, 2, 1.14
1636617958, 0, 0, 738, 738, 1, 4.71%, 0, 0, 2, 1.77
1636618122, 0, 0, 739, 739, 1, 4.71%, 0, 0, 2, 1.11
1636618276, 0, 0, 740, 740, 1, 4.71%, 0, 0, 2, 0.95
1636618366, 0, 0, 741, 741, 1, 4.71%, 0, 0, 2, 1.86
1636618551, 0, 0, 742, 742, 1, 4.71%, 0, 0, 2, 4.30
1636618594, 0, 0, 743, 743, 1, 4.71%, 0, 0, 2, 1.52
1636618721, 0, 0, 744, 744, 1, 4.71%, 0, 0, 2, 1.10
1636618731, 0, 0, 745, 745, 1, 4.71%, 0, 0, 2, 18.81
1636618900, 0, 0, 746, 746, 1, 4.71%, 0, 0, 2, 1.56
1636618980, 0, 0, 747, 747, 1, 4.71%, 0, 0, 2, 1.55
1636619134, 0, 0, 748, 748, 1, 4.71%, 0, 0, 2, 2.77
1636619228, 0, 0, 749, 749, 1, 4.71%, 0, 0, 2, 1.16
1636619440, 0, 0, 750, 750, 1, 4.71%, 0, 0, 2, 1.55
1636619493, 0, 0, 751, 751, 1, 4.71%, 0, 0, 2, 1.20
1636619628, 0, 0, 752, 752, 1, 4.71%, 0, 0, 2, 2.64
1636619639, 0, 0, 753, 753, 1, 4.71%, 0, 0, 2, 2.26
1636619698, 0, 0, 754, 754, 1, 4.71%, 0, 0, 2, 13.42
1636619730, 0, 0, 755, 755, 1, 4.71%, 0, 0, 2, 1.29
1636619931, 0, 0, 756, 756, 1, 4.71%, 0, 0, 2, 3.31
1636620074, 0, 0, 757, 757, 1, 4.71%, 0, 0, 2, 1.49
1636620174, 0, 0, 758, 758, 1, 4.71%, 0, 0, 2, 1.98
1636620189, 0, 0, 759, 759, 1, 4.71%, 0, 0, 2, 1.29
1636620195, 0, 0, 760, 760, 1, 4.71%, 0, 0, 2, 1.30
1636620369, 0, 0, 761, 761, 1, 4.71%, 0, 0, 2, 1.12
1636620417, 0, 0, 762, 762, 1, 4.71%, 0, 0, 2, 1.22
1636620616, 0, 0, 763, 763, 1, 4.71%, 0, 0, 2, 1.18
1636620841, 0, 0, 764, 764, 1, 4.71%, 0, 0, 2, 1.31
1636621187, 0, 0, 765, 765, 1, 4.71%, 0, 0, 2, 3.65
1636621518, 0, 0, 766, 766, 1, 4.71%, 0, 0, 2, 15.79
1636621597, 0, 0, 767, 767, 1, 4.71%, 0, 0, 2, 1.92
1636621847, 0, 0, 768, 768, 1, 4.71%, 0, 0, 2, 2.54
1636622002, 0, 0, 769, 769, 1, 4.71%, 0, 0, 2, 1.54
1636622469, 0, 0, 770, 770, 1, 4.71%, 0, 0, 2, 1.12
1636622517, 0, 0, 771, 771, 1, 4.71%, 0, 0, 2, 1.46
1636622544, 0, 0, 772, 772, 1, 4.71%, 0, 0, 2, 1.56
1636622795, 0, 0, 773, 773, 1, 4.71%, 0, 0, 2, 1.56
1636622811, 0, 0, 774, 774, 1, 4.71%, 0, 0, 2, 2.43
1636623750, 0, 0, 775, 775, 1, 4.71%, 0, 0, 2, 12.61
1636623777, 0, 0, 776, 776, 1, 4.71%, 0, 0, 2, 1.23
1636624064, 0, 0, 777, 777, 1, 4.71%, 0, 0, 2, 1.19
1636624234, 0, 0, 778, 778, 1, 4.71%, 0, 0, 2, 1.14
1636624466, 0, 0, 779, 779, 1, 4.71%, 0, 0, 2, 1.53
1636624743, 0, 0, 780, 780, 1, 4.71%, 0, 0, 2, 4.02
1636624806, 0, 0, 781, 781, 1, 4.71%, 0, 0, 2, 1.69
1636624988, 0, 0, 782, 782, 1, 4.71%, 0, 0, 2, 1.13
1636625831, 0, 0, 783, 783, 1, 4.71%, 0, 0, 2, 1.14
1636625905, 0, 0, 784, 784, 1, 4.71%, 0, 0, 2, 1.14
1636626004, 0, 0, 785, 785, 1, 4.71%, 0, 0, 2, 1.11
1636626291, 0, 0, 786, 786, 1, 4.71%, 0, 0, 2, 1.12
1636626512, 0, 0, 787, 787, 1, 4.71%, 0, 0, 2, 2.11
1636626751, 0, 0, 788, 788, 1, 4.71%, 0, 0, 2, 98.73
1636627064, 0, 0, 789, 789, 1, 4.71%, 0, 0, 2, 1.18
1636627407, 0, 0, 790, 790, 1, 4.71%, 0, 0, 2, 1.27
1636627423, 0, 0, 791, 791, 1, 4.71%, 0, 0, 2, 8.72
1636627688, 0, 0, 792, 792, 1, 4.71%, 0, 0, 2, 1.15
1636627788, 0, 0, 793, 793, 1, 4.71%, 0, 0, 2, 3.26
1636628028, 0, 0, 794, 794, 1, 4.71%, 0, 0, 2, 1.12
1636628043, 0, 0, 795, 795, 1, 4.71%, 0, 0, 2, 3.68
1636628107, 0, 0, 796, 796, 1, 4.71%, 0, 0, 2, 2.88
1636628403, 0, 0, 797, 797, 1, 4.71%, 0, 0, 2, 1.21
1636630481, 0, 0, 798, 798, 1, 4.71%, 0, 0, 2, 3.12
1636630879, 0, 0, 799, 799, 1, 4.71%, 0, 0, 2, 101.94
1636630974, 0, 0, 800, 800, 1, 4.71%, 0, 0, 2, 1.96
1636632464, 0, 0, 801, 801, 1, 4.71%, 0, 0, 2, 1.22
1636632533, 0, 0, 802, 802, 1, 4.71%, 0, 0, 2, 1.21
1636634793, 0, 0, 803, 803, 1, 4.71%, 0, 0, 2, 1.28
1636635214, 0, 0, 804, 804, 1, 4.71%, 0, 0, 2, 1.24
1636636289, 0, 0, 805, 805, 1, 4.71%, 0, 0, 2, 1.22
1636636723, 0, 0, 806, 806, 1, 4.71%, 0, 0, 2, 1.21
1636636733, 0, 0, 807, 807, 1, 4.71%, 0, 0, 2, 1.40
1636636945, 0, 0, 808, 808, 1, 4.71%, 0, 0, 2, 1.31
1636637604, 0, 0, 809, 809, 1, 4.71%, 0, 0, 2, 1.17
1636637635, 0, 0, 810, 810, 1, 4.71%, 0, 0, 2, 1.19
1636637737, 0, 0, 811, 811, 1, 4.71%, 0, 0, 2, 1.26
1636637748, 0, 0, 812, 812, 1, 4.71%, 0, 0, 2, 1.23
1636637844, 0, 0, 813, 813, 1, 4.71%, 0, 0, 2, 2.43
1636637956, 0, 0, 814, 814, 1, 4.71%, 0, 0, 2, 1.16
1636637993, 0, 0, 815, 815, 1, 4.71%, 0, 0, 2, 1.23
1636638216, 0, 0, 816, 816, 1, 4.71%, 0, 0, 2, 14.08
1636638264, 0, 0, 817, 817, 1, 4.71%, 0, 0, 2, 1.89
1636638324, 0, 0, 818, 818, 1, 4.71%, 0, 0, 2, 4.38
1636638382, 0, 0, 819, 819, 1, 4.71%, 0, 0, 2, 4.18
1636638388, 0, 0, 820, 820, 1, 4.71%, 0, 0, 2, 3.12
1636638410, 0, 0, 821, 821, 1, 4.71%, 0, 0, 2, 11.17
1636638426, 0, 0, 822, 822, 1, 4.71%, 0, 0, 2, 1.20
1636638449, 0, 0, 823, 823, 1, 4.71%, 0, 0, 2, 3.85
1636638470, 0, 0, 824, 824, 1, 4.71%, 0, 0, 2, 1.28
1636638491, 0, 0, 825, 825, 1, 4.71%, 0, 0, 2, 3.37
1636638508, 0, 0, 826, 826, 1, 4.71%, 0, 0, 2, 1.22
1636638513, 0, 0, 827, 827, 1, 4.71%, 0, 0, 2, 1.31
1636638539, 0, 0, 828, 828, 1, 4.71%, 0, 0, 2, 1.20
1636638550, 0, 0, 829, 829, 1, 4.71%, 0, 0, 2, 1.69
1636638561, 0, 0, 830, 830, 1, 4.71%, 0, 0, 2, 1.20
1636638583, 0, 0, 831, 831, 1, 4.71%, 0, 0, 2, 1.20
1636638706, 0, 0, 832, 832, 1, 4.71%, 0, 0, 2, 1.27
1636638717, 0, 0, 833, 833, 1, 4.71%, 0, 0, 2, 1.30
1636638728, 0, 0, 834, 834, 1, 4.71%, 0, 0, 2, 1.20
1636638798, 0, 0, 835, 835, 1, 4.71%, 0, 0, 2, 1.28
1636638857, 0, 0, 836, 836, 1, 4.71%, 0, 0, 2, 11.06
1636638868, 0, 0, 837, 837, 1, 4.71%, 0, 0, 2, 1.51
1636638874, 0, 0, 838, 838, 1, 4.71%, 0, 0, 2, 1.48
1636638896, 0, 0, 839, 839, 1, 4.71%, 0, 0, 2, 2.91
1636638917, 0, 0, 840, 840, 1, 4.71%, 0, 0, 2, 1.24
1636638959, 0, 0, 841, 841, 1, 4.71%, 0, 0, 2, 1.23
1636638965, 0, 0, 842, 842, 1, 4.71%, 0, 0, 2, 1.24
1636639024, 0, 0, 843, 843, 1, 4.71%, 0, 0, 2, 4.85
1636639093, 0, 0, 844, 844, 1, 4.71%, 0, 0, 2, 1.23
1636639704, 0, 0, 845, 845, 1, 4.71%, 0, 0, 2, 1.29
1636641231, 0, 0, 846, 846, 1, 4.71%, 0, 0, 2, 2.67
1636641897, 0, 0, 847, 847, 1, 4.71%, 0, 0, 2, 1.27
1636644290, 0, 0, 848, 848, 1, 4.71%, 0, 0, 2, 1.30
1636648291, 0, 0, 849, 849, 1, 4.71%, 0, 0, 2, 1.24
1636648313, 0, 0, 850, 850, 1, 4.71%, 0, 0, 2, 1.57
1636649017, 0, 0, 851, 851, 1, 4.71%, 0, 0, 2, 2.47
1636651260, 0, 0, 852, 852, 1, 4.71%, 0, 0, 2, 1.35
1636651675, 0, 0, 853, 853, 1, 4.71%, 0, 0, 2, 1.31
1636651681, 0, 0, 854, 854, 1, 4.71%, 0, 0, 2, 1.29
1636651686, 0, 0, 855, 855, 1, 4.71%, 0, 0, 2, 1.30
1636651825, 0, 0, 856, 856, 1, 4.71%, 0, 0, 2, 3.48
1636653936, 0, 0, 857, 857, 1, 4.71%, 0, 0, 2, 1.27
1636658267, 0, 0, 858, 858, 1, 4.71%, 0, 0, 2, 20.13
1636659338, 0, 0, 859, 859, 1, 4.71%, 0, 0, 2, 1.43
1636659573, 0, 0, 860, 860, 1, 4.71%, 0, 0, 2, 3.77
1636660380, 0, 0, 861, 861, 1, 4.71%, 0, 0, 2, 1.50
1636660532, 0, 0, 862, 862, 1, 4.71%, 0, 0, 2, 1.35
1636663454, 0, 0, 863, 863, 1, 4.71%, 0, 0, 2, 18.16
1636663639, 0, 0, 864, 864, 1, 4.71%, 0, 0, 2, 1.33
1636663877, 0, 0, 865, 865, 1, 4.71%, 0, 0, 2, 1.38
1636664218, 0, 0, 866, 866, 1, 4.71%, 0, 0, 2, 17.58
1636665130, 0, 0, 867, 867, 1, 4.71%, 0, 0, 2, 1.41
1636665367, 0, 0, 868, 868, 1, 4.71%, 0, 0, 2, 2.71
1636665373, 0, 0, 869, 869, 1, 4.71%, 0, 0, 2, 2.29
1636665393, 0, 0, 870, 870, 1, 4.71%, 0, 0, 2, 1.39
1636665828, 0, 0, 871, 871, 1, 4.71%, 0, 0, 2, 1.42
1636665945, 0, 0, 872, 872, 1, 4.71%, 0, 0, 2, 2.69
1636666092, 0, 0, 873, 873, 1, 4.71%, 0, 0, 2, 3.08
1636666305, 0, 0, 874, 874, 1, 4.71%, 0, 0, 2, 1.38
1636666310, 0, 0, 875, 875, 1, 4.71%, 0, 0, 2, 1.40
1636666316, 0, 0, 876, 876, 1, 4.71%, 0, 0, 2, 1.42
1636666359, 0, 0, 877, 877, 1, 4.71%, 0, 0, 2, 1.44
1636666364, 0, 0, 878, 878, 1, 4.71%, 0, 0, 2, 1.44
1636666375, 0, 0, 879, 879, 1, 4.71%, 0, 0, 2, 1.44
1636666387, 0, 0, 880, 880, 1, 4.71%, 0, 0, 2, 1.80
1636666561, 0, 0, 881, 881, 1, 4.71%, 0, 0, 2, 1.50
1636666630, 0, 0, 882, 882, 1, 4.71%, 0, 0, 2, 11.57
1636666772, 0, 0, 883, 883, 1, 4.71%, 0, 0, 2, 1.42
1636666867, 0, 0, 884, 884, 1, 4.71%, 0, 0, 2, 1.41
1636666872, 0, 0, 885, 885, 1, 4.71%, 0, 0, 2, 1.38
1636666883, 0, 0, 886, 886, 1, 4.71%, 0, 0, 2, 1.63
1636666888, 0, 0, 887, 887, 1, 4.71%, 0, 0, 2, 1.54
1636666919, 0, 0, 888, 888, 1, 4.71%, 0, 0, 2, 1.42
1636666951, 0, 0, 889, 889, 1, 4.71%, 0, 0, 2, 2.67
1636666978, 0, 0, 890, 890, 1, 4.71%, 0, 0, 2, 1.38
1636666988, 0, 0, 891, 891, 1, 4.71%, 0, 0, 2, 1.40
1636667036, 0, 0, 892, 892, 1, 4.71%, 0, 0, 2, 1.44
1636667163, 0, 0, 893, 893, 1, 4.71%, 0, 0, 2, 4.37
1636667232, 0, 0, 894, 894, 1, 4.71%, 0, 0, 2, 10.62
1636667285, 0, 0, 895, 895, 1, 4.71%, 0, 0, 2, 1.39
1636667305, 0, 0, 896, 896, 1, 4.71%, 0, 0, 2, 5.54
1636667311, 0, 0, 897, 897, 1, 4.71%, 0, 0, 2, 3.89
1636667327, 0, 0, 898, 898, 1, 4.71%, 0, 0, 2, 1.41
1636667337, 0, 0, 899, 899, 1, 4.71%, 0, 0, 2, 5.26
1636667443, 0, 0, 900, 900, 1, 4.71%, 0, 0, 2, 2.58
1636667490, 0, 0, 901, 901, 1, 4.71%, 0, 0, 2, 1.48
1636667596, 0, 0, 902, 902, 1, 4.71%, 0, 0, 2, 4.13
1636667602, 0, 0, 903, 903, 1, 4.71%, 0, 0, 2, 3.39
1636667624, 0, 0, 904, 904, 1, 4.71%, 0, 0, 2, 1.45
1636667634, 0, 0, 905, 905, 1, 4.71%, 0, 0, 2, 1.44
1636667955, 0, 0, 906, 906, 1, 4.71%, 0, 0, 2, 3.71
1636674883, 0, 0, 907, 907, 1, 4.71%, 0, 0, 2, 1.53
1636674915, 0, 0, 908, 908, 1, 4.71%, 0, 0, 2, 1.51
1636676144, 0, 0, 909, 909, 1, 4.71%, 0, 0, 2, 2.20
1636676366, 0, 0, 910, 910, 1, 4.71%, 0, 0, 2, 6.29
1636676692, 0, 0, 911, 911, 1, 4.71%, 0, 0, 2, 2.76
1636676962, 0, 0, 912, 912, 1, 4.71%, 0, 0, 2, 3.35
1636677502, 0, 0, 913, 913, 1, 4.71%, 0, 0, 2, 5.36
1636677559, 0, 0, 914, 914, 1, 4.71%, 0, 0, 2, 1.53
1636677613, 0, 0, 915, 915, 1, 4.71%, 0, 0, 2, 1.66
1636677765, 0, 0, 916, 916, 1, 4.71%, 0, 0, 2, 1.50
1636678004, 0, 0, 917, 917, 1, 4.71%, 0, 0, 2, 1.69
1636680503, 0, 0, 918, 918, 1, 4.71%, 0, 0, 2, 1.54
1636680682, 0, 0, 919, 919, 1, 4.71%, 0, 0, 2, 1.87
1636682276, 0, 0, 920, 920, 1, 4.71%, 0, 0, 2, 1.56
1636685644, 0, 0, 921, 921, 1, 4.71%, 0, 0, 2, 1.64
1636686862, 0, 0, 922, 922, 1, 4.71%, 0, 0, 2, 1.56
1636687475, 0, 0, 923, 923, 1, 4.71%, 0, 0, 2, 4.57
1636692419, 0, 0, 924, 924, 1, 4.71%, 0, 0, 2, 10.94
1636692546, 0, 0, 925, 925, 1, 4.71%, 0, 0, 2, 1.67
1636692624, 0, 0, 926, 926, 1, 4.71%, 0, 0, 2, 7.94
1636692645, 0, 0, 927, 927, 1, 4.71%, 0, 0, 2, 7.10
1636692714, 0, 0, 928, 928, 1, 4.71%, 0, 0, 2, 1.78
1636692830, 0, 0, 929, 929, 1, 4.71%, 0, 0, 2, 1.67
1636692856, 0, 0, 930, 930, 1, 4.71%, 0, 0, 2, 1.93
1636692866, 0, 0, 931, 931, 1, 4.71%, 0, 0, 2, 1.96
1636692877, 0, 0, 932, 932, 1, 4.71%, 0, 0, 2, 2.09
1636692887, 0, 0, 933, 933, 1, 4.71%, 0, 0, 2, 1.72
1636692924, 0, 0, 934, 934, 1, 4.71%, 0, 0, 2, 2.00
1636693050, 0, 0, 935, 935, 1, 4.71%, 0, 0, 2, 1.76
1636693056, 0, 0, 936, 936, 1, 4.71%, 0, 0, 2, 1.80
1636693134, 0, 0, 937, 937, 1, 4.71%, 0, 0, 2, 4.46
1636693155, 0, 0, 938, 938, 1, 4.71%, 0, 0, 2, 2.46
