# unix_time, cycles_done, cur_path, paths_total, pending_total, pending_favs, map_size, unique_crashes, unique_hangs, max_depth, execs_per_sec
1636343868, 0, 0, 1, 1, 1, 4.64%, 0, 0, 1, 2.25
1636343888, 0, 0, 4, 4, 1, 4.68%, 0, 0, 2, 2.18
1636343920, 0, 0, 6, 6, 1, 4.70%, 0, 0, 2, 1.14
1636343930, 0, 0, 7, 7, 1, 4.70%, 0, 0, 2, 89.06
1636343941, 0, 0, 8, 8, 1, 4.70%, 0, 0, 2, 1.23
1636343947, 0, 0, 9, 9, 1, 4.70%, 0, 0, 2, 1.23
1636343952, 0, 0, 10, 10, 1, 4.70%, 0, 0, 2, 1.44
1636343964, 0, 0, 11, 11, 1, 4.70%, 0, 0, 2, 1.25
1636343969, 0, 0, 12, 12, 1, 4.70%, 0, 0, 2, 1.20
1636343980, 0, 0, 13, 13, 1, 4.70%, 0, 0, 2, 1.15
1636343985, 0, 0, 14, 14, 1, 4.70%, 0, 0, 2, 1.16
1636343996, 0, 0, 15, 15, 1, 4.70%, 0, 0, 2, 1.13
1636344002, 0, 0, 16, 16, 1, 4.70%, 0, 0, 2, 1.14
1636344012, 0, 0, 17, 17, 1, 4.70%, 0, 0, 2, 1.14
1636344017, 0, 0, 18, 18, 1, 4.70%, 0, 0, 2, 1.16
1636344023, 0, 0, 19, 19, 1, 4.70%, 0, 0, 2, 1.19
1636344033, 0, 0, 20, 20, 1, 4.70%, 0, 0, 2, 1.14
1636344039, 0, 0, 21, 21, 1, 4.70%, 0, 0, 2, 13.21
1636344049, 0, 0, 22, 22, 1, 4.70%, 0, 0, 2, 1.14
1636344055, 0, 0, 23, 23, 1, 4.70%, 0, 0, 2, 1.15
1636344066, 0, 0, 24, 24, 1, 4.70%, 0, 0, 2, 1.18
1636344076, 0, 0, 25, 25, 1, 4.70%, 0, 0, 2, 1.11
1636344081, 0, 0, 26, 26, 1, 4.70%, 0, 0, 2, 1.20
1636344091, 0, 0, 27, 27, 1, 4.70%, 0, 0, 2, 1.18
1636344096, 0, 0, 28, 28, 1, 4.70%, 0, 0, 2, 1.17
1636344107, 0, 0, 29, 29, 1, 4.70%, 0, 0, 2, 1.15
1636344112, 0, 0, 30, 30, 1, 4.70%, 0, 0, 2, 1.16
1636344123, 0, 0, 31, 31, 1, 4.70%, 0, 0, 2, 1.32
1636344128, 0, 0, 32, 32, 1, 4.70%, 0, 0, 2, 1.17
1636344139, 0, 0, 33, 33, 1, 4.70%, 0, 0, 2, 1.21
1636344144, 0, 0, 34, 34, 1, 4.70%, 0, 0, 2, 1.21
1636344150, 0, 0, 35, 35, 1, 4.70%, 0, 0, 2, 1.22
1636344160, 0, 0, 36, 36, 1, 4.70%, 0, 0, 2, 1.17
1636344166, 0, 0, 37, 37, 1, 4.70%, 0, 0, 2, 1.16
1636344176, 0, 0, 38, 38, 1, 4.70%, 0, 0, 2, 1.17
1636344182, 0, 0, 39, 39, 1, 4.70%, 0, 0, 2, 11.26
1636344192, 0, 0, 40, 40, 1, 4.70%, 0, 0, 2, 1.14
1636344198, 0, 0, 41, 41, 1, 4.70%, 0, 0, 2, 1.40
1636344209, 0, 0, 42, 42, 1, 4.70%, 0, 0, 2, 1.28
1636344214, 0, 0, 43, 43, 1, 4.70%, 0, 0, 2, 1.25
1636344224, 0, 0, 44, 44, 1, 4.70%, 0, 0, 2, 1.22
1636344229, 0, 0, 45, 45, 1, 4.70%, 0, 0, 2, 1.18
1636344240, 0, 0, 46, 46, 1, 4.70%, 0, 0, 2, 1.22
1636344245, 0, 0, 47, 47, 1, 4.70%, 0, 0, 2, 1.34
1636344251, 0, 0, 48, 48, 1, 4.70%, 0, 0, 2, 1.29
1636344262, 0, 0, 49, 49, 1, 4.70%, 0, 0, 2, 3.90
1636344267, 0, 0, 50, 50, 1, 4.70%, 0, 0, 2, 3.02
1636344277, 0, 0, 51, 51, 1, 4.70%, 0, 0, 2, 2.09
1636344282, 0, 0, 52, 52, 1, 4.70%, 0, 0, 2, 1.81
1636344293, 0, 0, 53, 53, 1, 4.70%, 0, 0, 2, 1.69
1636344299, 0, 0, 54, 54, 1, 4.70%, 0, 0, 2, 1.51
1636344305, 0, 0, 55, 55, 1, 4.70%, 0, 0, 2, 1.41
1636344315, 0, 0, 56, 56, 1, 4.70%, 0, 0, 2, 1.26
1636344320, 0, 0, 57, 57, 1, 4.70%, 0, 0, 2, 20.33
1636344332, 0, 0, 58, 58, 1, 4.70%, 0, 0, 2, 2.18
1636344348, 0, 0, 59, 59, 1, 4.70%, 0, 0, 2, 1.16
1636344354, 0, 0, 60, 60, 1, 4.70%, 0, 0, 2, 18.94
1636344364, 0, 0, 61, 61, 1, 4.70%, 0, 0, 2, 1.36
1636344370, 0, 0, 62, 62, 1, 4.70%, 0, 0, 2, 1.28
1636344381, 0, 0, 63, 63, 1, 4.70%, 0, 0, 2, 1.21
1636344386, 0, 0, 64, 64, 1, 4.70%, 0, 0, 2, 1.17
1636344396, 0, 0, 65, 65, 1, 4.70%, 0, 0, 2, 1.20
1636344402, 0, 0, 66, 66, 1, 4.70%, 0, 0, 2, 5.20
1636344413, 0, 0, 67, 67, 1, 4.70%, 0, 0, 2, 3.01
1636344418, 0, 0, 68, 68, 1, 4.70%, 0, 0, 2, 2.80
1636344429, 0, 0, 69, 69, 1, 4.70%, 0, 0, 2, 1.10
1636344439, 0, 0, 70, 70, 1, 4.70%, 0, 0, 2, 1.14
1636344449, 0, 0, 71, 71, 1, 4.70%, 0, 0, 2, 1.17
1636344455, 0, 0, 72, 72, 1, 4.70%, 0, 0, 2, 8.56
1636344465, 0, 0, 73, 73, 1, 4.70%, 0, 0, 2, 1.09
1636344475, 0, 0, 74, 74, 1, 4.70%, 0, 0, 2, 1.13
1636344486, 0, 0, 75, 75, 1, 4.70%, 0, 0, 2, 2.35
1636344501, 0, 0, 76, 76, 1, 4.70%, 0, 0, 2, 1.21
1636344507, 0, 0, 77, 77, 1, 4.70%, 0, 0, 2, 17.10
1636344518, 0, 0, 78, 78, 1, 4.70%, 0, 0, 2, 1.27
1636344524, 0, 0, 79, 79, 1, 4.70%, 0, 0, 2, 1.25
1636344535, 0, 0, 80, 80, 1, 4.70%, 0, 0, 2, 1.22
1636344540, 0, 0, 81, 81, 1, 4.70%, 0, 0, 2, 1.20
1636344556, 0, 0, 82, 82, 1, 4.70%, 0, 0, 2, 3.97
1636344561, 0, 0, 83, 83, 1, 4.70%, 0, 0, 2, 3.38
1636344567, 0, 0, 84, 84, 1, 4.70%, 0, 0, 2, 2.59
1636344578, 0, 0, 85, 85, 1, 4.70%, 0, 0, 2, 1.21
1636344588, 0, 0, 86, 86, 1, 4.70%, 0, 0, 2, 1.17
1636344594, 0, 0, 87, 87, 1, 4.70%, 0, 0, 2, 21.89
1636344604, 0, 0, 88, 88, 1, 4.70%, 0, 0, 2, 1.21
1636344610, 0, 0, 89, 89, 1, 4.70%, 0, 0, 2, 1.26
1636344620, 0, 0, 90, 90, 1, 4.70%, 0, 0, 2, 1.28
1636344626, 0, 0, 91, 91, 1, 4.70%, 0, 0, 2, 1.25
1636344632, 0, 0, 92, 92, 1, 4.70%, 0, 0, 2, 1.24
1636344642, 0, 0, 93, 93, 1, 4.70%, 0, 0, 2, 1.20
1636344647, 0, 0, 94, 94, 1, 4.70%, 0, 0, 2, 1.25
1636344658, 0, 0, 95, 95, 1, 4.70%, 0, 0, 2, 1.23
1636344664, 0, 0, 96, 96, 1, 4.70%, 0, 0, 2, 1.21
1636344670, 0, 0, 97, 97, 1, 4.70%, 0, 0, 2, 1.35
1636344681, 0, 0, 98, 98, 1, 4.70%, 0, 0, 2, 1.26
1636344686, 0, 0, 99, 99, 1, 4.70%, 0, 0, 2, 1.24
1636344697, 0, 0, 100, 100, 1, 4.70%, 0, 0, 2, 1.24
1636344703, 0, 0, 101, 101, 1, 4.70%, 0, 0, 2, 1.34
1636344708, 0, 0, 102, 102, 1, 4.70%, 0, 0, 2, 1.29
1636344718, 0, 0, 103, 103, 1, 4.70%, 0, 0, 2, 1.24
1636344723, 0, 0, 104, 104, 1, 4.70%, 0, 0, 2, 1.22
1636344734, 0, 0, 105, 105, 1, 4.70%, 0, 0, 2, 1.19
1636344740, 0, 0, 106, 106, 1, 4.70%, 0, 0, 2, 1.11
1636344751, 0, 0, 107, 107, 1, 4.70%, 0, 0, 2, 1.11
1636344756, 0, 0, 108, 108, 1, 4.70%, 0, 0, 2, 1.08
1636344767, 0, 0, 109, 109, 1, 4.70%, 0, 0, 2, 1.13
1636344773, 0, 0, 110, 110, 1, 4.70%, 0, 0, 2, 4.99
1636344783, 0, 0, 111, 111, 1, 4.70%, 0, 0, 2, 3.17
1636344789, 0, 0, 112, 112, 1, 4.70%, 0, 0, 2, 2.52
1636344799, 0, 0, 113, 113, 1, 4.70%, 0, 0, 2, 1.76
1636344805, 0, 0, 114, 114, 1, 4.70%, 0, 0, 2, 1.92
1636344815, 0, 0, 115, 115, 1, 4.70%, 0, 0, 2, 1.50
1636344821, 0, 0, 116, 116, 1, 4.70%, 0, 0, 2, 1.40
1636344832, 0, 0, 117, 117, 1, 4.70%, 0, 0, 2, 1.40
1636344837, 0, 0, 118, 118, 1, 4.70%, 0, 0, 2, 1.70
1636344848, 0, 0, 119, 119, 1, 4.70%, 0, 0, 2, 1.39
1636344853, 0, 0, 120, 120, 1, 4.70%, 0, 0, 2, 1.32
1636344864, 0, 0, 121, 121, 1, 4.70%, 0, 0, 2, 1.23
1636344869, 0, 0, 122, 122, 1, 4.70%, 0, 0, 2, 1.19
1636344879, 0, 0, 123, 123, 1, 4.70%, 0, 0, 2, 1.36
1636344884, 0, 0, 124, 124, 1, 4.70%, 0, 0, 2, 7.26
1636344895, 0, 0, 125, 125, 1, 4.70%, 0, 0, 2, 1.16
1636344900, 0, 0, 126, 126, 1, 4.70%, 0, 0, 2, 1.22
1636344911, 0, 0, 127, 127, 1, 4.70%, 0, 0, 2, 1.20
1636344917, 0, 0, 128, 128, 1, 4.70%, 0, 0, 2, 1.19
1636344928, 0, 0, 129, 129, 1, 4.70%, 0, 0, 2, 1.15
1636344933, 0, 0, 130, 130, 1, 4.70%, 0, 0, 2, 1.13
1636344944, 0, 0, 131, 131, 1, 4.70%, 0, 0, 2, 1.14
1636344949, 0, 0, 132, 132, 1, 4.70%, 0, 0, 2, 1.15
1636344959, 0, 0, 133, 133, 1, 4.70%, 0, 0, 2, 1.21
1636344964, 0, 0, 134, 134, 1, 4.70%, 0, 0, 2, 1.19
1636344975, 0, 0, 135, 135, 1, 4.70%, 0, 0, 2, 18.45
1636344986, 0, 0, 136, 136, 1, 4.70%, 0, 0, 2, 1.15
1636344997, 0, 0, 137, 137, 1, 4.70%, 0, 0, 2, 1.09
1636345002, 0, 0, 138, 138, 1, 4.70%, 0, 0, 2, 1.19
1636345012, 0, 0, 139, 139, 1, 4.70%, 0, 0, 2, 1.16
1636345018, 0, 0, 140, 140, 1, 4.70%, 0, 0, 2, 1.17
1636345029, 0, 0, 141, 141, 1, 4.70%, 0, 0, 2, 1.36
1636345034, 0, 0, 142, 142, 1, 4.70%, 0, 0, 2, 1.20
1636345045, 0, 0, 143, 143, 1, 4.70%, 0, 0, 2, 1.22
1636345050, 0, 0, 144, 144, 1, 4.70%, 0, 0, 2, 1.19
1636345061, 0, 0, 145, 145, 1, 4.70%, 0, 0, 2, 1.30
1636345066, 0, 0, 146, 146, 1, 4.70%, 0, 0, 2, 1.31
1636345077, 0, 0, 147, 147, 1, 4.70%, 0, 0, 2, 1.23
1636345082, 0, 0, 148, 148, 1, 4.70%, 0, 0, 2, 1.08
1636345093, 0, 0, 149, 149, 1, 4.70%, 0, 0, 2, 1.12
1636345098, 0, 0, 150, 150, 1, 4.70%, 0, 0, 2, 1.15
1636345108, 0, 0, 151, 151, 1, 4.70%, 0, 0, 2, 1.13
1636345114, 0, 0, 152, 152, 1, 4.70%, 0, 0, 2, 1.12
1636345124, 0, 0, 153, 153, 1, 4.70%, 0, 0, 2, 1.15
1636345135, 0, 0, 154, 154, 1, 4.70%, 0, 0, 2, 1.15
1636345140, 0, 0, 155, 155, 1, 4.70%, 0, 0, 2, 1.13
1636345151, 0, 0, 156, 156, 1, 4.70%, 0, 0, 2, 1.12
1636345156, 0, 0, 157, 157, 1, 4.70%, 0, 0, 2, 15.62
1636345167, 0, 0, 158, 158, 1, 4.70%, 0, 0, 2, 1.27
1636345172, 0, 0, 159, 159, 1, 4.70%, 0, 0, 2, 1.22
1636345183, 0, 0, 160, 160, 1, 4.70%, 0, 0, 2, 1.17
1636345188, 0, 0, 161, 161, 1, 4.70%, 0, 0, 2, 1.45
1636345198, 0, 0, 162, 162, 1, 4.70%, 0, 0, 2, 1.28
1636345204, 0, 0, 163, 163, 1, 4.70%, 0, 0, 2, 1.23
1636345214, 0, 0, 164, 164, 1, 4.70%, 0, 0, 2, 1.18
1636345220, 0, 0, 165, 165, 1, 4.70%, 0, 0, 2, 1.17
1636345230, 0, 0, 166, 166, 1, 4.70%, 0, 0, 2, 1.15
1636345235, 0, 0, 167, 167, 1, 4.70%, 0, 0, 2, 1.14
1636345246, 0, 0, 168, 168, 1, 4.70%, 0, 0, 2, 1.26
1636345257, 0, 0, 169, 169, 1, 4.70%, 0, 0, 2, 1.07
1636345262, 0, 0, 170, 170, 1, 4.70%, 0, 0, 2, 2.14
1636345273, 0, 0, 171, 171, 1, 4.70%, 0, 0, 2, 1.59
1636345283, 0, 0, 172, 172, 1, 4.70%, 0, 0, 2, 1.36
1636345289, 0, 0, 173, 173, 1, 4.70%, 0, 0, 2, 1.09
1636345300, 0, 0, 174, 174, 1, 4.70%, 0, 0, 2, 1.10
1636345305, 0, 0, 175, 175, 1, 4.70%, 0, 0, 2, 14.46
1636345316, 0, 0, 176, 176, 1, 4.70%, 0, 0, 2, 1.42
1636345322, 0, 0, 177, 177, 1, 4.70%, 0, 0, 2, 1.48
1636345332, 0, 0, 178, 178, 1, 4.70%, 0, 0, 2, 1.30
1636345343, 0, 0, 179, 179, 1, 4.70%, 0, 0, 2, 1.18
1636345348, 0, 0, 180, 180, 1, 4.70%, 0, 0, 2, 1.18
1636345353, 0, 0, 181, 181, 1, 4.70%, 0, 0, 2, 9.97
1636345365, 0, 0, 182, 182, 1, 4.70%, 0, 0, 2, 1.19
1636345370, 0, 0, 183, 183, 1, 4.70%, 0, 0, 2, 1.28
1636345376, 0, 0, 184, 184, 1, 4.70%, 0, 0, 2, 1.26
1636345386, 0, 0, 185, 185, 1, 4.70%, 0, 0, 2, 1.26
1636345391, 0, 0, 186, 186, 1, 4.70%, 0, 0, 2, 6.80
1636345402, 0, 0, 187, 187, 1, 4.70%, 0, 0, 2, 1.29
1636345408, 0, 0, 188, 188, 1, 4.70%, 0, 0, 2, 1.45
1636345418, 0, 0, 189, 189, 1, 4.70%, 0, 0, 2, 1.31
1636345423, 0, 0, 190, 190, 1, 4.70%, 0, 0, 2, 1.27
1636345438, 0, 0, 191, 191, 1, 4.70%, 0, 0, 2, 1.53
1636345449, 0, 0, 192, 192, 1, 4.70%, 0, 0, 2, 1.97
1636345459, 0, 0, 193, 193, 1, 4.70%, 0, 0, 2, 2.08
1636345464, 0, 0, 194, 194, 1, 4.70%, 0, 0, 2, 1.78
1636345475, 0, 0, 195, 195, 1, 4.70%, 0, 0, 2, 2.11
1636345485, 0, 0, 196, 196, 1, 4.70%, 0, 0, 2, 1.61
1636345496, 0, 0, 197, 197, 1, 4.70%, 0, 0, 2, 2.12
1636345501, 0, 0, 198, 198, 1, 4.70%, 0, 0, 2, 1.80
1636345512, 0, 0, 199, 199, 1, 4.70%, 0, 0, 2, 1.13
1636345518, 0, 0, 200, 200, 1, 4.70%, 0, 0, 2, 1.14
1636345528, 0, 0, 201, 201, 1, 4.70%, 0, 0, 2, 1.13
1636345533, 0, 0, 202, 202, 1, 4.70%, 0, 0, 2, 1.13
1636345544, 0, 0, 203, 203, 1, 4.70%, 0, 0, 2, 1.12
1636345554, 0, 0, 204, 204, 1, 4.70%, 0, 0, 2, 1.14
1636345559, 0, 0, 205, 205, 1, 4.70%, 0, 0, 2, 1.36
1636345570, 0, 0, 206, 206, 1, 4.70%, 0, 0, 2, 1.26
1636345576, 0, 0, 207, 207, 1, 4.70%, 0, 0, 2, 1.12
1636345587, 0, 0, 208, 208, 1, 4.70%, 0, 0, 2, 1.31
1636345592, 0, 0, 209, 209, 1, 4.70%, 0, 0, 2, 1.26
1636345597, 0, 0, 210, 210, 1, 4.70%, 0, 0, 2, 1.20
1636345608, 0, 0, 211, 211, 1, 4.70%, 0, 0, 2, 1.15
1636345613, 0, 0, 212, 212, 1, 4.70%, 0, 0, 2, 1.15
1636345624, 0, 0, 213, 213, 1, 4.70%, 0, 0, 2, 1.16
1636345629, 0, 0, 214, 214, 1, 4.70%, 0, 0, 2, 9.89
1636345640, 0, 0, 215, 215, 1, 4.70%, 0, 0, 2, 3.91
1636345651, 0, 0, 216, 216, 1, 4.70%, 0, 0, 2, 1.19
1636345662, 0, 0, 217, 217, 1, 4.70%, 0, 0, 2, 1.12
1636345673, 0, 0, 218, 218, 1, 4.70%, 0, 0, 2, 1.19
1636345678, 0, 0, 219, 219, 1, 4.70%, 0, 0, 2, 1.24
1636345688, 0, 0, 220, 220, 1, 4.70%, 0, 0, 2, 1.20
1636345699, 0, 0, 221, 221, 1, 4.70%, 0, 0, 2, 1.14
1636345705, 0, 0, 222, 222, 1, 4.70%, 0, 0, 2, 1.09
1636345715, 0, 0, 223, 223, 1, 4.70%, 0, 0, 2, 1.11
1636345721, 0, 0, 224, 224, 1, 4.70%, 0, 0, 2, 1.15
1636345736, 0, 0, 225, 225, 1, 4.70%, 0, 0, 2, 1.10
1636345748, 0, 0, 226, 226, 1, 4.70%, 0, 0, 2, 1.09
1636345763, 0, 0, 227, 227, 1, 4.70%, 0, 0, 2, 1.10
1636345768, 0, 0, 228, 228, 1, 4.70%, 0, 0, 2, 1.31
1636345779, 0, 0, 229, 229, 1, 4.70%, 0, 0, 2, 1.41
1636345790, 0, 0, 230, 230, 1, 4.70%, 0, 0, 2, 1.26
1636345796, 0, 0, 231, 231, 1, 4.70%, 0, 0, 2, 1.20
1636345806, 0, 0, 232, 232, 1, 4.70%, 0, 0, 2, 1.14
1636345817, 0, 0, 233, 233, 1, 4.70%, 0, 0, 2, 1.28
1636345823, 0, 0, 234, 234, 1, 4.70%, 0, 0, 2, 1.06
1636345833, 0, 0, 235, 235, 1, 4.70%, 0, 0, 2, 1.08
1636345839, 0, 0, 236, 236, 1, 4.70%, 0, 0, 2, 1.14
1636345850, 0, 0, 237, 237, 1, 4.70%, 0, 0, 2, 1.22
1636345856, 0, 0, 238, 238, 1, 4.70%, 0, 0, 2, 1.18
1636345866, 0, 0, 239, 239, 1, 4.70%, 0, 0, 2, 1.15
1636345872, 0, 0, 240, 240, 1, 4.70%, 0, 0, 2, 1.09
1636345882, 0, 0, 241, 241, 1, 4.70%, 0, 0, 2, 1.10
1636345888, 0, 0, 242, 242, 1, 4.70%, 0, 0, 2, 15.43
1636345904, 0, 0, 243, 243, 1, 4.70%, 0, 0, 2, 1.09
1636345925, 0, 0, 244, 244, 1, 4.70%, 0, 0, 2, 2.72
1636345931, 0, 0, 245, 245, 1, 4.70%, 0, 0, 2, 2.19
1636345942, 0, 0, 246, 246, 1, 4.70%, 0, 0, 2, 1.60
1636345947, 0, 0, 247, 247, 1, 4.70%, 0, 0, 2, 1.45
1636345958, 0, 0, 248, 248, 1, 4.70%, 0, 0, 2, 1.26
1636345964, 0, 0, 249, 249, 1, 4.70%, 0, 0, 2, 1.26
1636345974, 0, 0, 250, 250, 1, 4.70%, 0, 0, 2, 1.40
1636345980, 0, 0, 251, 251, 1, 4.70%, 0, 0, 2, 1.29
1636345996, 0, 0, 252, 252, 1, 4.70%, 0, 0, 2, 1.11
1636346007, 0, 0, 253, 253, 1, 4.70%, 0, 0, 2, 1.07
1636346017, 0, 0, 254, 254, 1, 4.70%, 0, 0, 2, 5.44
1636346028, 0, 0, 255, 255, 1, 4.70%, 0, 0, 2, 3.32
1636346039, 0, 0, 256, 256, 1, 4.70%, 0, 0, 2, 2.12
1636346045, 0, 0, 257, 257, 1, 4.70%, 0, 0, 2, 1.12
1636346056, 0, 0, 258, 258, 1, 4.70%, 0, 0, 2, 1.18
1636346066, 0, 0, 259, 259, 1, 4.70%, 0, 0, 2, 1.14
1636346072, 0, 0, 260, 260, 1, 4.70%, 0, 0, 2, 1.17
1636346083, 0, 0, 261, 261, 1, 4.70%, 0, 0, 2, 1.17
1636346089, 0, 0, 262, 262, 1, 4.70%, 0, 0, 2, 7.52
1636346110, 0, 0, 263, 263, 1, 4.70%, 0, 0, 2, 1.09
1636346121, 0, 0, 264, 264, 1, 4.70%, 0, 0, 2, 1.29
1636346126, 0, 0, 265, 265, 1, 4.70%, 0, 0, 2, 1.11
1636346137, 0, 0, 266, 266, 1, 4.70%, 0, 0, 2, 1.10
1636346143, 0, 0, 267, 267, 1, 4.70%, 0, 0, 2, 1.22
1636346153, 0, 0, 268, 268, 1, 4.70%, 0, 0, 2, 1.17
1636346159, 0, 0, 269, 269, 1, 4.70%, 0, 0, 2, 1.06
1636346170, 0, 0, 270, 270, 1, 4.70%, 0, 0, 2, 1.08
1636346176, 0, 0, 271, 271, 1, 4.70%, 0, 0, 2, 1.09
1636346187, 0, 0, 272, 272, 1, 4.70%, 0, 0, 2, 1.15
1636346192, 0, 0, 273, 273, 1, 4.70%, 0, 0, 2, 1.13
1636346203, 0, 0, 274, 274, 1, 4.70%, 0, 0, 2, 1.15
1636346208, 0, 0, 275, 275, 1, 4.70%, 0, 0, 2, 1.11
1636346219, 0, 0, 276, 276, 1, 4.70%, 0, 0, 2, 1.11
1636346225, 0, 0, 277, 277, 1, 4.70%, 0, 0, 2, 1.17
1636346235, 0, 0, 278, 278, 1, 4.70%, 0, 0, 2, 1.16
1636346240, 0, 0, 279, 279, 1, 4.70%, 0, 0, 2, 1.16
1636346251, 0, 0, 280, 280, 1, 4.70%, 0, 0, 2, 1.20
1636346256, 0, 0, 281, 281, 1, 4.70%, 0, 0, 2, 1.18
1636346267, 0, 0, 282, 282, 1, 4.70%, 0, 0, 2, 1.16
1636346272, 0, 0, 283, 283, 1, 4.70%, 0, 0, 2, 1.14
1636346283, 0, 0, 284, 284, 1, 4.70%, 0, 0, 2, 1.14
1636346288, 0, 0, 285, 285, 1, 4.70%, 0, 0, 2, 1.14
1636346298, 0, 0, 286, 286, 1, 4.70%, 0, 0, 2, 1.38
1636346303, 0, 0, 287, 287, 1, 4.70%, 0, 0, 2, 1.11
1636346314, 0, 0, 288, 288, 1, 4.70%, 0, 0, 2, 1.12
1636346324, 0, 0, 289, 289, 1, 4.70%, 0, 0, 2, 1.33
1636346330, 0, 0, 290, 290, 1, 4.70%, 0, 0, 2, 1.16
1636346340, 0, 0, 291, 291, 1, 4.70%, 0, 0, 2, 1.20
1636346346, 0, 0, 292, 292, 1, 4.70%, 0, 0, 2, 1.14
1636346356, 0, 0, 293, 293, 1, 4.70%, 0, 0, 2, 1.16
1636346367, 0, 0, 294, 294, 1, 4.70%, 0, 0, 2, 1.15
1636346372, 0, 0, 295, 295, 1, 4.70%, 0, 0, 2, 1.27
1636346382, 0, 0, 296, 296, 1, 4.70%, 0, 0, 2, 1.40
1636346388, 0, 0, 297, 297, 1, 4.70%, 0, 0, 2, 1.57
1636346398, 0, 0, 298, 298, 1, 4.70%, 0, 0, 2, 1.17
1636346404, 0, 0, 299, 299, 1, 4.70%, 0, 0, 2, 1.14
1636346414, 0, 0, 300, 300, 1, 4.70%, 0, 0, 2, 1.14
1636346419, 0, 0, 301, 301, 1, 4.70%, 0, 0, 2, 1.38
1636346430, 0, 0, 302, 302, 1, 4.70%, 0, 0, 2, 1.14
1636346440, 0, 0, 303, 303, 1, 4.70%, 0, 0, 2, 1.14
1636346446, 0, 0, 304, 304, 1, 4.70%, 0, 0, 2, 1.15
1636346456, 0, 0, 305, 305, 1, 4.70%, 0, 0, 2, 1.09
1636346462, 0, 0, 306, 306, 1, 4.70%, 0, 0, 2, 1.10
1636346472, 0, 0, 307, 307, 1, 4.70%, 0, 0, 2, 1.63
1636346483, 0, 0, 308, 308, 1, 4.70%, 0, 0, 2, 1.42
1636346488, 0, 0, 309, 309, 1, 4.70%, 0, 0, 2, 1.37
1636346499, 0, 0, 310, 310, 1, 4.70%, 0, 0, 2, 1.29
1636346504, 0, 0, 311, 311, 1, 4.70%, 0, 0, 2, 1.24
1636346514, 0, 0, 312, 312, 1, 4.70%, 0, 0, 2, 1.21
1636346520, 0, 0, 313, 313, 1, 4.70%, 0, 0, 2, 1.18
1636346530, 0, 0, 314, 314, 1, 4.70%, 0, 0, 2, 1.12
1636346541, 0, 0, 315, 315, 1, 4.70%, 0, 0, 2, 1.18
1636346546, 0, 0, 316, 316, 1, 4.70%, 0, 0, 2, 1.16
1636346557, 0, 0, 317, 317, 1, 4.70%, 0, 0, 2, 1.15
1636346562, 0, 0, 318, 318, 1, 4.70%, 0, 0, 2, 1.11
1636346573, 0, 0, 319, 319, 1, 4.70%, 0, 0, 2, 13.85
1636346589, 0, 0, 320, 320, 1, 4.70%, 0, 0, 2, 1.13
1636346599, 0, 0, 321, 321, 1, 4.70%, 0, 0, 2, 1.14
1636346609, 0, 0, 322, 322, 1, 4.70%, 0, 0, 2, 4.51
1636346620, 0, 0, 323, 323, 1, 4.70%, 0, 0, 2, 2.84
1636346626, 0, 0, 324, 324, 1, 4.70%, 0, 0, 2, 2.55
1636346636, 0, 0, 325, 325, 1, 4.70%, 0, 0, 2, 2.03
1636346647, 0, 0, 326, 326, 1, 4.70%, 0, 0, 2, 1.13
1636346652, 0, 0, 327, 327, 1, 4.70%, 0, 0, 2, 1.13
1636346663, 0, 0, 328, 328, 1, 4.70%, 0, 0, 2, 1.34
1636346674, 0, 0, 329, 329, 1, 4.70%, 0, 0, 2, 1.28
1636346679, 0, 0, 330, 330, 1, 4.70%, 0, 0, 2, 2.24
1636346690, 0, 0, 331, 331, 1, 4.70%, 0, 0, 2, 1.81
1636346701, 0, 0, 332, 332, 1, 4.70%, 0, 0, 2, 1.18
1636346706, 0, 0, 333, 333, 1, 4.70%, 0, 0, 2, 1.16
1636346717, 0, 0, 334, 334, 1, 4.70%, 0, 0, 2, 1.13
1636346722, 0, 0, 335, 335, 1, 4.70%, 0, 0, 2, 1.05
1636346733, 0, 0, 336, 336, 1, 4.70%, 0, 0, 2, 1.11
1636346744, 0, 0, 337, 337, 1, 4.70%, 0, 0, 2, 1.09
1636346764, 0, 0, 338, 338, 1, 4.70%, 0, 0, 2, 1.14
1636346775, 0, 0, 339, 339, 1, 4.70%, 0, 0, 2, 1.13
1636346780, 0, 0, 340, 340, 1, 4.70%, 0, 0, 2, 1.14
1636346790, 0, 0, 341, 341, 1, 4.70%, 0, 0, 2, 1.33
1636346801, 0, 0, 342, 342, 1, 4.70%, 0, 0, 2, 1.29
1636346812, 0, 0, 343, 343, 1, 4.70%, 0, 0, 2, 1.40
1636346817, 0, 0, 344, 344, 1, 4.70%, 0, 0, 2, 1.45
1636346828, 0, 0, 345, 345, 1, 4.70%, 0, 0, 2, 1.28
1636346838, 0, 0, 346, 346, 1, 4.70%, 0, 0, 2, 1.39
1636346848, 0, 0, 347, 347, 1, 4.70%, 0, 0, 2, 1.20
1636346854, 0, 0, 348, 348, 1, 4.70%, 0, 0, 2, 1.18
1636346864, 0, 0, 349, 349, 1, 4.70%, 0, 0, 2, 1.15
1636346870, 0, 0, 350, 350, 1, 4.70%, 0, 0, 2, 10.74
1636346886, 0, 0, 351, 351, 1, 4.70%, 0, 0, 2, 1.16
1636346896, 0, 0, 352, 352, 1, 4.70%, 0, 0, 2, 1.20
1636346901, 0, 0, 353, 353, 1, 4.70%, 0, 0, 2, 1.18
1636346917, 0, 0, 354, 354, 1, 4.70%, 0, 0, 2, 1.12
1636346928, 0, 0, 355, 355, 1, 4.70%, 0, 0, 2, 1.13
1636346938, 0, 0, 356, 356, 1, 4.70%, 0, 0, 2, 1.19
1636346949, 0, 0, 357, 357, 1, 4.70%, 0, 0, 2, 1.14
1636346960, 0, 0, 358, 358, 1, 4.70%, 0, 0, 2, 1.14
1636346965, 0, 0, 359, 359, 1, 4.70%, 0, 0, 2, 1.27
1636346975, 0, 0, 360, 360, 1, 4.70%, 0, 0, 2, 1.34
1636346986, 0, 0, 361, 361, 1, 4.70%, 0, 0, 2, 1.24
1636346991, 0, 0, 362, 362, 1, 4.70%, 0, 0, 2, 1.20
1636347001, 0, 0, 363, 363, 1, 4.70%, 0, 0, 2, 1.23
1636347007, 0, 0, 364, 364, 1, 4.70%, 0, 0, 2, 1.21
1636347017, 0, 0, 365, 365, 1, 4.70%, 0, 0, 2, 1.17
1636347022, 0, 0, 366, 366, 1, 4.70%, 0, 0, 2, 1.16
1636347033, 0, 0, 367, 367, 1, 4.70%, 0, 0, 2, 1.12
1636347038, 0, 0, 368, 368, 1, 4.70%, 0, 0, 2, 1.14
1636347049, 0, 0, 369, 369, 1, 4.70%, 0, 0, 2, 1.12
1636347059, 0, 0, 370, 370, 1, 4.70%, 0, 0, 2, 1.33
1636347065, 0, 0, 371, 371, 1, 4.70%, 0, 0, 2, 1.27
1636347081, 0, 0, 372, 372, 1, 4.70%, 0, 0, 2, 1.13
1636347087, 0, 0, 373, 373, 1, 4.70%, 0, 0, 2, 1.09
1636347097, 0, 0, 374, 374, 1, 4.70%, 0, 0, 2, 1.15
1636347103, 0, 0, 375, 375, 1, 4.70%, 0, 0, 2, 1.07
1636347114, 0, 0, 376, 376, 1, 4.70%, 0, 0, 2, 1.26
1636347119, 0, 0, 377, 377, 1, 4.70%, 0, 0, 2, 1.36
1636347130, 0, 0, 378, 378, 1, 4.70%, 0, 0, 2, 1.28
1636347140, 0, 0, 379, 379, 1, 4.70%, 0, 0, 2, 1.30
1636347145, 0, 0, 380, 380, 1, 4.70%, 0, 0, 2, 1.25
1636347156, 0, 0, 381, 381, 1, 4.70%, 0, 0, 2, 1.24
1636347161, 0, 0, 382, 382, 1, 4.70%, 0, 0, 2, 1.26
1636347172, 0, 0, 383, 383, 1, 4.70%, 0, 0, 2, 1.18
1636347178, 0, 0, 384, 384, 1, 4.70%, 0, 0, 2, 1.29
1636347188, 0, 0, 385, 385, 1, 4.70%, 0, 0, 2, 1.25
1636347194, 0, 0, 386, 386, 1, 4.70%, 0, 0, 2, 1.20
1636347204, 0, 0, 387, 387, 1, 4.70%, 0, 0, 2, 1.17
1636347210, 0, 0, 388, 388, 1, 4.70%, 0, 0, 2, 1.15
1636347220, 0, 0, 389, 389, 1, 4.70%, 0, 0, 2, 1.15
1636347225, 0, 0, 390, 390, 1, 4.70%, 0, 0, 2, 1.21
1636347236, 0, 0, 391, 391, 1, 4.70%, 0, 0, 2, 1.40
1636347241, 0, 0, 392, 392, 1, 4.70%, 0, 0, 2, 1.31
1636347257, 0, 0, 393, 393, 1, 4.70%, 0, 0, 2, 1.14
1636347268, 0, 0, 394, 394, 1, 4.70%, 0, 0, 2, 1.13
1636347273, 0, 0, 395, 395, 1, 4.70%, 0, 0, 2, 1.36
1636347284, 0, 0, 396, 396, 1, 4.70%, 0, 0, 2, 1.23
1636347295, 0, 0, 397, 397, 1, 4.70%, 0, 0, 2, 1.13
1636347305, 0, 0, 398, 398, 1, 4.70%, 0, 0, 2, 1.14
1636347311, 0, 0, 399, 399, 1, 4.70%, 0, 0, 2, 1.13
1636347321, 0, 0, 400, 400, 1, 4.70%, 0, 0, 2, 1.17
1636347327, 0, 0, 401, 401, 1, 4.70%, 0, 0, 2, 1.16
1636347337, 0, 0, 402, 402, 1, 4.70%, 0, 0, 2, 1.13
1636347343, 0, 0, 403, 403, 1, 4.70%, 0, 0, 2, 1.14
1636347353, 0, 0, 404, 404, 1, 4.70%, 0, 0, 2, 1.13
1636347364, 0, 0, 405, 405, 1, 4.70%, 0, 0, 2, 1.12
1636347369, 0, 0, 406, 406, 1, 4.70%, 0, 0, 2, 1.11
1636347380, 0, 0, 407, 407, 1, 4.70%, 0, 0, 2, 1.13
1636347390, 0, 0, 408, 408, 1, 4.70%, 0, 0, 2, 14.44
1636347402, 0, 0, 409, 409, 1, 4.70%, 0, 0, 2, 2.06
1636347418, 0, 0, 410, 410, 1, 4.70%, 0, 0, 2, 1.14
1636347429, 0, 0, 411, 411, 1, 4.70%, 0, 0, 2, 1.10
1636347440, 0, 0, 412, 412, 1, 4.70%, 0, 0, 2, 1.30
1636347455, 0, 0, 413, 413, 1, 4.70%, 0, 0, 2, 3.56
1636347461, 0, 0, 414, 414, 1, 4.70%, 0, 0, 2, 2.78
1636347471, 0, 0, 415, 415, 1, 4.70%, 0, 0, 2, 2.78
1636347482, 0, 0, 416, 416, 1, 4.70%, 0, 0, 2, 10.90
1636347493, 0, 0, 417, 417, 1, 4.70%, 0, 0, 2, 1.17
1636347509, 0, 0, 418, 418, 1, 4.70%, 0, 0, 2, 1.12
1636347514, 0, 0, 419, 419, 1, 4.70%, 0, 0, 2, 1.13
1636347525, 0, 0, 420, 420, 1, 4.70%, 0, 0, 2, 1.19
1636347536, 0, 0, 421, 421, 1, 4.70%, 0, 0, 2, 1.11
1636347547, 0, 0, 422, 422, 1, 4.70%, 0, 0, 2, 1.10
1636347557, 0, 0, 423, 423, 1, 4.70%, 0, 0, 2, 1.14
1636347567, 0, 0, 424, 424, 1, 4.70%, 0, 0, 2, 3.97
1636347578, 0, 0, 425, 425, 1, 4.70%, 0, 0, 2, 1.12
1636347589, 0, 0, 426, 426, 1, 4.70%, 0, 0, 2, 1.13
1636347605, 0, 0, 427, 427, 1, 4.70%, 0, 0, 2, 1.14
1636347615, 0, 0, 428, 428, 1, 4.70%, 0, 0, 2, 1.13
1636347631, 0, 0, 429, 429, 1, 4.70%, 0, 0, 2, 2.23
1636347642, 0, 0, 430, 430, 1, 4.70%, 0, 0, 2, 1.77
1636347648, 0, 0, 431, 431, 1, 4.70%, 0, 0, 2, 1.13
1636347658, 0, 0, 432, 432, 1, 4.70%, 0, 0, 2, 18.34
1636347669, 0, 0, 433, 433, 1, 4.70%, 0, 0, 2, 1.11
1636347680, 0, 0, 434, 434, 1, 4.70%, 0, 0, 2, 1.13
1636347691, 0, 0, 435, 435, 1, 4.70%, 0, 0, 2, 1.12
1636347696, 0, 0, 436, 436, 1, 4.70%, 0, 0, 2, 1.11
1636347707, 0, 0, 437, 437, 1, 4.70%, 0, 0, 2, 1.11
1636347718, 0, 0, 438, 438, 1, 4.70%, 0, 0, 2, 1.13
1636347723, 0, 0, 439, 439, 1, 4.70%, 0, 0, 2, 1.14
1636347734, 0, 0, 440, 440, 1, 4.70%, 0, 0, 2, 1.13
1636347739, 0, 0, 441, 441, 1, 4.70%, 0, 0, 2, 1.20
1636347750, 0, 0, 442, 442, 1, 4.70%, 0, 0, 2, 1.27
1636347755, 0, 0, 443, 443, 1, 4.70%, 0, 0, 2, 1.40
1636347766, 0, 0, 444, 444, 1, 4.70%, 0, 0, 2, 1.45
1636347777, 0, 0, 445, 445, 1, 4.70%, 0, 0, 2, 1.33
1636347782, 0, 0, 446, 446, 1, 4.70%, 0, 0, 2, 1.16
1636347793, 0, 0, 447, 447, 1, 4.70%, 0, 0, 2, 1.15
1636347798, 0, 0, 448, 448, 1, 4.70%, 0, 0, 2, 1.44
1636347809, 0, 0, 449, 449, 1, 4.70%, 0, 0, 2, 1.53
1636347814, 0, 0, 450, 450, 1, 4.70%, 0, 0, 2, 1.40
1636347824, 0, 0, 451, 451, 1, 4.70%, 0, 0, 2, 1.39
1636347835, 0, 0, 452, 452, 1, 4.70%, 0, 0, 2, 1.42
1636347846, 0, 0, 453, 453, 1, 4.70%, 0, 0, 2, 1.77
1636347857, 0, 0, 454, 454, 1, 4.70%, 0, 0, 2, 1.15
1636347868, 0, 0, 455, 455, 1, 4.70%, 0, 0, 2, 1.16
1636347873, 0, 0, 456, 456, 1, 4.70%, 0, 0, 2, 1.11
1636347883, 0, 0, 457, 457, 1, 4.70%, 0, 0, 2, 1.21
1636347894, 0, 0, 458, 458, 1, 4.70%, 0, 0, 2, 1.35
1636347905, 0, 0, 459, 459, 1, 4.70%, 0, 0, 2, 1.13
1636347916, 0, 0, 460, 460, 1, 4.70%, 0, 0, 2, 1.13
1636347927, 0, 0, 461, 461, 1, 4.70%, 0, 0, 2, 1.17
1636347932, 0, 0, 462, 462, 1, 4.70%, 0, 0, 2, 16.70
1636347948, 0, 0, 463, 463, 1, 4.70%, 0, 0, 2, 1.13
1636347958, 0, 0, 464, 464, 1, 4.70%, 0, 0, 2, 1.16
1636347969, 0, 0, 465, 465, 1, 4.70%, 0, 0, 2, 1.34
1636347974, 0, 0, 466, 466, 1, 4.70%, 0, 0, 2, 1.27
1636347986, 0, 0, 467, 467, 1, 4.70%, 0, 0, 2, 10.49
1636347996, 0, 0, 468, 468, 1, 4.70%, 0, 0, 2, 2.21
1636348007, 0, 0, 469, 469, 1, 4.70%, 0, 0, 2, 1.78
1636348018, 0, 0, 470, 470, 1, 4.70%, 0, 0, 2, 1.11
1636348039, 0, 0, 471, 471, 1, 4.70%, 0, 0, 2, 1.14
1636348045, 0, 0, 472, 472, 1, 4.70%, 0, 0, 2, 19.93
1636348056, 0, 0, 473, 473, 1, 4.70%, 0, 0, 2, 1.10
1636348067, 0, 0, 474, 474, 1, 4.70%, 0, 0, 2, 1.13
1636348078, 0, 0, 475, 475, 1, 4.70%, 0, 0, 2, 4.59
1636348084, 0, 0, 476, 476, 1, 4.70%, 0, 0, 2, 3.46
1636348095, 0, 0, 477, 477, 1, 4.70%, 0, 0, 2, 2.20
1636348105, 0, 0, 478, 478, 1, 4.70%, 0, 0, 2, 1.12
1636348116, 0, 0, 479, 479, 1, 4.70%, 0, 0, 2, 1.14
1636348126, 0, 0, 480, 480, 1, 4.70%, 0, 0, 2, 1.12
1636348137, 0, 0, 481, 481, 1, 4.70%, 0, 0, 2, 1.39
1636348142, 0, 0, 482, 482, 1, 4.70%, 0, 0, 2, 1.53
1636348164, 0, 0, 483, 483, 1, 4.70%, 0, 0, 2, 1.12
1636348175, 0, 0, 484, 484, 1, 4.70%, 0, 0, 2, 1.13
1636348180, 0, 0, 485, 485, 1, 4.70%, 0, 0, 2, 1.37
1636348196, 0, 0, 486, 486, 1, 4.70%, 0, 0, 2, 1.14
1636348208, 0, 0, 487, 487, 1, 4.70%, 0, 0, 2, 2.64
1636348213, 0, 0, 488, 488, 1, 4.70%, 0, 0, 2, 2.16
1636348224, 0, 0, 489, 489, 1, 4.70%, 0, 0, 2, 1.60
1636348229, 0, 0, 490, 490, 1, 4.70%, 0, 0, 2, 3.13
1636348240, 0, 0, 491, 491, 1, 4.70%, 0, 0, 2, 1.15
1636348256, 0, 0, 492, 492, 1, 4.70%, 0, 0, 2, 2.21
1636348261, 0, 0, 493, 493, 1, 4.70%, 0, 0, 2, 1.10
1636348266, 0, 0, 494, 494, 1, 4.70%, 0, 0, 2, 11.39
1636348277, 0, 0, 495, 495, 1, 4.70%, 0, 0, 2, 15.23
1636348293, 0, 0, 496, 496, 1, 4.70%, 0, 0, 2, 1.14
1636348304, 0, 0, 497, 497, 1, 4.70%, 0, 0, 2, 1.11
1636348315, 0, 0, 498, 498, 1, 4.70%, 0, 0, 2, 1.12
1636348320, 0, 0, 499, 499, 1, 4.70%, 0, 0, 2, 1.14
1636348331, 0, 0, 500, 500, 1, 4.70%, 0, 0, 2, 1.13
1636348336, 0, 0, 501, 501, 1, 4.70%, 0, 0, 2, 1.24
1636348347, 0, 0, 502, 502, 1, 4.70%, 0, 0, 2, 1.15
1636348363, 0, 0, 503, 503, 1, 4.70%, 0, 0, 2, 1.15
1636348369, 0, 0, 504, 504, 1, 4.70%, 0, 0, 2, 1.15
1636348379, 0, 0, 505, 505, 1, 4.70%, 0, 0, 2, 1.15
1636348384, 0, 0, 506, 506, 1, 4.70%, 0, 0, 2, 1.15
1636348395, 0, 0, 507, 507, 1, 4.70%, 0, 0, 2, 1.14
1636348405, 0, 0, 508, 508, 1, 4.70%, 0, 0, 2, 1.14
1636348416, 0, 0, 509, 509, 1, 4.70%, 0, 0, 2, 1.09
1636348422, 0, 0, 510, 510, 1, 4.70%, 0, 0, 2, 14.96
1636348437, 0, 0, 511, 511, 1, 4.70%, 0, 0, 2, 1.14
1636348448, 0, 0, 512, 512, 1, 4.70%, 0, 0, 2, 1.17
1636348454, 0, 0, 513, 513, 1, 4.70%, 0, 0, 2, 1.34
1636348464, 0, 0, 514, 514, 1, 4.70%, 0, 0, 2, 1.13
1636348475, 0, 0, 515, 515, 1, 4.70%, 0, 0, 2, 1.10
1636348502, 0, 0, 516, 516, 1, 4.70%, 0, 0, 2, 1.18
1636348513, 0, 0, 517, 517, 1, 4.70%, 0, 0, 2, 6.56
1636348524, 0, 0, 518, 518, 1, 4.70%, 0, 0, 2, 3.89
1636348539, 0, 0, 519, 519, 1, 4.70%, 0, 0, 2, 1.14
1636348545, 0, 0, 520, 520, 1, 4.70%, 0, 0, 2, 1.12
1636348555, 0, 0, 521, 521, 1, 4.70%, 0, 0, 2, 1.17
1636348571, 0, 0, 522, 522, 1, 4.70%, 0, 0, 2, 1.17
1636348577, 0, 0, 523, 523, 1, 4.70%, 0, 0, 2, 1.16
1636348587, 0, 0, 524, 524, 1, 4.70%, 0, 0, 2, 1.16
1636348598, 0, 0, 525, 525, 1, 4.70%, 0, 0, 2, 1.18
1636348619, 0, 0, 526, 526, 1, 4.70%, 0, 0, 2, 7.54
1636348629, 0, 0, 527, 527, 1, 4.70%, 0, 0, 2, 1.13
1636348645, 0, 0, 528, 528, 1, 4.70%, 0, 0, 2, 1.34
1636348656, 0, 0, 529, 529, 1, 4.70%, 0, 0, 2, 1.27
1636348661, 0, 0, 530, 530, 1, 4.70%, 0, 0, 2, 1.30
1636348677, 0, 0, 531, 531, 1, 4.70%, 0, 0, 2, 1.15
1636348682, 0, 0, 532, 532, 1, 4.70%, 0, 0, 2, 1.16
1636348692, 0, 0, 533, 533, 1, 4.70%, 0, 0, 2, 1.26
1636348698, 0, 0, 534, 534, 1, 4.70%, 0, 0, 2, 1.24
1636348714, 0, 0, 535, 535, 1, 4.70%, 0, 0, 2, 1.15
1636348729, 0, 0, 536, 536, 1, 4.70%, 0, 0, 2, 4.82
1636348740, 0, 0, 537, 537, 1, 4.70%, 0, 0, 2, 2.96
1636348756, 0, 0, 538, 538, 1, 4.70%, 0, 0, 2, 1.23
1636348761, 0, 0, 539, 539, 1, 4.70%, 0, 0, 2, 2.21
1636348772, 0, 0, 540, 540, 1, 4.70%, 0, 0, 2, 2.10
1636348793, 0, 0, 541, 541, 1, 4.70%, 0, 0, 2, 1.13
1636348809, 0, 0, 542, 542, 1, 4.70%, 0, 0, 2, 1.39
1636348814, 0, 0, 543, 543, 1, 4.70%, 0, 0, 2, 1.38
1636348825, 0, 0, 544, 544, 1, 4.70%, 0, 0, 2, 1.35
1636348836, 0, 0, 545, 545, 1, 4.70%, 0, 0, 2, 11.04
1636348847, 0, 0, 546, 546, 1, 4.70%, 0, 0, 2, 1.15
1636348852, 0, 0, 547, 547, 1, 4.70%, 0, 0, 2, 1.15
1636348863, 0, 0, 548, 548, 1, 4.70%, 0, 0, 2, 1.20
1636348879, 0, 0, 549, 549, 1, 4.70%, 0, 0, 2, 1.15
1636348895, 0, 0, 550, 550, 1, 4.70%, 0, 0, 2, 2.03
1636348900, 0, 0, 551, 551, 1, 4.70%, 0, 0, 2, 1.75
1636348912, 0, 0, 552, 552, 1, 4.70%, 0, 0, 2, 4.49
1636348928, 0, 0, 553, 553, 1, 4.70%, 0, 0, 2, 19.78
1636348938, 0, 0, 554, 554, 1, 4.70%, 0, 0, 2, 1.21
1636348949, 0, 0, 555, 555, 1, 4.70%, 0, 0, 2, 1.58
1636348954, 0, 0, 556, 556, 1, 4.70%, 0, 0, 2, 4.50
1636348970, 0, 0, 557, 557, 1, 4.70%, 0, 0, 2, 2.17
1636348986, 0, 0, 558, 558, 1, 4.70%, 0, 0, 2, 1.16
1636348997, 0, 0, 559, 559, 1, 4.70%, 0, 0, 2, 5.60
1636349018, 0, 0, 560, 560, 1, 4.70%, 0, 0, 2, 1.10
1636349028, 0, 0, 561, 561, 1, 4.70%, 0, 0, 2, 1.16
1636349033, 0, 0, 562, 562, 1, 4.70%, 0, 0, 2, 1.16
1636349045, 0, 0, 563, 563, 1, 4.70%, 0, 0, 2, 1.34
1636349055, 0, 0, 564, 564, 1, 4.70%, 0, 0, 2, 1.22
1636349066, 0, 0, 565, 565, 1, 4.70%, 0, 0, 2, 1.29
1636349071, 0, 0, 566, 566, 1, 4.70%, 0, 0, 2, 1.39
1636349076, 0, 0, 567, 567, 1, 4.70%, 0, 0, 2, 1.39
1636349087, 0, 0, 568, 568, 1, 4.70%, 0, 0, 2, 1.24
1636349092, 0, 0, 569, 569, 1, 4.70%, 0, 0, 2, 1.12
1636349103, 0, 0, 570, 570, 1, 4.70%, 0, 0, 2, 1.26
1636349108, 0, 0, 571, 571, 1, 4.70%, 0, 0, 2, 1.40
1636349119, 0, 0, 572, 572, 1, 4.70%, 0, 0, 2, 1.38
1636349135, 0, 0, 573, 573, 1, 4.70%, 0, 0, 2, 1.62
1636349151, 0, 0, 574, 574, 1, 4.70%, 0, 0, 2, 1.16
1636349157, 0, 0, 575, 575, 1, 4.70%, 0, 0, 2, 1.15
1636349168, 0, 0, 576, 576, 1, 4.70%, 0, 0, 2, 1.39
1636349179, 0, 0, 577, 577, 1, 4.70%, 0, 0, 2, 1.14
1636349195, 0, 0, 578, 578, 1, 4.70%, 0, 0, 2, 1.30
1636349200, 0, 0, 579, 579, 1, 4.70%, 0, 0, 2, 1.70
1636349211, 0, 0, 580, 580, 1, 4.70%, 0, 0, 2, 4.96
1636349222, 0, 0, 581, 581, 1, 4.70%, 0, 0, 2, 2.92
1636349237, 0, 0, 582, 582, 1, 4.70%, 0, 0, 2, 1.14
1636349247, 0, 0, 583, 583, 1, 4.70%, 0, 0, 2, 1.17
1636349268, 0, 0, 584, 584, 1, 4.70%, 0, 0, 2, 5.44
1636349284, 0, 0, 585, 585, 1, 4.70%, 0, 0, 2, 1.17
1636349305, 0, 0, 586, 586, 1, 4.70%, 0, 0, 2, 1.19
1636349315, 0, 0, 587, 587, 1, 4.70%, 0, 0, 2, 3.11
1636349367, 0, 0, 588, 588, 1, 4.70%, 0, 0, 2, 1.19
1636349378, 0, 0, 589, 589, 1, 4.70%, 0, 0, 2, 1.26
1636349383, 0, 0, 590, 590, 1, 4.70%, 0, 0, 2, 1.55
1636349389, 0, 0, 591, 591, 1, 4.70%, 0, 0, 2, 1.50
1636349399, 0, 0, 592, 592, 1, 4.70%, 0, 0, 2, 1.41
1636349415, 0, 0, 593, 593, 1, 4.70%, 0, 0, 2, 1.52
1636349425, 0, 0, 594, 594, 1, 4.70%, 0, 0, 2, 3.63
1636349436, 0, 0, 595, 595, 1, 4.70%, 0, 0, 2, 2.53
1636349441, 0, 0, 596, 596, 1, 4.70%, 0, 0, 2, 2.32
1636349451, 0, 0, 597, 597, 1, 4.70%, 0, 0, 2, 2.35
1636349457, 0, 0, 598, 598, 1, 4.70%, 0, 0, 2, 1.96
1636349462, 0, 0, 599, 599, 1, 4.70%, 0, 0, 2, 1.85
1636349478, 0, 0, 600, 600, 1, 4.70%, 0, 0, 2, 4.46
1636349483, 0, 0, 601, 601, 1, 4.70%, 0, 0, 2, 3.40
1636349493, 0, 0, 602, 602, 1, 4.70%, 0, 0, 2, 2.10
1636349503, 0, 0, 603, 603, 1, 4.70%, 0, 0, 2, 2.18
1636349519, 0, 0, 604, 604, 1, 4.70%, 0, 0, 2, 1.18
1636349553, 0, 0, 605, 605, 1, 4.70%, 0, 0, 2, 1.11
1636349590, 0, 0, 606, 606, 1, 4.70%, 0, 0, 2, 1.14
1636349611, 0, 0, 607, 607, 1, 4.70%, 0, 0, 2, 1.13
1636349621, 0, 0, 608, 608, 1, 4.70%, 0, 0, 2, 1.12
1636349627, 0, 0, 609, 609, 1, 4.70%, 0, 0, 2, 1.11
1636349648, 0, 0, 610, 610, 1, 4.70%, 0, 0, 2, 1.13
1636349665, 0, 0, 611, 611, 1, 4.70%, 0, 0, 2, 11.90
1636349712, 0, 0, 612, 612, 1, 4.70%, 0, 0, 2, 2.49
1636349734, 0, 0, 613, 613, 1, 4.70%, 0, 0, 2, 1.13
1636349745, 0, 0, 614, 614, 1, 4.70%, 0, 0, 2, 4.48
1636349755, 0, 0, 615, 615, 1, 4.70%, 0, 0, 2, 1.15
1636349781, 0, 0, 616, 616, 1, 4.70%, 0, 0, 2, 1.14
1636349786, 0, 0, 617, 617, 1, 4.70%, 0, 0, 2, 4.78
1636349798, 0, 0, 618, 618, 1, 4.70%, 0, 0, 2, 1.13
1636349819, 0, 0, 619, 619, 1, 4.70%, 0, 0, 2, 2.63
1636349829, 0, 0, 620, 620, 1, 4.70%, 0, 0, 2, 1.82
1636349840, 0, 0, 621, 621, 1, 4.70%, 0, 0, 2, 1.94
1636349845, 0, 0, 622, 622, 1, 4.70%, 0, 0, 2, 1.75
1636349861, 0, 0, 623, 623, 1, 4.70%, 0, 0, 2, 1.46
1636349889, 0, 0, 624, 624, 1, 4.70%, 0, 0, 2, 1.08
1636349905, 0, 0, 625, 625, 1, 4.70%, 0, 0, 2, 1.14
1636349910, 0, 0, 626, 626, 1, 4.70%, 0, 0, 2, 1.15
1636349921, 0, 0, 627, 627, 1, 4.70%, 0, 0, 2, 1.20
1636349937, 0, 0, 628, 628, 1, 4.70%, 0, 0, 2, 1.15
1636349942, 0, 0, 629, 629, 1, 4.70%, 0, 0, 2, 4.24
1636349953, 0, 0, 630, 630, 1, 4.70%, 0, 0, 2, 4.20
1636349969, 0, 0, 631, 631, 1, 4.70%, 0, 0, 2, 1.13
1636349979, 0, 0, 632, 632, 1, 4.70%, 0, 0, 2, 1.41
1636349991, 0, 0, 633, 633, 1, 4.70%, 0, 0, 2, 1.13
1636350007, 0, 0, 634, 634, 1, 4.70%, 0, 0, 2, 4.10
1636350023, 0, 0, 635, 635, 1, 4.70%, 0, 0, 2, 1.16
1636350028, 0, 0, 636, 636, 1, 4.70%, 0, 0, 2, 2.07
1636350044, 0, 0, 637, 637, 1, 4.70%, 0, 0, 2, 3.86
1636350054, 0, 0, 638, 638, 1, 4.70%, 0, 0, 2, 1.13
1636350065, 0, 0, 639, 639, 1, 4.70%, 0, 0, 2, 1.16
1636350081, 0, 0, 640, 640, 1, 4.70%, 0, 0, 2, 1.13
1636350092, 0, 0, 641, 641, 1, 4.70%, 0, 0, 2, 1.14
1636350103, 0, 0, 642, 642, 1, 4.70%, 0, 0, 2, 4.08
1636350113, 0, 0, 643, 643, 1, 4.70%, 0, 0, 2, 1.15
1636350124, 0, 0, 644, 644, 1, 4.70%, 0, 0, 2, 1.13
1636350129, 0, 0, 645, 645, 1, 4.70%, 0, 0, 2, 1.38
1636350140, 0, 0, 646, 646, 1, 4.70%, 0, 0, 2, 1.25
1636350156, 0, 0, 647, 647, 1, 4.70%, 0, 0, 2, 1.54
1636350161, 0, 0, 648, 648, 1, 4.70%, 0, 0, 2, 1.53
1636350178, 0, 0, 649, 649, 1, 4.70%, 0, 0, 2, 9.45
1636350189, 0, 0, 650, 650, 1, 4.70%, 0, 0, 2, 1.14
1636350211, 0, 0, 651, 651, 1, 4.70%, 0, 0, 2, 15.00
1636350232, 0, 0, 652, 652, 1, 4.70%, 0, 0, 2, 1.10
1636350243, 0, 0, 653, 653, 1, 4.70%, 0, 0, 2, 1.13
1636350254, 0, 0, 654, 654, 1, 4.70%, 0, 0, 2, 1.14
1636350270, 0, 0, 655, 655, 1, 4.70%, 0, 0, 2, 1.31
1636350280, 0, 0, 656, 656, 1, 4.70%, 0, 0, 2, 1.42
1636350291, 0, 0, 657, 657, 1, 4.70%, 0, 0, 2, 1.39
1636350312, 0, 0, 658, 658, 1, 4.70%, 0, 0, 2, 1.13
1636350334, 0, 0, 659, 659, 1, 4.70%, 0, 0, 2, 1.13
1636350351, 0, 0, 660, 660, 1, 4.70%, 0, 0, 2, 1.10
1636350361, 0, 0, 661, 661, 1, 4.70%, 0, 0, 2, 3.97
1636350372, 0, 0, 662, 662, 1, 4.71%, 0, 0, 2, 2.07
1636350382, 0, 0, 663, 663, 1, 4.71%, 0, 0, 2, 1.14
1636350430, 0, 0, 664, 664, 1, 4.71%, 0, 0, 2, 1.19
1636350446, 0, 0, 665, 665, 1, 4.71%, 0, 0, 2, 1.14
1636350458, 0, 0, 666, 666, 1, 4.71%, 0, 0, 2, 1.15
1636350468, 0, 0, 667, 667, 1, 4.71%, 0, 0, 2, 6.30
1636350494, 0, 0, 668, 668, 1, 4.71%, 0, 0, 2, 18.83
1636350515, 0, 0, 669, 669, 1, 4.71%, 0, 0, 2, 2.03
1636350527, 0, 0, 670, 670, 1, 4.71%, 0, 0, 2, 3.72
1636350532, 0, 0, 671, 671, 1, 4.71%, 0, 0, 2, 3.60
1636350559, 0, 0, 672, 672, 1, 4.71%, 0, 0, 2, 1.17
1636350576, 0, 0, 673, 673, 1, 4.71%, 0, 0, 2, 3.48
1636350586, 0, 0, 674, 674, 1, 4.71%, 0, 0, 2, 3.05
1636350603, 0, 0, 675, 675, 1, 4.71%, 0, 0, 2, 16.76
1636350613, 0, 0, 676, 676, 1, 4.71%, 0, 0, 2, 1.15
1636350645, 0, 0, 677, 677, 1, 4.71%, 0, 0, 2, 1.24
1636350672, 0, 0, 678, 678, 1, 4.71%, 0, 0, 2, 1.16
1636350705, 0, 0, 679, 679, 1, 4.71%, 0, 0, 2, 1.16
1636350721, 0, 0, 680, 680, 1, 4.71%, 0, 0, 2, 1.15
1636350742, 0, 0, 681, 681, 1, 4.71%, 0, 0, 2, 1.15
1636350753, 0, 0, 682, 682, 1, 4.71%, 0, 0, 2, 1.27
1636350758, 0, 0, 683, 683, 1, 4.71%, 0, 0, 2, 1.11
1636350769, 0, 0, 684, 684, 1, 4.71%, 0, 0, 2, 1.14
1636350780, 0, 0, 685, 685, 1, 4.71%, 0, 0, 2, 1.15
1636350785, 0, 0, 686, 686, 1, 4.71%, 0, 0, 2, 1.15
1636350796, 0, 0, 687, 687, 1, 4.71%, 0, 0, 2, 1.18
1636350812, 0, 0, 688, 688, 1, 4.71%, 0, 0, 2, 1.15
1636350823, 0, 0, 689, 689, 1, 4.71%, 0, 0, 2, 1.14
1636350833, 0, 0, 690, 690, 1, 4.71%, 0, 0, 2, 1.38
1636350844, 0, 0, 691, 691, 1, 4.71%, 0, 0, 2, 2.88
1636350860, 0, 0, 692, 692, 1, 4.71%, 0, 0, 2, 1.11
1636350885, 0, 0, 693, 693, 1, 4.71%, 0, 0, 2, 20.08
1636350912, 0, 0, 694, 694, 1, 4.71%, 0, 0, 2, 3.79
1636350923, 0, 0, 695, 695, 1, 4.71%, 0, 0, 2, 2.59
1636350960, 0, 0, 696, 696, 1, 4.71%, 0, 0, 2, 1.10
1636350981, 0, 0, 697, 697, 1, 4.71%, 0, 0, 2, 1.19
1636351001, 0, 0, 698, 698, 1, 4.71%, 0, 0, 2, 1.18
1636351007, 0, 0, 699, 699, 1, 4.71%, 0, 0, 2, 10.09
1636351017, 0, 0, 700, 700, 1, 4.71%, 0, 0, 2, 1.16
1636351167, 0, 0, 701, 701, 1, 4.71%, 0, 0, 2, 1.12
1636351177, 0, 0, 702, 702, 1, 4.71%, 0, 0, 2, 3.02
1636351183, 0, 0, 703, 703, 1, 4.71%, 0, 0, 2, 2.48
1636351199, 0, 0, 704, 704, 1, 4.71%, 0, 0, 2, 1.45
1636351216, 0, 0, 705, 705, 1, 4.71%, 0, 0, 2, 1.14
1636351221, 0, 0, 706, 706, 1, 4.71%, 0, 0, 2, 1.14
1636351237, 0, 0, 707, 707, 1, 4.71%, 0, 0, 2, 1.09
1636351301, 0, 0, 708, 708, 1, 4.71%, 0, 0, 2, 1.09
1636351322, 0, 0, 709, 709, 1, 4.71%, 0, 0, 2, 2.05
1636351338, 0, 0, 710, 710, 1, 4.71%, 0, 0, 2, 1.74
1636351384, 0, 0, 711, 711, 1, 4.71%, 0, 0, 2, 3.46
1636351400, 0, 0, 712, 712, 1, 4.71%, 0, 0, 2, 1.11
1636351416, 0, 0, 713, 713, 1, 4.71%, 0, 0, 2, 3.31
1636351432, 0, 0, 714, 714, 1, 4.71%, 0, 0, 2, 2.46
1636351470, 0, 0, 715, 715, 1, 4.71%, 0, 0, 2, 1.17
1636351481, 0, 0, 716, 716, 1, 4.71%, 0, 0, 2, 2.13
1636351538, 0, 0, 717, 717, 1, 4.71%, 0, 0, 2, 1.13
1636351564, 0, 0, 718, 718, 1, 4.71%, 0, 0, 2, 1.31
1636351590, 0, 0, 719, 719, 1, 4.71%, 0, 0, 2, 3.96
1636351600, 0, 0, 720, 720, 1, 4.71%, 0, 0, 2, 3.27
1636351643, 0, 0, 721, 721, 1, 4.71%, 0, 0, 2, 1.10
1636351681, 0, 0, 722, 722, 1, 4.71%, 0, 0, 2, 1.34
1636351814, 0, 0, 723, 723, 1, 4.71%, 0, 0, 2, 1.66
1636351857, 0, 0, 724, 724, 1, 4.71%, 0, 0, 2, 1.10
1636351937, 0, 0, 725, 725, 1, 4.71%, 0, 0, 2, 1.16
1636352011, 0, 0, 726, 726, 1, 4.71%, 0, 0, 2, 1.14
1636352022, 0, 0, 727, 727, 1, 4.71%, 0, 0, 2, 1.35
1636352038, 0, 0, 728, 728, 1, 4.71%, 0, 0, 2, 1.13
1636352048, 0, 0, 729, 729, 1, 4.71%, 0, 0, 2, 15.11
1636352064, 0, 0, 730, 730, 1, 4.71%, 0, 0, 2, 1.97
1636352075, 0, 0, 731, 731, 1, 4.71%, 0, 0, 2, 1.16
1636352112, 0, 0, 732, 732, 1, 4.71%, 0, 0, 2, 2.71
1636352133, 0, 0, 733, 733, 1, 4.71%, 0, 0, 2, 1.16
1636352185, 0, 0, 734, 734, 1, 4.71%, 0, 0, 2, 1.10
1636352293, 0, 0, 735, 735, 1, 4.71%, 0, 0, 2, 1.13
1636352356, 0, 0, 736, 736, 1, 4.71%, 0, 0, 2, 1.18
1636352399, 0, 0, 737, 737, 1, 4.71%, 0, 0, 2, 1.18
1636352437, 0, 0, 738, 738, 1, 4.71%, 0, 0, 2, 1.28
1636352602, 0, 0, 739, 739, 1, 4.71%, 0, 0, 2, 1.15
1636352749, 0, 0, 740, 740, 1, 4.71%, 0, 0, 2, 1.15
1636352836, 0, 0, 741, 741, 1, 4.71%, 0, 0, 2, 1.97
1636353026, 0, 0, 742, 742, 1, 4.71%, 0, 0, 2, 1.50
1636353063, 0, 0, 743, 743, 1, 4.71%, 0, 0, 2, 1.65
1636353188, 0, 0, 744, 744, 1, 4.71%, 0, 0, 2, 4.61
1636353199, 0, 0, 745, 745, 1, 4.71%, 0, 0, 2, 1.14
1636353366, 0, 0, 746, 746, 1, 4.71%, 0, 0, 2, 1.23
1636353448, 0, 0, 747, 747, 1, 4.71%, 0, 0, 2, 1.58
1636353601, 0, 0, 748, 748, 1, 4.71%, 0, 0, 2, 1.18
1636353694, 0, 0, 749, 749, 1, 4.71%, 0, 0, 2, 1.16
1636353907, 0, 0, 750, 750, 1, 4.71%, 0, 0, 2, 1.12
1636353962, 0, 0, 751, 751, 1, 4.71%, 0, 0, 2, 16.55
1636354101, 0, 0, 752, 752, 1, 4.71%, 0, 0, 2, 1.15
1636354111, 0, 0, 753, 753, 1, 4.71%, 0, 0, 2, 1.64
1636354170, 0, 0, 754, 754, 1, 4.71%, 0, 0, 2, 16.95
1636354202, 0, 0, 755, 755, 1, 4.71%, 0, 0, 2, 4.82
1636354395, 0, 0, 756, 756, 1, 4.71%, 0, 0, 2, 2.89
1636354532, 0, 0, 757, 757, 1, 4.71%, 0, 0, 2, 12.33
1636354630, 0, 0, 758, 758, 1, 4.71%, 0, 0, 2, 2.13
1636354651, 0, 0, 759, 759, 1, 4.71%, 0, 0, 2, 1.29
1636354657, 0, 0, 760, 760, 1, 4.71%, 0, 0, 2, 1.26
1636354825, 0, 0, 761, 761, 1, 4.71%, 0, 0, 2, 1.16
1636354873, 0, 0, 762, 762, 1, 4.71%, 0, 0, 2, 1.20
1636355071, 0, 0, 763, 763, 1, 4.71%, 0, 0, 2, 1.17
1636355294, 0, 0, 764, 764, 1, 4.71%, 0, 0, 2, 3.46
1636355635, 0, 0, 765, 765, 1, 4.71%, 0, 0, 2, 1.16
1636355966, 0, 0, 766, 766, 1, 4.71%, 0, 0, 2, 1.17
1636356033, 0, 0, 767, 767, 1, 4.71%, 0, 0, 2, 1.15
1636356288, 0, 0, 768, 768, 1, 4.71%, 0, 0, 2, 1.98
1636356451, 0, 0, 769, 769, 1, 4.71%, 0, 0, 2, 1.51
1636356936, 0, 0, 770, 770, 1, 4.71%, 0, 0, 2, 1.14
1636356977, 0, 0, 771, 771, 1, 4.71%, 0, 0, 2, 2.40
1636357009, 0, 0, 772, 772, 1, 4.71%, 0, 0, 2, 1.18
1636357263, 0, 0, 773, 773, 1, 4.71%, 0, 0, 2, 3.44
1636357278, 0, 0, 774, 774, 1, 4.71%, 0, 0, 2, 3.23
1636358219, 0, 0, 775, 775, 1, 4.71%, 0, 0, 2, 1.22
1636358246, 0, 0, 776, 776, 1, 4.71%, 0, 0, 2, 1.26
1636358528, 0, 0, 777, 777, 1, 4.71%, 0, 0, 2, 1.19
1636358693, 0, 0, 778, 778, 1, 4.71%, 0, 0, 2, 1.37
1636358922, 0, 0, 779, 779, 1, 4.71%, 0, 0, 2, 2.33
1636359196, 0, 0, 780, 780, 1, 4.71%, 0, 0, 2, 1.13
1636359259, 0, 0, 781, 781, 1, 4.71%, 0, 0, 2, 1.27
1636359434, 0, 0, 782, 782, 1, 4.71%, 0, 0, 2, 1.18
1636360277, 0, 0, 783, 783, 1, 4.71%, 0, 0, 2, 1.16
1636360347, 0, 0, 784, 784, 1, 4.71%, 0, 0, 2, 1.20
1636360447, 0, 0, 785, 785, 1, 4.71%, 0, 0, 2, 1.22
1636360719, 0, 0, 786, 786, 1, 4.71%, 0, 0, 2, 12.09
1636360941, 0, 0, 787, 787, 1, 4.71%, 0, 0, 2, 2.18
1636361185, 0, 0, 788, 788, 1, 4.71%, 0, 0, 2, 99.61
1636361487, 0, 0, 789, 789, 1, 4.71%, 0, 0, 2, 1.20
1636361831, 0, 0, 790, 790, 1, 4.71%, 0, 0, 2, 1.27
1636361847, 0, 0, 791, 791, 1, 4.71%, 0, 0, 2, 1.19
1636362110, 0, 0, 792, 792, 1, 4.71%, 0, 0, 2, 1.19
1636362210, 0, 0, 793, 793, 1, 4.71%, 0, 0, 2, 3.48
1636362448, 0, 0, 794, 794, 1, 4.71%, 0, 0, 2, 1.21
1636362470, 0, 0, 795, 795, 1, 4.71%, 0, 0, 2, 1.63
1636362528, 0, 0, 796, 796, 1, 4.71%, 0, 0, 2, 1.19
1636362818, 0, 0, 797, 797, 1, 4.71%, 0, 0, 2, 1.23
1636364887, 0, 0, 798, 798, 1, 4.71%, 0, 0, 2, 2.02
1636365268, 0, 0, 799, 799, 1, 4.71%, 0, 0, 2, 2.25
1636365368, 0, 0, 800, 800, 1, 4.71%, 0, 0, 2, 99.76
1636366834, 0, 0, 801, 801, 1, 4.71%, 0, 0, 2, 1.27
1636366902, 0, 0, 802, 802, 1, 4.71%, 0, 0, 2, 1.22
1636369114, 0, 0, 803, 803, 1, 4.71%, 0, 0, 2, 4.26
1636369534, 0, 0, 804, 804, 1, 4.71%, 0, 0, 2, 1.26
1636370601, 0, 0, 805, 805, 1, 4.71%, 0, 0, 2, 1.23
1636371025, 0, 0, 806, 806, 1, 4.71%, 0, 0, 2, 1.25
1636371035, 0, 0, 807, 807, 1, 4.71%, 0, 0, 2, 1.41
1636371248, 0, 0, 808, 808, 1, 4.71%, 0, 0, 2, 1.30
1636371900, 0, 0, 809, 809, 1, 4.71%, 0, 0, 2, 2.20
1636371931, 0, 0, 810, 810, 1, 4.71%, 0, 0, 2, 3.93
1636372035, 0, 0, 811, 811, 1, 4.71%, 0, 0, 2, 1.23
1636372041, 0, 0, 812, 812, 1, 4.71%, 0, 0, 2, 1.24
1636372138, 0, 0, 813, 813, 1, 4.71%, 0, 0, 2, 2.13
1636372244, 0, 0, 814, 814, 1, 4.71%, 0, 0, 2, 1.24
1636372276, 0, 0, 815, 815, 1, 4.71%, 0, 0, 2, 3.76
1636372498, 0, 0, 816, 816, 1, 4.71%, 0, 0, 2, 1.30
1636372541, 0, 0, 817, 817, 1, 4.71%, 0, 0, 2, 3.58
1636372604, 0, 0, 818, 818, 1, 4.71%, 0, 0, 2, 1.27
1636372662, 0, 0, 819, 819, 1, 4.71%, 0, 0, 2, 3.80
1636372668, 0, 0, 820, 820, 1, 4.71%, 0, 0, 2, 2.87
1636372689, 0, 0, 821, 821, 1, 4.71%, 0, 0, 2, 1.26
1636372700, 0, 0, 822, 822, 1, 4.71%, 0, 0, 2, 12.29
1636372722, 0, 0, 823, 823, 1, 4.71%, 0, 0, 2, 5.59
1636372749, 0, 0, 824, 824, 1, 4.71%, 0, 0, 2, 1.25
1636372765, 0, 0, 825, 825, 1, 4.71%, 0, 0, 2, 2.43
1636372786, 0, 0, 826, 826, 1, 4.71%, 0, 0, 2, 1.27
1636372792, 0, 0, 827, 827, 1, 4.71%, 0, 0, 2, 1.34
1636372818, 0, 0, 828, 828, 1, 4.71%, 0, 0, 2, 1.25
1636372829, 0, 0, 829, 829, 1, 4.71%, 0, 0, 2, 1.70
1636372841, 0, 0, 830, 830, 1, 4.71%, 0, 0, 2, 1.27
1636372863, 0, 0, 831, 831, 1, 4.71%, 0, 0, 2, 1.26
1636372983, 0, 0, 832, 832, 1, 4.71%, 0, 0, 2, 4.28
1636372994, 0, 0, 833, 833, 1, 4.71%, 0, 0, 2, 2.95
1636373005, 0, 0, 834, 834, 1, 4.71%, 0, 0, 2, 2.52
1636373075, 0, 0, 835, 835, 1, 4.71%, 0, 0, 2, 1.28
1636373134, 0, 0, 836, 836, 1, 4.71%, 0, 0, 2, 5.67
1636373145, 0, 0, 837, 837, 1, 4.71%, 0, 0, 2, 3.30
1636373150, 0, 0, 838, 838, 1, 4.71%, 0, 0, 2, 2.62
1636373166, 0, 0, 839, 839, 1, 4.71%, 0, 0, 2, 6.83
1636373190, 0, 0, 840, 840, 1, 4.71%, 0, 0, 2, 1.24
1636373232, 0, 0, 841, 841, 1, 4.71%, 0, 0, 2, 4.95
1636373243, 0, 0, 842, 842, 1, 4.71%, 0, 0, 2, 2.74
1636373297, 0, 0, 843, 843, 1, 4.71%, 0, 0, 2, 1.54
1636373363, 0, 0, 844, 844, 1, 4.71%, 0, 0, 2, 1.29
1636373972, 0, 0, 845, 845, 1, 4.71%, 0, 0, 2, 15.56
1636375486, 0, 0, 846, 846, 1, 4.71%, 0, 0, 2, 3.23
1636376142, 0, 0, 847, 847, 1, 4.71%, 0, 0, 2, 1.27
1636378524, 0, 0, 848, 848, 1, 4.71%, 0, 0, 2, 1.25
1636382524, 0, 0, 849, 849, 1, 4.71%, 0, 0, 2, 1.44
1636382546, 0, 0, 850, 850, 1, 4.71%, 0, 0, 2, 1.86
1636383250, 0, 0, 851, 851, 1, 4.71%, 0, 0, 2, 1.34
1636385475, 0, 0, 852, 852, 1, 4.71%, 0, 0, 2, 1.32
1636385888, 0, 0, 853, 853, 1, 4.71%, 0, 0, 2, 1.30
1636385899, 0, 0, 854, 854, 1, 4.71%, 0, 0, 2, 1.33
1636385904, 0, 0, 855, 855, 1, 4.71%, 0, 0, 2, 1.34
1636386040, 0, 0, 856, 856, 1, 4.71%, 0, 0, 2, 1.34
1636388132, 0, 0, 857, 857, 1, 4.71%, 0, 0, 2, 2.46
1636392446, 0, 0, 858, 858, 1, 4.71%, 0, 0, 2, 1.32
1636393506, 0, 0, 859, 859, 1, 4.71%, 0, 0, 2, 1.30
1636393739, 0, 0, 860, 860, 1, 4.71%, 0, 0, 2, 1.30
1636394525, 0, 0, 861, 861, 1, 4.71%, 0, 0, 2, 2.30
1636394679, 0, 0, 862, 862, 1, 4.71%, 0, 0, 2, 1.41
1636397557, 0, 0, 863, 863, 1, 4.71%, 0, 0, 2, 1.37
1636397734, 0, 0, 864, 864, 1, 4.71%, 0, 0, 2, 1.38
1636397966, 0, 0, 865, 865, 1, 4.71%, 0, 0, 2, 12.69
1636398308, 0, 0, 866, 866, 1, 4.71%, 0, 0, 2, 2.77
1636399215, 0, 0, 867, 867, 1, 4.71%, 0, 0, 2, 1.45
1636399448, 0, 0, 868, 868, 1, 4.71%, 0, 0, 2, 1.42
1636399458, 0, 0, 869, 869, 1, 4.71%, 0, 0, 2, 1.49
1636399475, 0, 0, 870, 870, 1, 4.71%, 0, 0, 2, 1.43
1636399899, 0, 0, 871, 871, 1, 4.71%, 0, 0, 2, 4.84
1636400016, 0, 0, 872, 872, 1, 4.71%, 0, 0, 2, 1.39
1636400158, 0, 0, 873, 873, 1, 4.71%, 0, 0, 2, 4.25
1636400365, 0, 0, 874, 874, 1, 4.71%, 0, 0, 2, 18.23
1636400375, 0, 0, 875, 875, 1, 4.71%, 0, 0, 2, 1.46
1636400381, 0, 0, 876, 876, 1, 4.71%, 0, 0, 2, 1.45
1636400419, 0, 0, 877, 877, 1, 4.71%, 0, 0, 2, 11.49
1636400430, 0, 0, 878, 878, 1, 4.71%, 0, 0, 2, 1.44
1636400441, 0, 0, 879, 879, 1, 4.71%, 0, 0, 2, 1.44
1636400452, 0, 0, 880, 880, 1, 4.71%, 0, 0, 2, 1.75
1636400624, 0, 0, 881, 881, 1, 4.71%, 0, 0, 2, 1.41
1636400693, 0, 0, 882, 882, 1, 4.71%, 0, 0, 2, 1.46
1636400830, 0, 0, 883, 883, 1, 4.71%, 0, 0, 2, 1.44
1636400921, 0, 0, 884, 884, 1, 4.71%, 0, 0, 2, 1.36
1636400932, 0, 0, 885, 885, 1, 4.71%, 0, 0, 2, 1.43
1636400937, 0, 0, 886, 886, 1, 4.71%, 0, 0, 2, 1.69
1636400943, 0, 0, 887, 887, 1, 4.71%, 0, 0, 2, 1.59
1636400974, 0, 0, 888, 888, 1, 4.71%, 0, 0, 2, 1.46
1636401006, 0, 0, 889, 889, 1, 4.71%, 0, 0, 2, 1.41
1636401032, 0, 0, 890, 890, 1, 4.71%, 0, 0, 2, 1.44
1636401043, 0, 0, 891, 891, 1, 4.71%, 0, 0, 2, 1.47
1636401090, 0, 0, 892, 892, 1, 4.71%, 0, 0, 2, 1.42
1636401219, 0, 0, 893, 893, 1, 4.71%, 0, 0, 2, 1.69
1636401282, 0, 0, 894, 894, 1, 4.71%, 0, 0, 2, 11.38
1636401335, 0, 0, 895, 895, 1, 4.71%, 0, 0, 2, 6.11
1636401356, 0, 0, 896, 896, 1, 4.71%, 0, 0, 2, 1.61
1636401361, 0, 0, 897, 897, 1, 4.71%, 0, 0, 2, 1.52
1636401378, 0, 0, 898, 898, 1, 4.71%, 0, 0, 2, 1.44
1636401389, 0, 0, 899, 899, 1, 4.71%, 0, 0, 2, 1.38
1636401494, 0, 0, 900, 900, 1, 4.71%, 0, 0, 2, 1.44
1636401542, 0, 0, 901, 901, 1, 4.71%, 0, 0, 2, 1.49
1636401644, 0, 0, 902, 902, 1, 4.71%, 0, 0, 2, 4.56
1636401655, 0, 0, 903, 903, 1, 4.71%, 0, 0, 2, 2.79
1636401671, 0, 0, 904, 904, 1, 4.71%, 0, 0, 2, 1.46
1636401682, 0, 0, 905, 905, 1, 4.71%, 0, 0, 2, 1.42
1636402001, 0, 0, 906, 906, 1, 4.71%, 0, 0, 2, 3.68
1636409254, 0, 0, 907, 907, 1, 4.71%, 0, 0, 2, 96.15
1636409287, 0, 0, 908, 908, 1, 4.71%, 0, 0, 2, 1.54
1636410661, 0, 0, 909, 909, 1, 4.71%, 0, 0, 2, 5.89
1636410932, 0, 0, 910, 910, 1, 4.71%, 0, 0, 2, 5.18
1636411356, 0, 0, 911, 911, 1, 4.71%, 0, 0, 2, 0.67
1636411681, 0, 0, 911, 911, 1, 4.71%, 0, 1, 2, 0.09
1636411702, 0, 0, 911, 911, 1, 4.71%, 0, 2, 2, 0.08
1636411731, 0, 0, 911, 911, 1, 4.71%, 0, 3, 2, 0.67
1636411816, 0, 0, 911, 911, 1, 4.71%, 0, 4, 2, 0.19
1636411824, 0, 0, 911, 911, 1, 4.71%, 0, 5, 2, 0.13
1636412465, 0, 0, 912, 912, 1, 4.71%, 0, 5, 2, 1.48
1636412552, 0, 0, 913, 913, 1, 4.71%, 0, 5, 2, 4.76
1636412611, 0, 0, 914, 914, 1, 4.71%, 0, 5, 2, 3.09
1636412788, 0, 0, 914, 914, 1, 4.71%, 0, 6, 2, 1.06
1636412798, 0, 0, 914, 914, 1, 4.71%, 0, 7, 2, 0.11
1636412897, 0, 0, 915, 915, 1, 4.71%, 0, 7, 2, 0.03
1636413102, 0, 0, 915, 915, 1, 4.71%, 0, 8, 2, 0.11
1636413546, 0, 0, 916, 916, 1, 4.71%, 0, 8, 2, 1.58
1636416106, 0, 0, 917, 917, 1, 4.71%, 0, 8, 2, 2.92
1636416281, 0, 0, 918, 918, 1, 4.71%, 0, 8, 2, 1.52
1636417860, 0, 0, 919, 919, 1, 4.71%, 0, 8, 2, 1.57
1636421284, 0, 0, 920, 920, 1, 4.71%, 0, 8, 2, 1.58
1636422509, 0, 0, 921, 921, 1, 4.71%, 0, 8, 2, 18.72
1636423129, 0, 0, 922, 922, 1, 4.71%, 0, 8, 2, 1.64
1636428135, 0, 0, 923, 923, 1, 4.71%, 0, 8, 2, 16.88
1636428261, 0, 0, 924, 924, 1, 4.71%, 0, 8, 2, 1.64
1636428346, 0, 0, 925, 925, 1, 4.71%, 0, 8, 2, 1.71
1636428367, 0, 0, 926, 926, 1, 4.71%, 0, 8, 2, 1.68
1636428436, 0, 0, 927, 927, 1, 4.71%, 0, 8, 2, 1.83
1636428551, 0, 0, 928, 928, 1, 4.71%, 0, 8, 2, 1.68
1636428578, 0, 0, 929, 929, 1, 4.71%, 0, 8, 2, 1.98
1636428589, 0, 0, 930, 930, 1, 4.71%, 0, 8, 2, 1.93
1636428594, 0, 0, 931, 931, 1, 4.71%, 0, 8, 2, 1.83
1636428599, 0, 0, 932, 932, 1, 4.71%, 0, 8, 2, 2.25
1636428615, 0, 0, 933, 933, 1, 4.71%, 0, 8, 2, 1.71
1636428647, 0, 0, 934, 934, 1, 4.71%, 0, 8, 2, 1.28
1636428778, 0, 0, 935, 935, 1, 4.71%, 0, 8, 2, 1.65
1636428783, 0, 0, 936, 936, 1, 4.71%, 0, 8, 2, 1.67
1636428862, 0, 0, 937, 937, 1, 4.71%, 0, 8, 2, 1.80
1636428884, 0, 0, 938, 938, 1, 4.71%, 0, 8, 2, 2.53
