# unix_time, cycles_done, cur_path, paths_total, pending_total, pending_favs, map_size, unique_crashes, unique_hangs, max_depth, execs_per_sec
1631641500, 0, 0, 25, 25, 24, 27.32%, 0, 0, 1, 15.60
1631641511, 0, 0, 32, 32, 24, 27.32%, 0, 0, 2, 275.63
1631641521, 0, 0, 34, 34, 24, 27.32%, 0, 0, 2, 300.08
1631641526, 0, 0, 38, 38, 24, 27.32%, 0, 0, 2, 303.08
1631641536, 0, 0, 54, 54, 24, 27.33%, 0, 0, 2, 303.28
1631641541, 0, 0, 69, 69, 24, 27.33%, 0, 0, 2, 302.69
1631641546, 0, 0, 102, 102, 24, 27.33%, 0, 0, 2, 303.33
1631641551, 0, 0, 115, 115, 24, 27.33%, 0, 0, 2, 302.18
1631641556, 0, 0, 118, 118, 24, 27.33%, 0, 0, 2, 299.33
1631641577, 0, 0, 119, 119, 24, 27.33%, 0, 0, 2, 304.03
1631641613, 0, 0, 120, 120, 24, 27.33%, 0, 0, 2, 299.29
1631641618, 0, 0, 128, 128, 24, 27.33%, 0, 0, 2, 302.18
1631641623, 0, 0, 144, 144, 24, 27.33%, 0, 0, 2, 303.08
1631641628, 0, 0, 165, 165, 24, 27.33%, 0, 0, 2, 303.33
1631641633, 0, 0, 166, 166, 24, 27.33%, 0, 0, 2, 300.85
1631641638, 0, 0, 169, 169, 24, 27.33%, 0, 0, 2, 303.62
1631641643, 0, 0, 170, 170, 24, 27.33%, 0, 0, 2, 300.52
1631641654, 0, 0, 171, 171, 24, 27.33%, 0, 0, 2, 302.58
1631641659, 0, 0, 172, 172, 24, 27.33%, 0, 0, 2, 303.65
1631641669, 0, 0, 175, 175, 24, 28.07%, 0, 0, 2, 273.27
1631641674, 0, 0, 177, 177, 24, 28.07%, 0, 0, 2, 289.77
1631641731, 0, 0, 178, 178, 24, 28.07%, 0, 0, 2, 253.08
1631641736, 0, 0, 179, 179, 24, 28.07%, 0, 0, 2, 291.76
1631641741, 0, 0, 182, 182, 24, 28.07%, 0, 0, 2, 299.93
1631641751, 0, 0, 184, 184, 24, 28.07%, 0, 0, 2, 304.90
1631641772, 0, 0, 185, 185, 24, 28.07%, 0, 0, 2, 303.52
1631641777, 0, 0, 188, 188, 24, 28.07%, 0, 0, 2, 282.20
1631641782, 0, 0, 194, 194, 24, 28.07%, 0, 0, 2, 272.96
1631641787, 0, 0, 196, 196, 24, 28.07%, 0, 0, 2, 256.43
1631641859, 0, 0, 199, 199, 24, 28.08%, 0, 0, 2, 262.27
1631641864, 0, 0, 203, 203, 24, 28.08%, 0, 0, 2, 270.98
1631641869, 0, 0, 204, 204, 24, 28.08%, 0, 0, 2, 288.95
1631641874, 0, 0, 206, 206, 24, 28.08%, 0, 0, 2, 289.16
1631641894, 0, 0, 207, 207, 24, 28.08%, 0, 0, 2, 296.94
1631641899, 0, 0, 209, 209, 24, 28.08%, 0, 0, 2, 270.75
1631641905, 0, 0, 230, 230, 24, 28.10%, 0, 0, 2, 188.01
1631641910, 0, 0, 254, 254, 24, 28.13%, 0, 0, 2, 226.78
1631641915, 0, 0, 267, 267, 24, 28.14%, 0, 0, 2, 194.50
1631641920, 0, 0, 268, 268, 24, 28.14%, 0, 0, 2, 270.27
1631641982, 0, 0, 304, 304, 24, 28.20%, 0, 0, 2, 256.94
1631641987, 0, 0, 430, 430, 24, 28.39%, 0, 0, 2, 263.23
1631641992, 0, 0, 482, 482, 24, 28.47%, 0, 0, 2, 244.79
1631641997, 0, 0, 526, 526, 24, 28.53%, 0, 0, 2, 242.09
1631642002, 0, 0, 562, 562, 24, 28.55%, 0, 0, 2, 209.00
1631642007, 0, 0, 583, 583, 24, 28.61%, 0, 0, 2, 270.18
1631642012, 0, 0, 584, 584, 24, 28.61%, 0, 0, 2, 292.39
1631642022, 0, 0, 586, 586, 24, 28.61%, 0, 0, 2, 299.42
1631642032, 0, 0, 587, 587, 24, 28.61%, 0, 0, 2, 302.63
1631642038, 0, 0, 588, 588, 24, 28.61%, 0, 0, 2, 301.91
1631642048, 0, 0, 591, 591, 24, 28.61%, 0, 0, 2, 300.45
1631642053, 0, 0, 592, 592, 24, 28.61%, 0, 0, 2, 300.51
1631642058, 0, 0, 593, 593, 24, 28.61%, 0, 0, 2, 300.91
1631642130, 0, 0, 597, 597, 24, 28.61%, 0, 0, 2, 306.34
1631642135, 0, 0, 599, 599, 24, 28.61%, 0, 0, 2, 305.32
1631642140, 0, 0, 600, 600, 24, 28.61%, 0, 0, 2, 304.59
1631642248, 0, 0, 601, 601, 24, 28.61%, 0, 0, 2, 304.30
1631642366, 0, 0, 602, 602, 24, 28.61%, 0, 0, 2, 289.21
1631642402, 0, 0, 606, 606, 24, 28.61%, 0, 0, 2, 204.39
1631642407, 0, 0, 609, 609, 24, 28.61%, 0, 0, 2, 219.67
1631642412, 0, 0, 612, 612, 24, 28.61%, 0, 0, 2, 230.58
1631642479, 0, 0, 658, 658, 24, 28.66%, 0, 0, 2, 263.93
1631642484, 0, 0, 674, 674, 24, 28.67%, 0, 0, 2, 284.92
1631642489, 0, 0, 683, 683, 24, 28.67%, 0, 0, 2, 223.05
1631642494, 0, 0, 689, 689, 24, 28.67%, 0, 0, 2, 274.37
1631642499, 0, 0, 691, 691, 24, 28.67%, 0, 0, 2, 296.30
1631642504, 0, 0, 692, 692, 24, 28.67%, 0, 0, 2, 301.31
1631642509, 0, 0, 697, 697, 24, 28.67%, 0, 0, 2, 299.06
1631642545, 0, 0, 699, 699, 24, 28.67%, 0, 0, 2, 297.58
1631642617, 0, 0, 701, 701, 24, 28.67%, 0, 0, 2, 300.28
1631642771, 0, 0, 702, 702, 24, 28.67%, 0, 0, 2, 304.16
1631642848, 0, 0, 703, 703, 24, 28.67%, 0, 0, 2, 273.09
1631642889, 0, 0, 706, 706, 24, 28.68%, 0, 0, 2, 199.68
1631642894, 0, 0, 710, 710, 24, 28.69%, 0, 0, 2, 226.19
1631642900, 0, 0, 711, 711, 24, 28.69%, 0, 0, 2, 211.69
1631642905, 0, 0, 712, 712, 24, 28.69%, 0, 0, 2, 276.20
1631642966, 0, 0, 737, 737, 24, 28.72%, 0, 0, 2, 269.23
1631642971, 0, 0, 757, 757, 24, 28.74%, 0, 0, 2, 270.87
1631642976, 0, 0, 760, 760, 24, 28.74%, 0, 0, 2, 229.20
1631642981, 0, 0, 766, 766, 24, 28.76%, 0, 0, 2, 265.82
1631642986, 0, 0, 767, 767, 24, 28.76%, 0, 0, 2, 297.60
1631643053, 0, 0, 772, 772, 24, 28.77%, 0, 0, 2, 286.30
1631643063, 0, 0, 773, 773, 24, 28.77%, 0, 0, 2, 293.39
1631643073, 0, 0, 781, 781, 24, 28.77%, 0, 0, 2, 251.00
1631643083, 0, 0, 782, 782, 24, 28.77%, 0, 0, 2, 290.42
1631643094, 0, 0, 791, 791, 24, 28.78%, 0, 0, 2, 236.85
1631643099, 0, 0, 804, 804, 24, 28.78%, 0, 0, 2, 279.80
1631643104, 0, 0, 805, 805, 24, 28.78%, 0, 0, 2, 296.15
1631643119, 0, 0, 806, 806, 24, 28.78%, 0, 0, 2, 298.38
1631643124, 0, 0, 807, 807, 24, 28.78%, 0, 0, 2, 299.65
1631643207, 0, 0, 809, 809, 24, 28.78%, 0, 0, 2, 306.22
1631643212, 0, 0, 810, 810, 24, 28.78%, 0, 0, 2, 305.10
1631643289, 0, 0, 812, 812, 24, 28.78%, 0, 0, 2, 303.50
1631643294, 0, 0, 814, 814, 24, 28.79%, 0, 0, 2, 302.21
1631643305, 0, 0, 815, 815, 24, 28.79%, 0, 0, 2, 302.03
1631643310, 0, 0, 816, 816, 24, 28.79%, 0, 0, 2, 302.06
1631643320, 0, 0, 818, 818, 24, 28.79%, 0, 0, 2, 303.45
1631643330, 0, 0, 819, 819, 24, 28.79%, 0, 0, 2, 310.22
1631643336, 0, 0, 820, 820, 24, 28.79%, 0, 0, 2, 306.95
1631643341, 0, 0, 821, 821, 24, 28.79%, 0, 0, 2, 304.27
1631643397, 0, 0, 823, 823, 24, 28.79%, 0, 0, 2, 304.06
1631643407, 0, 0, 825, 825, 24, 28.79%, 0, 0, 2, 298.87
1631643417, 0, 0, 826, 826, 24, 28.79%, 0, 0, 2, 300.57
1631643592, 0, 0, 827, 827, 24, 28.79%, 0, 0, 2, 211.39
1631643649, 0, 0, 828, 828, 24, 28.79%, 0, 0, 2, 303.52
1631643771, 0, 0, 829, 829, 24, 28.80%, 0, 0, 2, 264.12
1631643776, 0, 0, 830, 830, 24, 28.80%, 0, 0, 2, 260.76
1631643869, 0, 0, 831, 831, 24, 28.80%, 0, 0, 2, 265.43
1631644027, 0, 0, 837, 837, 24, 28.80%, 0, 0, 2, 198.56
1631644037, 0, 0, 838, 838, 24, 28.80%, 0, 0, 2, 150.80
1631644042, 0, 0, 840, 840, 24, 28.80%, 0, 0, 2, 183.94
1631644058, 0, 0, 842, 842, 24, 28.80%, 0, 0, 2, 105.08
1631644063, 0, 0, 843, 843, 24, 28.80%, 0, 0, 2, 217.80
1631644068, 0, 0, 844, 844, 24, 28.80%, 0, 0, 2, 223.63
1631644073, 0, 0, 845, 845, 24, 28.81%, 0, 0, 2, 250.42
1631644083, 0, 0, 847, 847, 24, 28.82%, 0, 0, 2, 133.11
1631644088, 0, 0, 848, 848, 24, 28.84%, 0, 0, 2, 105.67
1631644104, 0, 0, 849, 849, 24, 28.84%, 0, 0, 2, 190.57
1631644124, 0, 0, 850, 850, 24, 28.84%, 0, 0, 2, 243.22
1631644129, 0, 0, 851, 851, 24, 28.85%, 0, 0, 2, 267.87
1631644135, 0, 0, 852, 852, 24, 28.85%, 0, 0, 2, 228.76
1631644145, 0, 0, 861, 861, 24, 28.88%, 0, 0, 2, 223.90
1631644150, 0, 0, 867, 867, 24, 28.89%, 0, 0, 2, 212.80
1631644155, 0, 0, 878, 878, 24, 28.91%, 0, 0, 2, 226.83
1631644160, 0, 0, 889, 889, 24, 28.92%, 0, 0, 2, 231.54
1631644166, 0, 0, 909, 909, 24, 28.94%, 0, 0, 2, 202.93
1631644171, 0, 0, 919, 919, 24, 28.94%, 0, 0, 2, 142.16
1631644176, 0, 0, 925, 925, 24, 28.96%, 0, 0, 2, 177.99
1631644181, 0, 0, 927, 927, 24, 28.97%, 0, 0, 2, 251.25
1631644186, 0, 0, 928, 928, 24, 28.97%, 0, 0, 2, 283.26
1631644191, 0, 0, 933, 933, 24, 28.97%, 0, 0, 2, 281.24
1631644196, 0, 0, 938, 938, 24, 28.97%, 0, 0, 2, 294.65
1631644202, 0, 0, 941, 941, 24, 28.98%, 0, 0, 2, 265.78
1631644207, 0, 0, 945, 945, 24, 28.98%, 0, 0, 2, 199.74
1631644217, 0, 0, 946, 946, 24, 28.98%, 0, 0, 2, 246.76
1631644227, 0, 0, 951, 951, 24, 28.99%, 0, 0, 2, 189.62
1631644237, 0, 0, 954, 954, 24, 28.99%, 0, 0, 2, 153.67
1631644243, 0, 0, 955, 955, 24, 28.99%, 0, 0, 2, 227.62
1631644248, 0, 0, 957, 957, 24, 29.01%, 0, 0, 2, 208.14
1631644253, 0, 0, 959, 959, 24, 29.01%, 0, 0, 2, 232.22
1631644258, 0, 0, 963, 963, 24, 29.01%, 0, 0, 2, 254.25
1631644314, 0, 0, 965, 965, 24, 29.01%, 0, 0, 2, 271.94
1631644605, 0, 0, 967, 967, 24, 29.01%, 0, 0, 2, 235.98
1631644611, 0, 0, 978, 978, 24, 29.02%, 0, 0, 2, 249.07
1631644616, 0, 0, 980, 980, 24, 29.02%, 0, 0, 2, 267.12
1631644938, 0, 0, 981, 981, 24, 29.03%, 0, 0, 2, 30.82
1631645091, 0, 0, 996, 996, 24, 29.03%, 0, 0, 2, 216.68
1631645659, 0, 0, 997, 997, 24, 29.03%, 0, 0, 2, 226.26
1631645680, 0, 0, 998, 998, 24, 29.03%, 0, 0, 2, 118.86
1631645731, 0, 0, 1002, 1002, 24, 29.03%, 0, 0, 2, 252.66
1631645736, 0, 0, 1009, 1009, 24, 29.04%, 0, 0, 2, 251.74
1631645741, 0, 0, 1026, 1026, 24, 29.04%, 0, 0, 2, 223.61
1631645747, 0, 0, 1029, 1029, 24, 29.05%, 0, 0, 2, 232.28
1631645752, 0, 0, 1030, 1030, 24, 29.05%, 0, 0, 2, 304.39
1631645757, 0, 0, 1031, 1031, 24, 29.05%, 0, 0, 2, 293.77
1631645762, 0, 0, 1032, 1032, 24, 29.05%, 0, 0, 2, 256.24
1631645772, 0, 0, 1033, 1033, 24, 29.05%, 0, 0, 2, 183.05
1631645782, 0, 0, 1034, 1034, 24, 29.05%, 0, 0, 2, 255.44
1631646170, 0, 0, 1035, 1035, 24, 29.05%, 0, 0, 2, 304.78
1631646856, 0, 0, 1036, 1036, 24, 29.05%, 0, 0, 2, 135.52
1631646897, 0, 0, 1037, 1037, 24, 29.05%, 0, 0, 2, 126.10
1631646917, 0, 0, 1038, 1038, 24, 29.06%, 0, 0, 2, 138.59
1631646963, 0, 0, 1047, 1047, 24, 29.08%, 0, 0, 2, 248.51
1631646968, 0, 0, 1051, 1051, 24, 29.08%, 0, 0, 2, 241.06
1631646974, 0, 0, 1054, 1054, 24, 29.08%, 0, 0, 2, 249.79
1631646979, 0, 0, 1061, 1061, 24, 29.09%, 0, 0, 2, 218.36
1631646984, 0, 0, 1069, 1069, 24, 29.09%, 0, 0, 2, 153.65
1631646989, 0, 0, 1070, 1070, 24, 29.09%, 0, 0, 2, 277.42
1631647029, 0, 0, 1071, 1071, 24, 29.09%, 0, 0, 2, 180.27
1631647034, 0, 0, 1072, 1072, 24, 29.09%, 0, 0, 2, 204.85
1631647085, 0, 0, 1073, 1073, 24, 29.09%, 0, 0, 2, 296.66
1631647254, 0, 0, 1074, 1074, 24, 29.09%, 0, 0, 2, 298.32
1631647259, 0, 0, 1075, 1075, 24, 29.10%, 0, 0, 2, 300.65
1631647300, 0, 0, 1076, 1076, 24, 29.10%, 0, 0, 2, 297.05
1631647305, 0, 0, 1077, 1077, 24, 29.10%, 0, 0, 2, 308.91
1631647310, 0, 0, 1079, 1079, 24, 29.10%, 0, 0, 2, 301.58
1631647341, 0, 0, 1081, 1081, 24, 29.11%, 0, 0, 2, 291.68
1631647387, 0, 0, 1082, 1082, 24, 29.11%, 0, 0, 2, 277.07
1631647459, 0, 0, 1083, 1083, 24, 29.11%, 0, 0, 2, 297.75
1631647546, 0, 0, 1084, 1084, 24, 29.12%, 0, 0, 2, 297.59
1631647551, 0, 0, 1086, 1086, 24, 29.12%, 0, 0, 2, 253.00
1631647566, 0, 0, 1087, 1087, 24, 29.14%, 0, 0, 2, 244.58
1631647953, 0, 0, 1088, 1088, 24, 29.14%, 0, 0, 2, 126.32
1631647964, 0, 0, 1089, 1089, 24, 29.14%, 0, 0, 2, 120.98
1631647969, 0, 0, 1090, 1090, 24, 29.14%, 0, 0, 2, 122.35
1631647974, 0, 0, 1091, 1091, 24, 29.14%, 0, 0, 2, 131.82
1631647979, 0, 0, 1093, 1093, 24, 29.23%, 0, 0, 2, 150.00
1631647989, 0, 0, 1095, 1095, 24, 29.23%, 0, 0, 2, 112.99
1631648009, 0, 0, 1104, 1104, 24, 29.24%, 0, 0, 2, 183.87
1631648035, 0, 0, 1105, 1105, 24, 29.24%, 0, 0, 2, 133.57
1631648091, 0, 0, 1116, 1116, 24, 29.24%, 0, 0, 2, 238.67
1631648096, 0, 0, 1123, 1123, 24, 29.24%, 0, 0, 2, 236.16
1631648101, 0, 0, 1128, 1128, 24, 29.24%, 0, 0, 2, 239.03
1631648107, 0, 0, 1141, 1141, 24, 29.28%, 0, 0, 2, 236.26
1631648112, 0, 0, 1150, 1150, 24, 29.29%, 0, 0, 2, 145.92
1631648117, 0, 0, 1166, 1166, 24, 29.31%, 0, 0, 2, 186.07
1631648137, 0, 0, 1168, 1168, 24, 29.31%, 0, 0, 2, 296.45
1631648143, 0, 0, 1173, 1173, 24, 29.32%, 0, 0, 2, 200.65
1631648148, 0, 0, 1174, 1174, 24, 29.32%, 0, 0, 2, 243.08
1631648153, 0, 0, 1175, 1175, 24, 29.32%, 0, 0, 2, 268.41
1631648158, 0, 0, 1177, 1177, 24, 29.32%, 0, 0, 2, 208.82
1631648163, 0, 0, 1178, 1178, 24, 29.32%, 0, 0, 2, 171.35
1631648174, 0, 0, 1182, 1182, 24, 29.32%, 0, 0, 2, 221.16
1631648179, 0, 0, 1185, 1185, 24, 29.32%, 0, 0, 2, 193.81
1631648189, 0, 0, 1186, 1186, 24, 29.32%, 0, 0, 2, 279.18
1631648230, 0, 0, 1189, 1189, 24, 29.32%, 0, 0, 2, 297.66
1631648235, 0, 0, 1229, 1229, 24, 29.41%, 0, 0, 2, 171.35
1631648240, 0, 0, 1291, 1291, 24, 29.43%, 0, 0, 2, 169.55
1631648245, 0, 0, 1348, 1348, 24, 29.48%, 0, 0, 2, 164.32
1631648250, 0, 0, 1395, 1395, 24, 29.55%, 0, 0, 2, 148.63
1631648255, 0, 0, 1435, 1435, 24, 29.56%, 0, 0, 2, 160.64
1631648260, 0, 0, 1473, 1473, 24, 30.04%, 0, 0, 2, 174.16
1631648265, 0, 1, 1505, 1504, 295, 30.08%, 0, 0, 2, 198.27
1631648291, 0, 1, 1510, 1509, 295, 30.08%, 0, 0, 2, 342.41
1631648331, 0, 1, 1513, 1512, 295, 30.08%, 0, 0, 2, 344.76
1631648336, 0, 1, 1516, 1515, 295, 30.08%, 0, 0, 2, 340.41
1631648346, 0, 1, 1520, 1519, 295, 30.09%, 0, 0, 2, 343.02
1631648351, 0, 1, 1522, 1521, 295, 30.09%, 0, 0, 2, 343.78
1631648361, 0, 1, 1527, 1526, 295, 30.09%, 0, 0, 2, 345.24
1631648366, 0, 1, 1534, 1533, 295, 30.09%, 0, 0, 2, 345.37
1631648377, 0, 1, 1536, 1535, 295, 30.09%, 0, 0, 2, 347.47
1631648382, 0, 1, 1544, 1543, 295, 30.09%, 0, 0, 2, 345.44
1631648387, 0, 1, 1546, 1545, 295, 30.09%, 0, 0, 2, 344.86
1631648392, 0, 1, 1551, 1550, 295, 30.09%, 0, 0, 2, 345.46
1631648402, 0, 1, 1552, 1551, 295, 30.09%, 0, 0, 2, 346.13
1631648407, 0, 1, 1555, 1554, 295, 30.09%, 0, 0, 2, 345.34
1631648577, 0, 1, 1556, 1555, 295, 30.09%, 0, 0, 2, 347.27
1631648598, 0, 1, 1557, 1556, 295, 30.09%, 0, 0, 2, 349.45
1631648706, 0, 1, 1558, 1557, 295, 30.09%, 0, 0, 2, 347.82
1631648768, 0, 1, 1559, 1558, 295, 30.09%, 0, 0, 2, 346.32
1631648824, 0, 1, 1560, 1559, 295, 30.09%, 0, 0, 2, 340.14
1631648829, 0, 1, 1561, 1560, 295, 30.09%, 0, 0, 2, 339.11
1631648839, 0, 1, 1563, 1562, 295, 30.10%, 0, 0, 2, 342.50
1631648927, 0, 1, 1564, 1563, 295, 30.10%, 0, 0, 2, 346.03
1631648973, 0, 1, 1565, 1564, 295, 30.10%, 0, 0, 2, 349.12
1631649009, 0, 1, 1566, 1565, 295, 30.10%, 0, 0, 2, 347.32
1631649014, 0, 1, 1567, 1566, 295, 30.10%, 0, 0, 2, 346.90
1631649112, 0, 1, 1568, 1567, 295, 30.10%, 0, 0, 2, 349.36
1631649127, 0, 1, 1569, 1568, 295, 30.10%, 0, 0, 2, 349.01
1631649158, 0, 1, 1571, 1570, 295, 30.10%, 0, 0, 2, 348.35
1631649189, 0, 1, 1572, 1571, 295, 30.10%, 0, 0, 2, 348.93
1631649256, 0, 1, 1573, 1572, 295, 30.10%, 0, 0, 2, 348.20
1631649261, 0, 1, 1574, 1573, 295, 30.10%, 0, 0, 2, 345.83
1631649267, 0, 1, 1575, 1574, 295, 30.10%, 0, 0, 2, 346.30
1631649282, 0, 1, 1576, 1575, 295, 30.10%, 0, 0, 2, 348.47
1631649318, 0, 1, 1577, 1576, 295, 30.10%, 0, 0, 2, 347.73
1631649323, 0, 1, 1579, 1578, 295, 30.10%, 0, 0, 2, 346.77
1631649379, 0, 1, 1580, 1579, 295, 30.11%, 0, 0, 2, 347.26
1631649935, 0, 1, 1581, 1580, 295, 30.11%, 0, 0, 2, 348.76
1631650022, 0, 1, 1583, 1582, 295, 30.11%, 0, 0, 2, 352.99
1631650211, 0, 1, 1587, 1586, 295, 30.11%, 0, 0, 2, 349.34
1631650263, 0, 1, 1588, 1587, 295, 30.11%, 0, 0, 2, 343.64
1631650360, 0, 1, 1589, 1588, 295, 30.11%, 0, 0, 2, 348.22
1631650468, 0, 1, 1593, 1592, 295, 30.11%, 0, 0, 2, 356.08
1631650473, 0, 1, 1595, 1594, 295, 30.11%, 0, 0, 2, 355.86
1631650530, 0, 1, 1596, 1595, 295, 30.11%, 0, 0, 2, 317.48
1631650540, 0, 1, 1628, 1627, 295, 30.12%, 0, 0, 2, 315.04
1631650545, 0, 3, 1637, 1635, 310, 30.12%, 0, 0, 2, 15.13
1631650612, 0, 3, 1638, 1636, 310, 30.12%, 0, 0, 2, 24.91
1631650617, 0, 3, 1642, 1640, 310, 30.13%, 0, 0, 2, 22.95
1631650622, 0, 3, 1646, 1644, 310, 30.14%, 0, 0, 2, 24.75
1631650627, 0, 3, 1649, 1647, 310, 30.15%, 0, 0, 2, 24.97
1631650632, 0, 3, 1650, 1648, 310, 30.15%, 0, 0, 2, 24.35
1631650637, 0, 3, 1651, 1649, 310, 30.15%, 0, 0, 2, 22.21
1631650643, 0, 3, 1654, 1652, 310, 30.15%, 0, 0, 2, 23.04
1631650648, 0, 3, 1660, 1658, 310, 30.15%, 0, 0, 2, 23.33
1631650653, 0, 3, 1668, 1666, 310, 30.15%, 0, 0, 2, 26.06
1631650658, 0, 3, 1671, 1669, 310, 30.15%, 0, 0, 2, 24.20
1631650663, 0, 3, 1674, 1672, 310, 30.15%, 0, 0, 2, 22.68
1631650674, 0, 3, 1677, 1675, 310, 30.15%, 0, 0, 2, 22.60
1631650679, 0, 3, 1680, 1678, 310, 30.15%, 0, 0, 2, 23.97
1631650689, 0, 3, 1682, 1680, 310, 30.15%, 0, 0, 2, 25.15
1631650694, 0, 3, 1683, 1681, 310, 30.15%, 0, 0, 2, 22.01
1631650699, 0, 3, 1686, 1684, 310, 30.16%, 0, 0, 2, 21.95
1631650704, 0, 3, 1687, 1685, 310, 30.16%, 0, 0, 2, 21.86
1631650710, 0, 3, 1688, 1686, 310, 30.16%, 0, 0, 2, 22.08
1631650715, 0, 3, 1689, 1687, 310, 30.16%, 0, 0, 2, 21.19
1631650730, 0, 3, 1690, 1688, 310, 30.16%, 0, 0, 2, 21.92
1631650776, 0, 3, 1692, 1690, 310, 30.16%, 0, 0, 2, 22.03
1631650781, 0, 3, 1693, 1691, 310, 30.16%, 0, 0, 2, 22.02
1631650791, 0, 3, 1694, 1692, 310, 30.16%, 0, 0, 2, 23.04
1631650817, 0, 3, 1695, 1693, 310, 30.44%, 0, 0, 2, 21.26
1631650853, 0, 3, 1696, 1694, 310, 30.44%, 0, 0, 2, 25.24
1631650858, 0, 3, 1697, 1695, 310, 30.44%, 0, 0, 2, 2.92
1631650883, 0, 3, 1698, 1696, 310, 30.45%, 0, 0, 2, 22.36
1631650889, 0, 3, 1701, 1699, 310, 30.46%, 0, 0, 2, 22.23
1631650894, 0, 3, 1702, 1700, 310, 30.46%, 0, 0, 2, 22.09
1631650904, 0, 3, 1703, 1701, 310, 30.46%, 0, 0, 2, 22.26
1631650919, 0, 3, 1704, 1702, 310, 30.46%, 0, 0, 2, 22.38
1631650924, 0, 3, 1705, 1703, 310, 30.47%, 0, 0, 2, 22.34
1631650935, 0, 3, 1706, 1704, 310, 30.47%, 0, 0, 2, 22.03
1631650966, 0, 3, 1707, 1705, 310, 30.47%, 0, 0, 2, 22.22
1631650991, 0, 3, 1708, 1706, 310, 30.47%, 0, 0, 2, 22.19
1631651007, 0, 3, 1709, 1707, 310, 30.47%, 0, 0, 2, 22.43
1631651160, 0, 3, 1710, 1708, 310, 30.47%, 0, 0, 2, 22.01
1631651171, 0, 3, 1714, 1712, 310, 30.47%, 0, 0, 2, 22.25
1631651176, 0, 3, 1715, 1713, 310, 30.47%, 0, 0, 2, 22.20
1631651181, 0, 3, 1716, 1714, 310, 30.48%, 0, 0, 2, 22.30
1631651186, 0, 3, 1718, 1716, 310, 30.48%, 0, 0, 2, 22.05
1631651191, 0, 3, 1719, 1717, 310, 30.48%, 0, 0, 2, 21.59
1631651196, 0, 3, 1722, 1720, 310, 30.48%, 0, 0, 2, 21.86
1631651201, 0, 3, 1723, 1721, 310, 30.48%, 0, 0, 2, 21.78
1631651227, 0, 3, 1724, 1722, 310, 30.49%, 0, 0, 2, 20.89
1631651232, 0, 3, 1725, 1723, 310, 30.50%, 0, 0, 2, 20.82
1631651237, 0, 3, 1726, 1724, 310, 30.50%, 0, 0, 2, 20.73
1631651267, 0, 3, 1733, 1731, 310, 30.50%, 0, 0, 2, 45.11
1631651272, 0, 3, 1737, 1735, 310, 30.50%, 0, 0, 2, 215.33
1631651277, 0, 3, 1743, 1741, 310, 30.51%, 0, 0, 2, 22.48
1631651282, 0, 3, 1747, 1745, 310, 30.51%, 0, 0, 2, 22.34
1631651287, 0, 3, 1757, 1755, 310, 30.52%, 0, 0, 2, 21.18
1631651293, 0, 3, 1767, 1765, 310, 30.53%, 0, 0, 2, 20.40
1631651298, 0, 3, 1771, 1769, 310, 30.53%, 0, 0, 2, 22.64
1631651303, 0, 3, 1779, 1777, 310, 30.54%, 0, 0, 2, 21.94
1631651308, 0, 3, 1788, 1786, 310, 30.54%, 0, 0, 2, 22.12
1631651313, 0, 3, 1798, 1796, 310, 30.56%, 0, 0, 2, 22.17
1631651318, 0, 3, 1806, 1804, 310, 30.56%, 0, 0, 2, 21.51
1631651323, 0, 3, 1815, 1813, 310, 30.58%, 0, 0, 2, 21.91
1631651329, 0, 3, 1823, 1821, 310, 30.59%, 0, 0, 2, 23.42
1631651334, 0, 3, 1828, 1826, 310, 30.59%, 0, 0, 2, 22.17
1631651339, 0, 3, 1836, 1834, 310, 30.60%, 0, 0, 2, 22.17
1631651344, 0, 3, 1841, 1839, 310, 30.60%, 0, 0, 2, 22.21
1631651349, 0, 3, 1848, 1846, 310, 30.60%, 0, 0, 2, 22.47
1631651354, 0, 3, 1853, 1851, 310, 30.60%, 0, 0, 2, 22.64
1631651359, 0, 3, 1860, 1858, 310, 30.60%, 0, 0, 2, 23.71
1631651365, 0, 3, 1864, 1862, 310, 30.60%, 0, 0, 2, 21.62
1631651370, 0, 3, 1870, 1868, 310, 30.60%, 0, 0, 2, 22.05
1631651375, 0, 3, 1874, 1872, 310, 30.60%, 0, 0, 2, 22.12
1631651380, 0, 3, 1880, 1878, 310, 30.60%, 0, 0, 2, 21.37
1631651385, 0, 3, 1886, 1884, 310, 30.60%, 0, 0, 2, 21.36
1631651390, 0, 3, 1893, 1891, 310, 30.60%, 0, 0, 2, 23.45
1631651395, 0, 3, 1897, 1895, 310, 30.60%, 0, 0, 2, 22.03
1631651400, 0, 3, 1903, 1901, 310, 30.60%, 0, 0, 2, 21.80
1631651405, 0, 3, 1909, 1907, 310, 30.60%, 0, 0, 2, 22.03
1631651410, 0, 3, 1914, 1912, 310, 30.61%, 0, 0, 2, 22.77
1631651416, 0, 3, 1918, 1916, 310, 30.61%, 0, 0, 2, 23.50
1631651421, 0, 3, 1923, 1921, 310, 30.61%, 0, 0, 2, 22.10
1631651426, 0, 3, 1925, 1923, 310, 30.61%, 0, 0, 2, 21.87
1631651431, 0, 3, 1928, 1926, 310, 30.61%, 0, 0, 2, 22.07
1631651436, 0, 3, 1930, 1928, 310, 30.61%, 0, 0, 2, 21.75
1631651441, 0, 3, 1932, 1930, 310, 30.61%, 0, 0, 2, 21.04
1631651446, 0, 3, 1933, 1931, 310, 30.61%, 0, 0, 2, 21.07
1631651451, 0, 3, 1934, 1932, 310, 30.61%, 0, 0, 2, 21.51
1631651456, 0, 3, 1938, 1936, 310, 30.61%, 0, 0, 2, 21.54
1631651461, 0, 3, 1941, 1939, 310, 30.61%, 0, 0, 2, 21.29
1631651466, 0, 3, 1943, 1941, 310, 30.61%, 0, 0, 2, 21.49
1631651472, 0, 3, 1947, 1945, 310, 30.61%, 0, 0, 2, 21.25
1631651477, 0, 3, 1948, 1946, 310, 30.61%, 0, 0, 2, 21.25
1631651482, 0, 3, 1952, 1950, 310, 30.61%, 0, 0, 2, 21.56
1631651487, 0, 3, 1954, 1952, 310, 30.61%, 0, 0, 2, 20.97
1631651492, 0, 3, 1956, 1954, 310, 30.61%, 0, 0, 2, 21.22
1631651497, 0, 3, 1957, 1955, 310, 30.61%, 0, 0, 2, 20.84
1631651502, 0, 3, 1959, 1957, 310, 30.61%, 0, 0, 2, 20.26
1631651507, 0, 3, 1962, 1960, 310, 30.61%, 0, 0, 2, 20.92
1631651512, 0, 3, 1964, 1962, 310, 30.61%, 0, 0, 2, 21.34
1631651518, 0, 3, 1967, 1965, 310, 30.61%, 0, 0, 2, 21.36
1631651533, 0, 3, 1968, 1966, 310, 30.61%, 0, 0, 2, 20.48
1631651538, 0, 3, 1971, 1969, 310, 30.61%, 0, 0, 2, 20.52
1631651543, 0, 3, 1974, 1972, 310, 30.61%, 0, 0, 2, 21.17
1631651548, 0, 3, 1976, 1974, 310, 30.61%, 0, 0, 2, 21.07
1631651553, 0, 3, 1979, 1977, 310, 30.61%, 0, 0, 2, 21.71
1631651559, 0, 3, 1987, 1985, 310, 30.68%, 0, 0, 2, 21.51
1631651564, 0, 3, 1992, 1990, 310, 30.69%, 0, 0, 2, 21.15
1631651569, 0, 3, 1993, 1991, 310, 30.69%, 0, 0, 2, 21.45
1631651574, 0, 3, 1998, 1996, 310, 30.69%, 0, 0, 2, 22.06
1631651579, 0, 3, 2003, 2001, 310, 30.71%, 0, 0, 2, 22.14
1631651590, 0, 3, 2004, 2002, 310, 30.71%, 0, 0, 2, 37.81
1631651595, 0, 3, 2007, 2005, 310, 30.71%, 0, 0, 2, 42.99
1631651600, 0, 3, 2010, 2008, 310, 30.71%, 0, 0, 2, 37.80
1631651605, 0, 3, 2013, 2011, 310, 30.71%, 0, 0, 2, 27.70
1631651610, 0, 3, 2016, 2014, 310, 30.73%, 0, 0, 2, 23.91
1631651615, 0, 3, 2018, 2016, 310, 30.73%, 0, 0, 2, 29.95
1631651620, 0, 3, 2019, 2017, 310, 30.73%, 0, 0, 2, 24.24
1631651625, 0, 3, 2021, 2019, 310, 30.73%, 0, 0, 2, 22.77
1631651631, 0, 3, 2025, 2023, 310, 30.74%, 0, 0, 2, 22.82
1631651636, 0, 3, 2027, 2025, 310, 30.74%, 0, 0, 2, 21.82
1631651641, 0, 3, 2029, 2027, 310, 30.74%, 0, 0, 2, 25.28
1631651646, 0, 3, 2033, 2031, 310, 30.74%, 0, 0, 2, 131.66
1631651651, 0, 3, 2034, 2032, 310, 30.74%, 0, 0, 2, 24.67
1631651656, 0, 3, 2035, 2033, 310, 30.74%, 0, 0, 2, 147.41
1631651661, 0, 3, 2041, 2039, 310, 30.74%, 0, 0, 2, 31.94
1631651666, 0, 3, 2042, 2040, 310, 30.74%, 0, 0, 2, 170.81
1631651676, 0, 3, 2043, 2041, 310, 30.74%, 0, 0, 2, 22.44
1631651866, 0, 3, 2047, 2045, 310, 30.75%, 0, 0, 2, 22.55
1631651872, 0, 3, 2048, 2046, 310, 30.76%, 0, 0, 2, 22.04
1631651902, 0, 3, 2050, 2048, 310, 30.76%, 0, 0, 2, 21.89
1631651907, 0, 3, 2051, 2049, 310, 30.76%, 0, 0, 2, 23.09
1631651943, 0, 3, 2052, 2050, 310, 30.76%, 0, 0, 2, 21.14
1631651948, 0, 3, 2053, 2051, 310, 30.76%, 0, 0, 2, 21.72
1631651958, 0, 3, 2054, 2052, 310, 30.76%, 0, 0, 2, 22.85
1631651978, 0, 3, 2055, 2053, 310, 30.76%, 0, 0, 2, 21.87
1631652009, 0, 3, 2056, 2054, 310, 30.76%, 0, 0, 2, 22.13
1631652019, 0, 3, 2057, 2055, 310, 30.77%, 0, 0, 2, 21.94
1631652070, 0, 3, 2058, 2056, 310, 30.77%, 0, 0, 2, 2.98
1631652126, 0, 3, 2060, 2058, 310, 30.77%, 0, 0, 2, 21.67
1631652294, 0, 3, 2061, 2059, 310, 30.77%, 0, 0, 2, 21.88
1631652299, 0, 3, 2062, 2060, 310, 30.77%, 0, 0, 2, 21.49
1631652406, 0, 3, 2063, 2061, 310, 30.77%, 0, 0, 2, 21.83
1631652411, 0, 3, 2064, 2062, 310, 30.77%, 0, 0, 2, 21.84
1631652462, 0, 3, 2065, 2063, 310, 30.78%, 0, 0, 2, 21.63
1631652472, 0, 3, 2067, 2065, 310, 30.78%, 0, 0, 2, 21.71
1631652507, 0, 3, 2070, 2068, 310, 30.79%, 0, 0, 2, 21.96
1631652518, 0, 3, 2072, 2070, 310, 30.82%, 0, 0, 2, 22.21
1631652523, 0, 3, 2074, 2072, 310, 30.83%, 0, 0, 2, 22.06
1631652528, 0, 3, 2076, 2074, 310, 30.83%, 0, 0, 2, 21.75
1631652538, 0, 3, 2077, 2075, 310, 30.83%, 0, 0, 2, 21.87
1631652543, 0, 3, 2078, 2076, 310, 30.83%, 0, 0, 2, 21.67
1631652569, 0, 3, 2079, 2077, 310, 30.83%, 0, 0, 2, 20.85
1631652579, 0, 3, 2080, 2078, 310, 30.83%, 0, 0, 2, 21.65
1631652584, 0, 3, 2081, 2079, 310, 30.83%, 0, 0, 2, 21.07
1631652600, 0, 3, 2083, 2081, 310, 30.83%, 0, 0, 2, 21.32
1631652631, 0, 3, 2084, 2082, 310, 30.83%, 0, 0, 2, 21.38
1631652636, 0, 3, 2085, 2083, 310, 30.83%, 0, 0, 2, 20.85
1631652641, 0, 3, 2086, 2084, 310, 30.83%, 0, 0, 2, 20.63
1631652697, 0, 3, 2088, 2086, 310, 30.83%, 0, 0, 2, 21.31
1631652707, 0, 3, 2089, 2087, 310, 30.83%, 0, 0, 2, 21.78
1631652712, 0, 3, 2092, 2090, 310, 30.83%, 0, 0, 2, 21.31
1631652723, 0, 3, 2094, 2092, 310, 30.83%, 0, 0, 2, 21.47
1631652728, 0, 3, 2096, 2094, 310, 30.84%, 0, 0, 2, 21.44
1631652754, 0, 3, 2097, 2095, 310, 30.85%, 0, 0, 2, 23.42
1631652759, 0, 3, 2098, 2096, 310, 30.85%, 0, 0, 2, 26.37
1631652769, 0, 3, 2099, 2097, 310, 30.85%, 0, 0, 2, 22.33
1631652789, 0, 3, 2100, 2098, 310, 30.85%, 0, 0, 2, 28.29
1631652881, 0, 3, 2101, 2099, 310, 30.85%, 0, 0, 2, 22.23
1631653009, 0, 3, 2104, 2102, 310, 30.86%, 0, 0, 2, 22.27
1631653014, 0, 3, 2107, 2105, 310, 30.87%, 0, 0, 2, 21.86
1631653024, 0, 3, 2109, 2107, 310, 30.87%, 0, 0, 2, 23.47
1631653045, 0, 3, 2110, 2108, 310, 30.87%, 0, 0, 2, 21.23
1631653050, 0, 3, 2111, 2109, 310, 30.87%, 0, 0, 2, 22.58
1631653060, 0, 3, 2112, 2110, 310, 30.87%, 0, 0, 2, 21.19
1631653070, 0, 3, 2113, 2111, 310, 30.87%, 0, 0, 2, 21.09
1631653276, 0, 3, 2114, 2112, 310, 30.87%, 0, 0, 2, 20.78
1631653312, 0, 3, 2115, 2113, 310, 30.88%, 0, 0, 2, 21.14
1631653379, 0, 3, 2117, 2115, 310, 30.88%, 0, 0, 2, 20.93
1631653567, 0, 3, 2118, 2116, 310, 30.88%, 0, 0, 2, 20.84
1631653578, 0, 3, 2120, 2118, 310, 30.89%, 0, 0, 2, 20.67
1631653583, 0, 3, 2121, 2119, 310, 30.89%, 0, 0, 2, 20.79
1631653638, 0, 3, 2122, 2120, 310, 30.90%, 0, 0, 2, 20.78
1631653674, 0, 3, 2124, 2122, 310, 30.90%, 0, 0, 2, 21.01
1631653684, 0, 3, 2128, 2126, 310, 30.90%, 0, 0, 2, 20.24
1631653689, 0, 3, 2129, 2127, 310, 30.90%, 0, 0, 2, 19.78
1631653695, 0, 3, 2130, 2128, 310, 30.92%, 0, 0, 2, 19.37
1631653700, 0, 3, 2131, 2129, 310, 30.92%, 0, 0, 2, 19.37
1631653705, 0, 3, 2132, 2130, 310, 30.93%, 0, 0, 2, 19.44
1631653710, 0, 3, 2134, 2132, 310, 30.93%, 0, 0, 2, 19.03
1631653720, 0, 3, 2135, 2133, 310, 30.93%, 0, 0, 2, 19.64
1631653730, 0, 3, 2137, 2135, 310, 30.93%, 0, 0, 2, 19.00
1631653740, 0, 3, 2138, 2136, 310, 30.93%, 0, 0, 2, 19.03
1631653745, 0, 3, 2139, 2137, 310, 30.93%, 0, 0, 2, 19.12
1631653750, 0, 3, 2140, 2138, 310, 30.93%, 0, 0, 2, 18.92
1631653756, 0, 3, 2141, 2139, 310, 30.93%, 0, 0, 2, 18.99
1631653766, 0, 3, 2142, 2140, 310, 30.93%, 0, 0, 2, 19.08
1631653771, 0, 3, 2143, 2141, 310, 30.93%, 0, 0, 2, 19.13
1631653776, 0, 3, 2144, 2142, 310, 30.93%, 0, 0, 2, 19.31
1631653786, 0, 3, 2145, 2143, 310, 30.93%, 0, 0, 2, 19.31
1631653791, 0, 3, 2146, 2144, 310, 30.93%, 0, 0, 2, 19.13
1631653812, 0, 3, 2147, 2145, 310, 30.93%, 0, 0, 2, 19.05
1631653822, 0, 3, 2148, 2146, 310, 30.94%, 0, 0, 2, 19.29
1631653842, 0, 3, 2149, 2147, 310, 30.94%, 0, 0, 2, 19.26
1631653852, 0, 3, 2150, 2148, 310, 30.94%, 0, 0, 2, 19.21
1631653862, 0, 3, 2151, 2149, 310, 30.94%, 0, 0, 2, 19.16
1631653873, 0, 3, 2152, 2150, 310, 30.94%, 0, 0, 2, 19.50
1631653878, 0, 3, 2153, 2151, 310, 30.94%, 0, 0, 2, 20.29
1631653898, 0, 3, 2154, 2152, 310, 30.94%, 0, 0, 2, 20.08
1631653903, 0, 3, 2156, 2154, 310, 30.94%, 0, 0, 2, 21.30
1631653913, 0, 3, 2157, 2155, 310, 30.94%, 0, 0, 2, 21.36
1631653918, 0, 3, 2158, 2156, 310, 30.94%, 0, 0, 2, 21.53
1631653949, 0, 3, 2159, 2157, 310, 30.94%, 0, 0, 2, 31.49
1631653964, 0, 3, 2161, 2159, 310, 30.94%, 0, 0, 2, 22.71
1631653969, 0, 3, 2162, 2160, 310, 30.94%, 0, 0, 2, 25.33
1631654066, 0, 3, 2163, 2161, 310, 30.94%, 0, 0, 2, 22.01
1631654487, 0, 3, 2164, 2162, 310, 30.94%, 0, 0, 2, 22.07
1631654590, 0, 3, 2166, 2164, 310, 30.95%, 0, 0, 2, 28.54
1631654600, 0, 3, 2167, 2165, 310, 30.95%, 0, 0, 2, 35.55
1631654626, 0, 3, 2168, 2166, 310, 30.95%, 0, 0, 2, 21.91
1631654636, 0, 3, 2170, 2168, 310, 30.95%, 0, 0, 2, 21.72
1631654641, 0, 3, 2172, 2170, 310, 30.96%, 0, 0, 2, 21.69
1631654686, 0, 3, 2174, 2172, 310, 30.96%, 0, 0, 2, 21.59
1631654692, 0, 3, 2175, 2173, 310, 30.97%, 0, 0, 2, 21.76
1631654773, 0, 3, 2176, 2174, 310, 30.97%, 0, 0, 2, 22.24
1631654819, 0, 3, 2179, 2177, 310, 30.97%, 0, 0, 2, 21.74
1631654829, 0, 3, 2182, 2180, 310, 30.97%, 0, 0, 2, 21.80
1631654845, 0, 3, 2183, 2181, 310, 30.97%, 0, 0, 2, 24.36
1631654885, 0, 3, 2184, 2182, 310, 30.97%, 0, 0, 2, 21.91
1631654972, 0, 3, 2185, 2183, 310, 30.97%, 0, 0, 2, 20.31
1631654997, 0, 3, 2186, 2184, 310, 30.97%, 0, 0, 2, 21.47
1631655136, 0, 3, 2187, 2185, 310, 30.97%, 0, 0, 2, 20.72
1631656112, 0, 3, 2188, 2186, 310, 30.97%, 0, 0, 2, 2.88
1631656122, 0, 3, 2189, 2187, 310, 30.97%, 0, 0, 2, 2.90
1631656164, 0, 3, 2190, 2188, 310, 30.97%, 0, 0, 2, 3.02
1631656383, 0, 3, 2191, 2189, 310, 30.97%, 0, 0, 2, 2.97
1631656393, 0, 3, 2193, 2191, 310, 30.97%, 0, 0, 2, 21.57
1631656398, 0, 3, 2195, 2193, 310, 30.98%, 0, 0, 2, 21.56
1631656419, 0, 3, 2196, 2194, 310, 30.98%, 0, 0, 2, 21.26
1631656424, 0, 3, 2199, 2197, 310, 30.99%, 0, 0, 2, 21.16
1631657237, 0, 3, 2200, 2198, 310, 30.99%, 0, 0, 2, 21.44
1631657293, 0, 3, 2201, 2199, 310, 30.99%, 0, 0, 2, 21.56
1631657314, 0, 3, 2202, 2200, 310, 30.99%, 0, 0, 2, 21.33
1631657365, 0, 3, 2203, 2201, 310, 30.99%, 0, 0, 2, 21.39
1631657781, 0, 3, 2204, 2202, 310, 30.99%, 0, 0, 2, 21.20
1631658208, 0, 3, 2205, 2203, 310, 31.00%, 0, 0, 2, 20.92
1631658403, 0, 3, 2206, 2204, 310, 31.00%, 0, 0, 2, 21.08
1631658408, 0, 3, 2207, 2205, 310, 31.00%, 0, 0, 2, 21.12
1631658419, 0, 3, 2208, 2206, 310, 31.00%, 0, 0, 2, 21.11
1631658439, 0, 3, 2209, 2207, 310, 31.01%, 0, 0, 2, 21.41
1631658444, 0, 3, 2212, 2210, 310, 31.01%, 0, 0, 2, 21.37
1631658450, 0, 3, 2213, 2211, 310, 31.01%, 0, 0, 2, 21.34
1631658491, 0, 3, 2214, 2212, 310, 31.01%, 0, 0, 2, 21.21
1631658666, 0, 3, 2215, 2213, 310, 31.01%, 0, 0, 2, 21.30
1631659044, 0, 3, 2216, 2214, 310, 31.02%, 0, 0, 2, 217.50
1631659075, 0, 3, 2217, 2215, 310, 31.02%, 0, 0, 2, 21.92
1631659106, 0, 3, 2223, 2221, 310, 31.07%, 0, 0, 2, 6.21
1631659111, 0, 3, 2227, 2225, 310, 31.08%, 0, 0, 2, 17.78
1631659126, 0, 3, 2228, 2226, 310, 31.08%, 0, 0, 2, 21.47
1631659162, 0, 3, 2229, 2227, 310, 31.08%, 0, 0, 2, 18.86
1631659167, 0, 3, 2231, 2229, 310, 31.08%, 0, 0, 2, 19.74
1631659172, 0, 3, 2232, 2230, 310, 31.08%, 0, 0, 2, 19.87
1631659183, 0, 3, 2240, 2238, 310, 31.10%, 0, 0, 2, 21.23
1631659188, 0, 3, 2243, 2241, 310, 31.11%, 0, 0, 2, 21.18
1631659198, 0, 3, 2244, 2242, 310, 31.11%, 0, 0, 2, 21.13
1631659214, 0, 3, 2249, 2247, 310, 31.12%, 0, 0, 2, 3.61
1631659224, 0, 3, 2250, 2248, 310, 31.12%, 0, 0, 2, 19.46
1631659229, 0, 3, 2251, 2249, 310, 31.12%, 0, 0, 2, 18.70
1631659239, 0, 3, 2252, 2250, 310, 31.12%, 0, 0, 2, 20.31
1631659245, 0, 3, 2255, 2253, 310, 31.13%, 0, 0, 2, 21.21
1631659250, 0, 3, 2256, 2254, 310, 31.13%, 0, 0, 2, 20.73
1631659260, 0, 3, 2258, 2256, 310, 31.13%, 0, 0, 2, 18.78
1631659275, 0, 3, 2263, 2261, 310, 31.14%, 0, 0, 2, 20.61
1631659281, 0, 3, 2268, 2266, 310, 31.15%, 0, 0, 2, 20.96
1631659291, 0, 3, 2270, 2268, 310, 31.15%, 0, 0, 2, 18.89
1631659311, 0, 3, 2274, 2272, 310, 31.15%, 0, 0, 2, 20.88
1631659327, 0, 3, 2275, 2273, 310, 31.15%, 0, 0, 2, 19.86
1631659337, 0, 3, 2276, 2274, 310, 31.15%, 0, 0, 2, 19.91
1631659342, 0, 3, 2282, 2280, 310, 31.16%, 0, 0, 2, 21.93
1631659352, 0, 3, 2283, 2281, 310, 31.16%, 0, 0, 2, 19.08
1631659373, 0, 3, 2287, 2285, 310, 31.16%, 0, 0, 2, 20.89
1631659399, 0, 3, 2289, 2287, 310, 31.16%, 0, 0, 2, 20.01
1631659404, 0, 3, 2290, 2288, 310, 31.16%, 0, 0, 2, 21.16
1631659419, 0, 3, 2291, 2289, 310, 31.16%, 0, 0, 2, 19.49
1631659429, 0, 3, 2294, 2292, 310, 31.16%, 0, 0, 2, 19.60
1631659434, 0, 3, 2295, 2293, 310, 31.16%, 0, 0, 2, 20.93
1631659450, 0, 3, 2296, 2294, 310, 31.16%, 0, 0, 2, 19.61
1631659460, 0, 3, 2297, 2295, 310, 31.16%, 0, 0, 2, 20.50
1631659465, 0, 3, 2298, 2296, 310, 31.16%, 0, 0, 2, 20.57
1631659490, 0, 3, 2300, 2298, 310, 31.16%, 0, 0, 2, 20.55
1631659501, 0, 3, 2301, 2299, 310, 31.16%, 0, 0, 2, 19.03
1631659521, 0, 3, 2305, 2303, 310, 31.16%, 0, 0, 2, 20.76
1631659552, 0, 3, 2309, 2307, 310, 31.16%, 0, 0, 2, 21.28
1631659582, 0, 3, 2312, 2310, 310, 31.16%, 0, 0, 2, 20.64
1631659613, 0, 3, 2315, 2313, 310, 31.16%, 0, 0, 2, 20.47
1631659623, 0, 3, 2316, 2314, 310, 31.16%, 0, 0, 2, 19.60
1631659644, 0, 3, 2317, 2315, 310, 31.16%, 0, 0, 2, 20.15
1631659679, 0, 3, 2321, 2319, 310, 31.16%, 0, 0, 2, 20.57
1631659695, 0, 3, 2322, 2320, 310, 31.16%, 0, 0, 2, 18.69
1631659710, 0, 3, 2324, 2322, 310, 31.16%, 0, 0, 2, 20.47
1631659740, 0, 3, 2325, 2323, 310, 31.16%, 0, 0, 2, 20.04
1631659746, 0, 3, 2327, 2325, 310, 31.16%, 0, 0, 2, 21.05
1631659776, 0, 3, 2330, 2328, 310, 31.16%, 0, 0, 2, 20.53
1631659807, 0, 3, 2331, 2329, 310, 31.16%, 0, 0, 2, 20.10
1631659812, 0, 3, 2332, 2330, 310, 31.16%, 0, 0, 2, 20.14
1631659843, 0, 3, 2333, 2331, 310, 31.16%, 0, 0, 2, 20.78
1631659853, 0, 3, 2334, 2332, 310, 31.16%, 0, 0, 2, 18.66
1631659874, 0, 3, 2335, 2333, 310, 31.16%, 0, 0, 2, 20.46
1631659904, 0, 3, 2337, 2335, 310, 31.16%, 0, 0, 2, 21.18
1631659920, 0, 3, 2338, 2336, 310, 31.16%, 0, 0, 2, 18.57
1631659940, 0, 3, 2340, 2338, 310, 31.16%, 0, 0, 2, 21.12
1631659955, 0, 3, 2341, 2339, 310, 31.16%, 0, 0, 2, 19.27
1631659971, 0, 3, 2342, 2340, 310, 31.16%, 0, 0, 2, 21.03
1631659986, 0, 3, 2343, 2341, 310, 31.16%, 0, 0, 2, 18.80
1631660001, 0, 3, 2346, 2344, 310, 31.16%, 0, 0, 2, 19.61
1631660017, 0, 3, 2347, 2345, 310, 31.16%, 0, 0, 2, 18.67
1631660037, 0, 3, 2348, 2346, 310, 31.17%, 0, 0, 2, 20.27
1631660068, 0, 3, 2350, 2348, 310, 31.17%, 0, 0, 2, 20.53
1631660088, 0, 3, 2351, 2349, 310, 31.17%, 0, 0, 2, 19.62
1631660099, 0, 3, 2353, 2351, 310, 31.17%, 0, 0, 2, 20.10
1631660165, 0, 3, 2354, 2352, 310, 31.17%, 0, 0, 2, 20.72
1631660196, 0, 3, 2355, 2353, 310, 31.17%, 0, 0, 2, 20.34
1631660216, 0, 3, 2356, 2354, 310, 31.17%, 0, 0, 2, 19.34
1631660237, 0, 3, 2357, 2355, 310, 31.17%, 0, 0, 2, 18.77
1631660324, 0, 3, 2358, 2356, 310, 31.17%, 0, 0, 2, 20.58
1631660344, 0, 3, 2359, 2357, 310, 31.17%, 0, 0, 2, 19.26
1631660529, 0, 3, 2360, 2358, 310, 31.17%, 0, 0, 2, 20.69
1631660549, 0, 3, 2361, 2359, 310, 31.17%, 0, 0, 2, 19.56
1631660559, 0, 3, 2362, 2360, 310, 31.17%, 0, 0, 2, 20.89
1631660615, 0, 3, 2363, 2361, 310, 31.17%, 0, 0, 2, 21.04
1631660641, 0, 3, 2364, 2362, 310, 31.17%, 0, 0, 2, 20.41
1631660646, 0, 3, 2367, 2365, 310, 31.18%, 0, 0, 2, 20.89
1631660651, 0, 3, 2370, 2368, 310, 31.19%, 0, 0, 2, 20.95
1631660656, 0, 3, 2374, 2372, 310, 31.25%, 0, 0, 2, 20.77
1631660661, 0, 3, 2379, 2377, 310, 31.26%, 0, 0, 2, 20.89
1631660667, 0, 3, 2384, 2382, 310, 31.27%, 0, 0, 2, 20.54
1631660672, 0, 3, 2386, 2384, 310, 31.27%, 0, 0, 2, 3.57
1631660677, 0, 3, 2391, 2389, 310, 31.28%, 0, 0, 2, 21.16
1631660768, 0, 3, 2394, 2392, 310, 31.31%, 0, 0, 2, 20.29
1631660773, 0, 3, 2399, 2397, 310, 31.32%, 0, 0, 2, 20.73
1631660779, 0, 3, 2400, 2398, 310, 31.32%, 0, 0, 2, 21.08
1631660830, 0, 3, 2402, 2400, 310, 31.33%, 0, 0, 2, 21.10
1631660845, 0, 3, 2403, 2401, 310, 31.33%, 0, 0, 2, 23.06
1631660861, 0, 3, 2405, 2403, 310, 31.33%, 0, 0, 2, 203.79
1631660964, 0, 3, 2406, 2404, 310, 31.33%, 0, 0, 2, 21.82
1631661000, 0, 3, 2407, 2405, 310, 31.33%, 0, 0, 2, 116.94
1631661128, 0, 3, 2408, 2406, 310, 31.33%, 0, 0, 2, 118.23
1631661149, 0, 3, 2410, 2408, 310, 31.34%, 0, 0, 2, 159.36
1631661184, 0, 3, 2411, 2409, 310, 31.34%, 0, 0, 2, 21.22
1631661189, 0, 3, 2412, 2410, 310, 31.34%, 0, 0, 2, 22.40
1631661205, 0, 3, 2413, 2411, 310, 31.34%, 0, 0, 2, 282.93
1631661281, 0, 3, 2416, 2414, 310, 31.34%, 0, 0, 2, 107.67
1631661342, 0, 3, 2417, 2415, 310, 31.34%, 0, 0, 2, 23.09
1631661618, 0, 3, 2418, 2416, 310, 31.34%, 0, 0, 2, 20.99
1631662841, 0, 3, 2419, 2417, 310, 31.34%, 0, 0, 2, 20.68
1631663123, 0, 3, 2420, 2418, 310, 31.34%, 0, 0, 2, 18.43
1631663385, 0, 3, 2421, 2419, 310, 31.34%, 0, 0, 2, 21.02
1631663564, 0, 3, 2422, 2420, 310, 31.35%, 0, 0, 2, 20.81
1631663765, 0, 3, 2423, 2421, 310, 31.36%, 0, 0, 2, 21.05
1631663832, 0, 3, 2424, 2422, 310, 31.36%, 0, 0, 2, 19.96
1631663842, 0, 3, 2425, 2423, 310, 31.36%, 0, 0, 2, 19.11
1631663970, 0, 3, 2426, 2424, 310, 31.36%, 0, 0, 2, 20.54
1631663975, 0, 3, 2427, 2425, 310, 31.37%, 0, 0, 2, 20.79
1631664244, 0, 3, 2428, 2426, 310, 31.37%, 0, 0, 2, 20.29
1631665105, 0, 3, 2430, 2428, 310, 31.37%, 0, 0, 2, 20.77
1631665471, 0, 3, 2431, 2429, 310, 31.37%, 0, 0, 2, 20.39
1631665496, 0, 3, 2432, 2430, 310, 31.37%, 0, 0, 2, 20.71
1631666171, 0, 3, 2433, 2431, 310, 31.37%, 0, 0, 2, 20.63
1631666323, 0, 3, 2434, 2432, 310, 31.38%, 0, 0, 2, 20.66
1631666359, 0, 3, 2435, 2433, 310, 31.38%, 0, 0, 2, 20.81
1631666482, 0, 3, 2436, 2434, 310, 31.38%, 0, 0, 2, 24.36
1631666502, 0, 3, 2437, 2435, 310, 31.38%, 0, 0, 2, 19.71
1631667248, 0, 3, 2438, 2436, 310, 31.39%, 0, 0, 2, 20.79
1631668217, 0, 3, 2440, 2438, 310, 31.39%, 0, 0, 2, 20.80
1631669006, 0, 3, 2441, 2439, 310, 31.39%, 0, 0, 2, 19.71
1631669113, 0, 3, 2442, 2440, 310, 31.39%, 0, 0, 2, 20.13
1631673193, 0, 3, 2443, 2441, 310, 31.39%, 0, 0, 2, 20.79
1631673249, 0, 3, 2444, 2442, 310, 31.39%, 0, 0, 2, 20.75
1631673534, 0, 3, 2445, 2443, 310, 31.39%, 0, 0, 2, 31.48
1631673946, 0, 3, 2447, 2445, 310, 31.39%, 0, 0, 2, 20.72
1631674682, 0, 3, 2450, 2448, 310, 31.40%, 0, 0, 2, 20.64
1631674712, 0, 3, 2453, 2451, 310, 31.42%, 0, 0, 2, 20.66
1631674875, 0, 3, 2454, 2452, 310, 31.42%, 0, 0, 2, 20.55
1631674880, 0, 3, 2455, 2453, 310, 31.42%, 0, 0, 2, 20.66
1631674890, 0, 3, 2456, 2454, 310, 31.42%, 0, 0, 2, 20.40
1631674906, 0, 3, 2457, 2455, 310, 31.42%, 0, 0, 2, 20.53
1631675013, 0, 3, 2459, 2457, 310, 31.42%, 0, 0, 2, 20.21
1631675028, 0, 3, 2460, 2458, 310, 31.42%, 0, 0, 2, 20.45
1631675043, 0, 3, 2461, 2459, 310, 31.42%, 0, 0, 2, 19.98
1631675089, 0, 3, 2462, 2460, 310, 31.42%, 0, 0, 2, 22.43
1631675105, 0, 3, 2463, 2461, 310, 31.42%, 0, 0, 2, 19.88
1631675130, 0, 3, 2464, 2462, 310, 31.42%, 0, 0, 2, 19.77
1631675140, 0, 3, 2465, 2463, 310, 31.42%, 0, 0, 2, 19.55
1631675647, 0, 3, 2466, 2464, 310, 31.42%, 0, 0, 2, 20.22
1631675667, 0, 3, 2467, 2465, 310, 31.42%, 0, 0, 2, 19.85
1631675683, 0, 3, 2468, 2466, 310, 31.42%, 0, 0, 2, 19.49
1631675688, 0, 3, 2469, 2467, 310, 31.42%, 0, 0, 2, 19.66
1631675703, 0, 3, 2470, 2468, 310, 31.43%, 0, 0, 2, 19.45
1631676195, 0, 3, 2471, 2469, 310, 31.43%, 0, 0, 2, 2.69
1631677257, 0, 3, 2472, 2470, 310, 31.43%, 0, 0, 2, 20.58
1631680434, 0, 3, 2473, 2471, 310, 31.43%, 0, 0, 2, 19.37
1631680439, 0, 3, 2474, 2472, 310, 31.43%, 0, 0, 2, 20.10
1631680596, 0, 3, 2475, 2473, 310, 31.43%, 0, 0, 2, 23.15
1631680607, 0, 3, 2476, 2474, 310, 31.43%, 0, 0, 2, 29.57
1631680642, 0, 3, 2478, 2476, 310, 31.43%, 0, 0, 2, 20.80
1631680678, 0, 3, 2479, 2477, 310, 31.43%, 0, 0, 2, 21.04
1631680693, 0, 3, 2480, 2478, 310, 31.43%, 0, 0, 2, 54.35
1631680698, 0, 3, 2481, 2479, 310, 31.44%, 0, 0, 2, 68.58
1631680709, 0, 3, 2482, 2480, 310, 31.45%, 0, 0, 2, 20.89
1631680765, 0, 3, 2484, 2482, 310, 31.45%, 0, 0, 2, 24.33
1631680770, 0, 3, 2485, 2483, 310, 31.45%, 0, 0, 2, 42.48
1631680775, 0, 3, 2487, 2485, 310, 31.46%, 0, 0, 2, 148.00
1631680790, 0, 3, 2488, 2486, 310, 31.46%, 0, 0, 2, 34.66
1631680801, 0, 3, 2489, 2487, 310, 31.47%, 0, 0, 2, 13.00
1631680861, 0, 3, 2490, 2488, 310, 31.47%, 0, 0, 2, 391.81
1631680867, 0, 3, 2492, 2490, 310, 31.48%, 0, 0, 2, 24.42
1631680887, 0, 3, 2493, 2491, 310, 31.48%, 0, 0, 2, 20.68
1631680902, 0, 3, 2494, 2492, 310, 31.48%, 0, 0, 2, 280.39
1631681299, 0, 3, 2495, 2493, 310, 31.48%, 0, 0, 2, 20.54
1631682153, 0, 3, 2496, 2494, 310, 31.48%, 0, 0, 2, 23.83
1631682158, 0, 3, 2509, 2507, 310, 31.50%, 0, 0, 2, 122.57
1631682163, 0, 3, 2520, 2518, 310, 31.51%, 0, 0, 2, 53.41
1631682169, 0, 3, 2529, 2527, 310, 31.51%, 0, 0, 2, 58.39
1631682174, 0, 3, 2543, 2541, 310, 31.53%, 0, 0, 2, 2.68
1631682179, 0, 3, 2549, 2547, 310, 31.53%, 0, 0, 2, 2.65
1631682184, 0, 3, 2552, 2550, 310, 31.53%, 0, 0, 2, 2.61
1631682190, 0, 3, 2560, 2558, 310, 31.53%, 0, 0, 2, 48.45
1631682195, 0, 3, 2575, 2573, 310, 31.54%, 0, 0, 2, 52.51
1631682200, 0, 3, 2589, 2587, 310, 31.54%, 0, 0, 2, 51.45
1631682205, 0, 3, 2595, 2593, 310, 31.55%, 0, 0, 2, 2.71
1631682210, 0, 3, 2601, 2599, 310, 31.55%, 0, 0, 2, 2.77
1631682215, 0, 3, 2602, 2600, 310, 31.55%, 0, 0, 2, 2.96
1631682220, 0, 3, 2613, 2611, 310, 31.56%, 0, 0, 2, 49.69
1631682225, 0, 3, 2622, 2620, 310, 31.57%, 0, 0, 2, 36.33
1631682230, 0, 3, 2628, 2626, 310, 31.58%, 0, 0, 2, 30.70
1631682235, 0, 3, 2638, 2636, 310, 31.58%, 0, 0, 2, 44.60
1631682241, 0, 3, 2645, 2643, 310, 31.58%, 0, 0, 2, 53.48
1631682246, 0, 3, 2647, 2645, 310, 31.58%, 0, 0, 2, 2.73
1631682251, 0, 3, 2650, 2648, 310, 31.58%, 0, 0, 2, 2.68
1631682256, 0, 3, 2652, 2650, 310, 31.58%, 0, 0, 2, 2.72
1631682261, 0, 3, 2658, 2656, 310, 31.59%, 0, 0, 2, 41.72
1631682267, 0, 3, 2660, 2658, 310, 31.60%, 0, 0, 2, 2.60
1631682272, 0, 3, 2662, 2660, 310, 31.60%, 0, 0, 2, 2.67
1631682277, 0, 3, 2667, 2665, 310, 31.60%, 0, 0, 2, 52.48
1631682282, 0, 4, 2668, 2665, 546, 31.60%, 0, 0, 2, 336.60
1631682287, 0, 4, 2671, 2668, 546, 31.60%, 0, 0, 2, 335.18
1631682292, 0, 4, 2672, 2669, 546, 31.60%, 0, 0, 2, 336.55
1631682308, 0, 4, 2673, 2670, 546, 31.60%, 0, 0, 2, 337.94
1631682313, 0, 4, 2674, 2671, 546, 31.60%, 0, 0, 2, 332.41
1631682318, 0, 4, 2675, 2672, 546, 31.60%, 0, 0, 2, 334.13
1631682343, 0, 4, 2677, 2674, 546, 31.60%, 0, 0, 2, 335.05
1631682430, 0, 4, 2678, 2675, 546, 31.60%, 0, 0, 2, 336.50
1631682660, 0, 4, 2680, 2677, 546, 31.61%, 0, 0, 2, 334.64
1631684245, 0, 4, 2681, 2678, 546, 31.61%, 0, 0, 2, 332.87
1631684745, 0, 4, 2682, 2679, 546, 31.61%, 0, 0, 2, 321.53
1631684837, 0, 4, 2689, 2686, 546, 31.61%, 0, 0, 2, 332.76
1631684842, 0, 8, 2694, 2690, 550, 31.61%, 0, 0, 2, 274.24
1631684863, 0, 8, 2697, 2693, 550, 31.61%, 0, 0, 2, 117.89
1631684868, 0, 8, 2701, 2697, 550, 31.63%, 0, 0, 2, 106.26
1631684873, 0, 8, 2708, 2704, 550, 31.64%, 0, 0, 2, 105.01
1631684878, 0, 8, 2710, 2706, 550, 31.64%, 0, 0, 2, 100.96
1631684889, 0, 8, 2714, 2710, 550, 31.64%, 0, 0, 2, 95.95
1631684894, 0, 8, 2715, 2711, 550, 31.64%, 0, 0, 2, 86.82
1631684909, 0, 8, 2716, 2712, 550, 31.64%, 0, 0, 2, 84.42
1631684914, 0, 8, 2717, 2713, 550, 31.65%, 0, 0, 2, 84.43
1631684919, 0, 8, 2719, 2715, 550, 31.65%, 0, 0, 2, 83.48
1631684924, 0, 8, 2720, 2716, 550, 31.65%, 0, 0, 2, 83.81
1631684940, 0, 8, 2724, 2720, 550, 31.66%, 0, 0, 2, 87.33
1631684945, 0, 8, 2726, 2722, 550, 31.66%, 0, 0, 2, 94.18
1631684950, 0, 8, 2729, 2725, 550, 31.66%, 0, 0, 2, 116.63
1631684955, 0, 8, 2733, 2729, 550, 31.66%, 0, 0, 2, 92.92
1631684960, 0, 8, 2748, 2744, 550, 31.67%, 0, 0, 2, 88.04
1631684965, 0, 8, 2750, 2746, 550, 31.67%, 0, 0, 2, 84.95
1631684970, 0, 8, 2752, 2748, 550, 31.68%, 0, 0, 2, 85.98
1631684980, 0, 8, 2753, 2749, 550, 31.68%, 0, 0, 2, 83.91
1631684985, 0, 8, 2754, 2750, 550, 31.68%, 0, 0, 2, 83.36
1631684996, 0, 8, 2756, 2752, 550, 31.68%, 0, 0, 2, 82.40
1631685001, 0, 8, 2757, 2753, 550, 31.69%, 0, 0, 2, 81.42
1631685006, 0, 8, 2758, 2754, 550, 31.69%, 0, 0, 2, 81.93
1631685016, 0, 8, 2760, 2756, 550, 31.69%, 0, 0, 2, 83.66
1631685026, 0, 8, 2761, 2757, 550, 31.69%, 0, 0, 2, 83.92
1631685067, 0, 8, 2762, 2758, 550, 31.69%, 0, 0, 2, 84.30
1631685093, 0, 8, 2764, 2760, 550, 31.69%, 0, 0, 2, 83.55
1631685108, 0, 8, 2765, 2761, 550, 31.69%, 0, 0, 2, 83.77
1631685123, 0, 8, 2767, 2763, 550, 31.70%, 0, 0, 2, 84.19
1631685133, 0, 8, 2768, 2764, 550, 31.70%, 0, 0, 2, 83.71
1631685138, 0, 8, 2769, 2765, 550, 31.70%, 0, 0, 2, 83.79
1631685143, 0, 8, 2770, 2766, 550, 31.70%, 0, 0, 2, 83.49
1631685280, 0, 8, 2771, 2767, 550, 31.70%, 0, 0, 2, 83.17
1631685423, 0, 8, 2772, 2768, 550, 31.70%, 0, 0, 2, 84.26
1631685439, 0, 8, 2773, 2769, 550, 31.70%, 0, 0, 2, 89.06
1631685444, 0, 8, 2774, 2770, 550, 31.70%, 0, 0, 2, 87.75
1631685449, 0, 8, 2778, 2774, 550, 31.70%, 0, 0, 2, 86.54
1631685495, 0, 8, 2779, 2775, 550, 31.70%, 0, 0, 2, 87.82
1631685510, 0, 8, 2780, 2776, 550, 31.70%, 0, 0, 2, 85.09
1631685525, 0, 8, 2781, 2777, 550, 31.70%, 0, 0, 2, 83.64
1631685724, 0, 8, 2782, 2778, 550, 31.70%, 0, 0, 2, 84.17
1631685825, 0, 8, 2783, 2779, 550, 31.70%, 0, 0, 2, 84.03
1631686607, 0, 8, 2784, 2780, 550, 31.70%, 0, 0, 2, 84.63
1631686998, 0, 8, 2787, 2783, 550, 31.70%, 0, 0, 2, 85.35
1631687003, 0, 8, 2788, 2784, 550, 31.71%, 0, 0, 2, 116.00
1631687018, 0, 8, 2789, 2785, 550, 31.71%, 0, 0, 2, 95.26
1631687023, 0, 8, 2790, 2786, 550, 31.71%, 0, 0, 2, 115.63
1631687029, 0, 8, 2792, 2788, 550, 31.72%, 0, 0, 2, 89.64
1631687059, 0, 8, 2794, 2790, 550, 31.72%, 0, 0, 2, 84.56
1631687064, 0, 8, 2795, 2791, 550, 31.72%, 0, 0, 2, 83.42
1631687079, 0, 8, 2796, 2792, 550, 31.72%, 0, 0, 2, 86.14
1631687085, 0, 8, 2797, 2793, 550, 31.76%, 0, 0, 2, 92.07
1631687095, 0, 8, 2803, 2799, 550, 31.77%, 0, 0, 2, 89.90
1631687100, 0, 8, 2805, 2801, 550, 31.77%, 0, 0, 2, 86.05
1631687105, 0, 8, 2808, 2804, 550, 31.78%, 0, 0, 2, 87.05
1631687110, 0, 8, 2809, 2805, 550, 31.78%, 0, 0, 2, 83.33
1631687120, 0, 8, 2810, 2806, 550, 31.78%, 0, 0, 2, 84.71
1631687125, 0, 8, 2811, 2807, 550, 31.78%, 0, 0, 2, 84.82
1631687130, 0, 8, 2812, 2808, 550, 31.78%, 0, 0, 2, 83.88
1631687135, 0, 8, 2813, 2809, 550, 31.78%, 0, 0, 2, 83.20
1631687572, 0, 8, 2814, 2810, 550, 31.78%, 0, 0, 2, 89.80
1631687577, 0, 8, 2815, 2811, 550, 31.78%, 0, 0, 2, 86.71
1631687582, 0, 8, 2816, 2812, 550, 31.78%, 0, 0, 2, 87.10
1631687587, 0, 8, 2817, 2813, 550, 31.78%, 0, 0, 2, 85.96
1631687628, 0, 8, 2818, 2814, 550, 31.78%, 0, 0, 2, 88.37
1631689126, 0, 8, 2819, 2815, 550, 31.79%, 0, 0, 2, 125.46
1631689136, 0, 8, 2821, 2817, 550, 31.80%, 0, 0, 2, 109.11
1631689141, 0, 8, 2822, 2818, 550, 31.81%, 0, 0, 2, 103.21
1631689146, 0, 8, 2823, 2819, 550, 31.81%, 0, 0, 2, 137.69
1631689151, 0, 8, 2824, 2820, 550, 31.82%, 0, 0, 2, 97.88
1631689207, 0, 8, 2825, 2821, 550, 31.82%, 0, 0, 2, 95.10
1631689212, 0, 8, 2826, 2822, 550, 31.82%, 0, 0, 2, 101.89
1631689217, 0, 8, 2827, 2823, 550, 31.82%, 0, 0, 2, 90.27
1631689223, 0, 8, 2828, 2824, 550, 31.82%, 0, 0, 2, 85.56
1631689228, 0, 8, 2829, 2825, 550, 31.82%, 0, 0, 2, 86.97
1631689233, 0, 8, 2830, 2826, 550, 31.82%, 0, 0, 2, 85.16
1631689238, 0, 8, 2832, 2828, 550, 31.82%, 0, 0, 2, 83.30
1631689390, 0, 8, 2833, 2829, 550, 31.82%, 0, 0, 2, 83.93
1631689400, 0, 8, 2834, 2830, 550, 31.83%, 0, 0, 2, 83.53
1631690882, 0, 8, 2835, 2831, 550, 31.83%, 0, 0, 2, 83.83
1631691970, 0, 8, 2836, 2832, 550, 31.83%, 0, 0, 2, 84.10
1631691980, 0, 8, 2838, 2834, 550, 31.83%, 0, 0, 2, 202.85
1631692031, 0, 8, 2839, 2835, 550, 31.86%, 0, 0, 2, 103.29
1631692041, 0, 8, 2840, 2836, 550, 31.86%, 0, 0, 2, 98.61
1631692046, 0, 8, 2841, 2837, 550, 31.86%, 0, 0, 2, 104.24
1631692076, 0, 8, 2842, 2838, 550, 31.86%, 0, 0, 2, 122.29
1631692117, 0, 8, 2843, 2839, 550, 31.86%, 0, 0, 2, 147.84
1631692153, 0, 8, 2845, 2841, 550, 31.86%, 0, 0, 2, 84.38
1631692158, 0, 8, 2846, 2842, 550, 31.86%, 0, 0, 2, 82.68
1631692163, 0, 8, 2847, 2843, 550, 31.87%, 0, 0, 2, 84.10
1631692173, 0, 8, 2848, 2844, 550, 31.87%, 0, 0, 2, 84.35
1631692178, 0, 8, 2849, 2845, 550, 31.87%, 0, 0, 2, 83.58
1631692183, 0, 8, 2850, 2846, 550, 31.87%, 0, 0, 2, 83.90
1631692260, 0, 8, 2851, 2847, 550, 31.87%, 0, 0, 2, 84.22
1631692280, 0, 8, 2852, 2848, 550, 31.87%, 0, 0, 2, 85.17
1631692305, 0, 8, 2853, 2849, 550, 31.96%, 0, 0, 2, 85.36
1631692321, 0, 8, 2854, 2850, 550, 31.96%, 0, 0, 2, 85.06
1631692464, 0, 8, 2855, 2851, 550, 31.96%, 0, 0, 2, 88.99
1631692484, 0, 8, 2856, 2852, 550, 31.96%, 0, 0, 2, 84.45
1631692489, 0, 8, 2857, 2853, 550, 31.96%, 0, 0, 2, 80.67
1631692494, 0, 8, 2858, 2854, 550, 31.96%, 0, 0, 2, 102.29
1631692510, 0, 8, 2859, 2855, 550, 31.96%, 0, 0, 2, 92.03
1631692525, 0, 8, 2860, 2856, 550, 31.96%, 0, 0, 2, 158.34
1631692535, 0, 8, 2862, 2858, 550, 31.97%, 0, 0, 2, 160.27
1631692540, 0, 8, 2866, 2862, 550, 31.97%, 0, 0, 2, 100.26
1631692545, 0, 8, 2870, 2866, 550, 31.97%, 0, 0, 2, 88.10
1631692571, 0, 8, 2871, 2867, 550, 31.98%, 0, 0, 2, 84.42
1631692576, 0, 8, 2884, 2880, 550, 32.00%, 0, 0, 2, 85.84
1631692581, 0, 8, 2885, 2881, 550, 32.00%, 0, 0, 2, 84.64
1631692591, 0, 8, 2893, 2889, 550, 32.02%, 0, 0, 2, 86.86
1631692596, 0, 8, 2902, 2898, 550, 32.03%, 0, 0, 2, 85.58
1631692602, 0, 8, 2909, 2905, 550, 32.04%, 0, 0, 2, 84.90
1631692617, 0, 8, 2918, 2914, 550, 32.06%, 0, 0, 2, 84.11
1631692622, 0, 8, 2921, 2917, 550, 32.06%, 0, 0, 2, 84.61
1631692653, 0, 8, 2922, 2918, 550, 32.06%, 0, 0, 2, 84.79
1631692668, 0, 8, 2924, 2920, 550, 32.07%, 0, 0, 2, 85.50
1631692688, 0, 8, 2927, 2923, 550, 32.07%, 0, 0, 2, 84.02
1631692876, 0, 8, 2928, 2924, 550, 32.07%, 0, 0, 2, 82.47
1631692897, 0, 8, 2929, 2925, 550, 32.07%, 0, 0, 2, 83.96
1631693050, 0, 8, 2930, 2926, 550, 32.08%, 0, 0, 2, 84.70
1631693298, 0, 8, 2931, 2927, 550, 32.08%, 0, 0, 2, 84.57
1631693334, 0, 8, 2932, 2928, 550, 32.08%, 0, 0, 2, 84.51
1631693658, 0, 8, 2933, 2929, 550, 32.08%, 0, 0, 2, 84.15
1631693938, 0, 8, 2934, 2930, 550, 32.08%, 0, 0, 2, 84.07
1631694710, 0, 8, 2935, 2931, 550, 32.08%, 0, 0, 2, 83.74
1631695485, 0, 8, 2936, 2932, 550, 32.08%, 0, 0, 2, 86.72
1631695500, 0, 8, 2937, 2933, 550, 32.08%, 0, 0, 2, 89.05
1631695505, 0, 8, 2938, 2934, 550, 32.08%, 0, 0, 2, 85.85
1631695520, 0, 8, 2940, 2936, 550, 32.08%, 0, 0, 2, 89.40
1631695556, 0, 8, 2942, 2938, 550, 32.08%, 0, 0, 2, 85.79
1631695612, 0, 8, 2943, 2939, 550, 32.08%, 0, 0, 2, 88.99
1631696600, 0, 8, 2944, 2940, 550, 32.08%, 0, 0, 2, 85.90
1631705900, 0, 8, 2945, 2941, 550, 32.08%, 0, 0, 2, 92.56
1631705941, 0, 8, 2946, 2942, 550, 32.09%, 0, 0, 2, 85.88
1631707157, 0, 8, 2947, 2943, 550, 32.09%, 0, 0, 2, 84.26
1631707346, 0, 8, 2948, 2944, 550, 32.09%, 0, 0, 2, 94.27
1631707362, 0, 8, 2951, 2947, 550, 32.09%, 0, 0, 2, 82.96
1631707367, 0, 8, 2952, 2948, 550, 32.10%, 0, 0, 2, 86.29
1631707372, 0, 8, 2953, 2949, 550, 32.10%, 0, 0, 2, 84.13
1631707448, 0, 8, 2954, 2950, 550, 32.10%, 0, 0, 2, 84.69
1631708516, 0, 8, 2955, 2951, 550, 32.10%, 0, 0, 2, 86.12
1631713214, 0, 8, 2956, 2952, 550, 32.10%, 0, 0, 2, 83.17
1631713330, 0, 8, 2957, 2953, 550, 32.10%, 0, 0, 2, 82.77
1631713335, 0, 8, 2958, 2954, 550, 32.11%, 0, 0, 2, 83.79
1631713381, 0, 8, 2959, 2955, 550, 32.11%, 0, 0, 2, 82.27
1631713386, 0, 8, 2960, 2956, 550, 32.11%, 0, 0, 2, 82.93
1631721695, 0, 8, 2962, 2958, 550, 32.11%, 0, 0, 2, 85.13
1631721700, 0, 8, 2963, 2959, 550, 32.11%, 0, 0, 2, 86.24
1631721731, 0, 8, 2965, 2961, 550, 32.11%, 0, 0, 2, 131.41
1631721751, 0, 8, 2966, 2962, 550, 32.11%, 0, 0, 2, 125.69
1631721782, 0, 8, 2967, 2963, 550, 32.11%, 0, 0, 2, 125.49
1631721940, 0, 8, 2968, 2964, 550, 32.11%, 0, 0, 2, 82.28
1631722133, 0, 8, 2969, 2965, 550, 32.11%, 0, 0, 2, 100.47
1631722230, 0, 8, 2970, 2966, 550, 32.11%, 0, 0, 2, 86.59
1631724962, 0, 8, 2971, 2967, 550, 32.11%, 0, 0, 2, 88.13
1631725171, 0, 8, 2972, 2968, 550, 32.11%, 0, 0, 2, 93.26
1631725949, 0, 8, 2973, 2969, 550, 32.12%, 0, 0, 2, 85.97
