# unix_time, cycles_done, cur_path, paths_total, pending_total, pending_favs, map_size, unique_crashes, unique_hangs, max_depth, execs_per_sec
1630602187, 0, 0, 25, 25, 24, 27.32%, 0, 0, 1, 19.03
1630602192, 0, 0, 27, 27, 24, 27.32%, 0, 0, 2, 252.61
1630602197, 0, 0, 32, 32, 24, 27.32%, 0, 0, 2, 355.16
1630602207, 0, 0, 38, 38, 24, 27.32%, 0, 0, 2, 381.63
1630602217, 0, 0, 62, 62, 24, 27.33%, 0, 0, 2, 382.24
1630602222, 0, 0, 94, 94, 24, 27.33%, 0, 0, 2, 383.80
1630602227, 0, 0, 116, 116, 24, 27.33%, 0, 0, 2, 381.75
1630602233, 0, 0, 118, 118, 24, 27.33%, 0, 0, 2, 380.57
1630602253, 0, 0, 119, 119, 24, 27.33%, 0, 0, 2, 380.17
1630602278, 0, 0, 127, 127, 24, 27.33%, 0, 0, 2, 380.58
1630602283, 0, 0, 140, 140, 24, 27.33%, 0, 0, 2, 380.38
1630602288, 0, 0, 165, 165, 24, 27.33%, 0, 0, 2, 381.49
1630602293, 0, 0, 169, 169, 24, 27.33%, 0, 0, 2, 381.41
1630602298, 0, 0, 170, 170, 24, 27.33%, 0, 0, 2, 382.47
1630602309, 0, 0, 171, 171, 24, 27.33%, 0, 0, 2, 380.98
1630602314, 0, 0, 172, 172, 24, 27.33%, 0, 0, 2, 380.38
1630602319, 0, 0, 173, 173, 24, 27.33%, 0, 0, 2, 379.44
1630602324, 0, 0, 177, 177, 24, 28.07%, 0, 0, 2, 357.10
1630602369, 0, 0, 178, 178, 24, 28.07%, 0, 0, 2, 332.52
1630602374, 0, 0, 179, 179, 24, 28.07%, 0, 0, 2, 371.88
1630602380, 0, 0, 182, 182, 24, 28.07%, 0, 0, 2, 378.35
1630602390, 0, 0, 184, 184, 24, 28.07%, 0, 0, 2, 381.37
1630602405, 0, 0, 186, 186, 24, 28.07%, 0, 0, 2, 381.61
1630602410, 0, 0, 194, 194, 24, 28.07%, 0, 0, 2, 382.98
1630602415, 0, 0, 196, 196, 24, 28.07%, 0, 0, 2, 355.67
1630602466, 0, 0, 198, 198, 24, 28.08%, 0, 0, 2, 350.06
1630602471, 0, 0, 203, 203, 24, 28.08%, 0, 0, 2, 346.08
1630602476, 0, 0, 204, 204, 24, 28.08%, 0, 0, 2, 370.18
1630602481, 0, 0, 206, 206, 24, 28.08%, 0, 0, 2, 373.90
1630602496, 0, 0, 207, 207, 24, 28.08%, 0, 0, 2, 369.99
1630602501, 0, 0, 219, 219, 24, 28.10%, 0, 0, 2, 269.27
1630602506, 0, 0, 254, 254, 24, 28.13%, 0, 0, 2, 251.39
1630602512, 0, 0, 267, 267, 24, 28.14%, 0, 0, 2, 255.16
1630602517, 0, 0, 268, 268, 24, 28.14%, 0, 0, 2, 349.89
1630602562, 0, 0, 273, 273, 24, 28.15%, 0, 0, 2, 366.45
1630602567, 0, 0, 412, 412, 24, 28.37%, 0, 0, 2, 343.44
1630602573, 0, 0, 489, 489, 24, 28.48%, 0, 0, 2, 328.13
1630602578, 0, 0, 545, 545, 24, 28.54%, 0, 0, 2, 314.73
1630602583, 0, 0, 583, 583, 24, 28.61%, 0, 0, 2, 315.67
1630602588, 0, 0, 584, 584, 24, 28.61%, 0, 0, 2, 369.51
1630602598, 0, 0, 586, 586, 24, 28.61%, 0, 0, 2, 380.34
1630602608, 0, 0, 588, 588, 24, 28.61%, 0, 0, 2, 380.15
1630602613, 0, 0, 590, 590, 24, 28.61%, 0, 0, 2, 380.66
1630602618, 0, 0, 591, 591, 24, 28.61%, 0, 0, 2, 380.59
1630602623, 0, 0, 593, 593, 24, 28.61%, 0, 0, 2, 382.32
1630602679, 0, 0, 594, 594, 24, 28.61%, 0, 0, 2, 383.93
1630602684, 0, 0, 599, 599, 24, 28.61%, 0, 0, 2, 383.33
1630602694, 0, 0, 600, 600, 24, 28.61%, 0, 0, 2, 383.39
1630602775, 0, 0, 601, 601, 24, 28.61%, 0, 0, 2, 377.66
1630602872, 0, 0, 602, 602, 24, 28.61%, 0, 0, 2, 372.01
1630602897, 0, 0, 605, 605, 24, 28.61%, 0, 0, 2, 276.71
1630602902, 0, 0, 609, 609, 24, 28.61%, 0, 0, 2, 274.88
1630602907, 0, 0, 612, 612, 24, 28.61%, 0, 0, 2, 302.21
1630602958, 0, 0, 627, 627, 24, 28.63%, 0, 0, 2, 348.63
1630602963, 0, 0, 671, 671, 24, 28.66%, 0, 0, 2, 349.87
1630602968, 0, 0, 684, 684, 24, 28.67%, 0, 0, 2, 294.04
1630602973, 0, 0, 689, 689, 24, 28.67%, 0, 0, 2, 357.01
1630602978, 0, 0, 691, 691, 24, 28.67%, 0, 0, 2, 376.21
1630602983, 0, 0, 697, 697, 24, 28.67%, 0, 0, 2, 380.69
1630603013, 0, 0, 699, 699, 24, 28.67%, 0, 0, 2, 378.26
1630603069, 0, 0, 701, 701, 24, 28.67%, 0, 0, 2, 383.67
1630603190, 0, 0, 702, 702, 24, 28.67%, 0, 0, 2, 382.62
1630603251, 0, 0, 703, 703, 24, 28.67%, 0, 0, 2, 349.89
1630603286, 0, 0, 708, 708, 24, 28.68%, 0, 0, 2, 249.91
1630603291, 0, 0, 711, 711, 24, 28.69%, 0, 0, 2, 250.49
1630603297, 0, 0, 712, 712, 24, 28.69%, 0, 0, 2, 338.22
1630603347, 0, 0, 749, 749, 24, 28.73%, 0, 0, 2, 290.51
1630603352, 0, 0, 759, 759, 24, 28.74%, 0, 0, 2, 331.17
1630603357, 0, 0, 766, 766, 24, 28.76%, 0, 0, 2, 322.55
1630603362, 0, 0, 767, 767, 24, 28.76%, 0, 0, 2, 371.41
1630603413, 0, 0, 772, 772, 24, 28.77%, 0, 0, 2, 354.46
1630603423, 0, 0, 773, 773, 24, 28.77%, 0, 0, 2, 377.13
1630603428, 0, 0, 780, 780, 24, 28.77%, 0, 0, 2, 318.41
1630603433, 0, 0, 781, 781, 24, 28.77%, 0, 0, 2, 364.21
1630603438, 0, 0, 782, 782, 24, 28.77%, 0, 0, 2, 371.21
1630603449, 0, 0, 798, 798, 24, 28.78%, 0, 0, 2, 333.41
1630603454, 0, 0, 805, 805, 24, 28.78%, 0, 0, 2, 372.61
1630603464, 0, 0, 806, 806, 24, 28.78%, 0, 0, 2, 382.13
1630603474, 0, 0, 807, 807, 24, 28.78%, 0, 0, 2, 385.12
1630603539, 0, 0, 810, 810, 24, 28.78%, 0, 0, 2, 383.14
1630603600, 0, 0, 812, 812, 24, 28.78%, 0, 0, 2, 382.24
1630603605, 0, 0, 814, 814, 24, 28.79%, 0, 0, 2, 382.69
1630603615, 0, 0, 816, 816, 24, 28.79%, 0, 0, 2, 382.07
1630603625, 0, 0, 818, 818, 24, 28.79%, 0, 0, 2, 383.24
1630603635, 0, 0, 819, 819, 24, 28.79%, 0, 0, 2, 386.18
1630603640, 0, 0, 821, 821, 24, 28.79%, 0, 0, 2, 385.72
1630603686, 0, 0, 823, 823, 24, 28.79%, 0, 0, 2, 384.83
1630603696, 0, 0, 825, 825, 24, 28.79%, 0, 0, 2, 383.00
1630603701, 0, 0, 826, 826, 24, 28.79%, 0, 0, 2, 383.03
1630603837, 0, 0, 827, 827, 24, 28.79%, 0, 0, 2, 231.72
1630603883, 0, 0, 828, 828, 24, 28.79%, 0, 0, 2, 382.20
1630603984, 0, 0, 830, 830, 24, 28.80%, 0, 0, 2, 383.17
1630604050, 0, 0, 831, 831, 24, 28.80%, 0, 0, 2, 357.61
1630604162, 0, 0, 837, 837, 24, 28.80%, 0, 0, 2, 229.19
1630604172, 0, 0, 840, 840, 24, 28.80%, 0, 0, 2, 226.37
1630604188, 0, 0, 843, 843, 24, 28.80%, 0, 0, 2, 241.76
1630604193, 0, 0, 844, 844, 24, 28.80%, 0, 0, 2, 310.13
1630604198, 0, 0, 845, 845, 24, 28.81%, 0, 0, 2, 279.49
1630604203, 0, 0, 847, 847, 24, 28.82%, 0, 0, 2, 207.26
1630604208, 0, 0, 848, 848, 24, 28.84%, 0, 0, 2, 206.78
1630604218, 0, 0, 849, 849, 24, 28.84%, 0, 0, 2, 276.54
1630604234, 0, 0, 850, 850, 24, 28.84%, 0, 0, 2, 346.31
1630604239, 0, 0, 852, 852, 24, 28.85%, 0, 0, 2, 347.36
1630604249, 0, 0, 863, 863, 24, 28.88%, 0, 0, 2, 310.28
1630604254, 0, 0, 875, 875, 24, 28.91%, 0, 0, 2, 317.31
1630604259, 0, 0, 894, 894, 24, 28.92%, 0, 0, 2, 321.92
1630604264, 0, 0, 916, 916, 24, 28.94%, 0, 0, 2, 240.55
1630604269, 0, 0, 925, 925, 24, 28.96%, 0, 0, 2, 213.67
1630604274, 0, 0, 928, 928, 24, 28.97%, 0, 0, 2, 351.59
1630604279, 0, 0, 930, 930, 24, 28.97%, 0, 0, 2, 386.02
1630604284, 0, 0, 938, 938, 24, 28.97%, 0, 0, 2, 406.74
1630604290, 0, 0, 945, 945, 24, 28.98%, 0, 0, 2, 359.82
1630604300, 0, 0, 946, 946, 24, 28.98%, 0, 0, 2, 346.86
1630604305, 0, 0, 950, 950, 24, 28.99%, 0, 0, 2, 310.29
1630604310, 0, 0, 951, 951, 24, 28.99%, 0, 0, 2, 201.08
1630604315, 0, 0, 954, 954, 24, 28.99%, 0, 0, 2, 264.94
1630604320, 0, 0, 957, 957, 24, 29.01%, 0, 0, 2, 287.85
1630604325, 0, 0, 959, 959, 24, 29.01%, 0, 0, 2, 329.59
1630604330, 0, 0, 963, 963, 24, 29.01%, 0, 0, 2, 362.68
1630604371, 0, 0, 965, 965, 24, 29.01%, 0, 0, 2, 351.33
1630604588, 0, 0, 978, 978, 24, 29.02%, 0, 0, 2, 283.35
1630604594, 0, 0, 980, 980, 24, 29.02%, 0, 0, 2, 335.73
1630604755, 0, 0, 981, 981, 24, 29.03%, 0, 0, 2, 383.05
1630604826, 0, 0, 996, 996, 24, 29.03%, 0, 0, 2, 326.96
1630605137, 0, 0, 997, 997, 24, 29.03%, 0, 0, 2, 307.06
1630605157, 0, 0, 998, 998, 24, 29.03%, 0, 0, 2, 208.93
1630605198, 0, 0, 1009, 1009, 24, 29.04%, 0, 0, 2, 322.43
1630605203, 0, 0, 1029, 1029, 24, 29.05%, 0, 0, 2, 251.37
1630605213, 0, 0, 1031, 1031, 24, 29.05%, 0, 0, 2, 386.71
1630605219, 0, 0, 1032, 1032, 24, 29.05%, 0, 0, 2, 332.35
1630605224, 0, 0, 1033, 1033, 24, 29.05%, 0, 0, 2, 261.25
1630605234, 0, 0, 1034, 1034, 24, 29.05%, 0, 0, 2, 315.83
1630605386, 0, 0, 1035, 1035, 24, 29.05%, 0, 0, 2, 382.83
1630605759, 0, 0, 1036, 1036, 24, 29.05%, 0, 0, 2, 156.39
1630605795, 0, 0, 1037, 1037, 24, 29.05%, 0, 0, 2, 183.31
1630605810, 0, 0, 1038, 1038, 24, 29.06%, 0, 0, 2, 169.08
1630605846, 0, 0, 1046, 1046, 24, 29.08%, 0, 0, 2, 321.20
1630605851, 0, 0, 1052, 1052, 24, 29.08%, 0, 0, 2, 317.79
1630605856, 0, 0, 1057, 1057, 24, 29.08%, 0, 0, 2, 316.62
1630605861, 0, 0, 1064, 1064, 24, 29.09%, 0, 0, 2, 206.21
1630605866, 0, 0, 1070, 1070, 24, 29.09%, 0, 0, 2, 345.39
1630605902, 0, 0, 1072, 1072, 24, 29.09%, 0, 0, 2, 259.05
1630605943, 0, 0, 1073, 1073, 24, 29.09%, 0, 0, 2, 385.35
1630606074, 0, 0, 1074, 1074, 24, 29.09%, 0, 0, 2, 383.95
1630606079, 0, 0, 1075, 1075, 24, 29.10%, 0, 0, 2, 383.67
1630606109, 0, 0, 1076, 1076, 24, 29.10%, 0, 0, 2, 385.10
1630606115, 0, 0, 1079, 1079, 24, 29.10%, 0, 0, 2, 389.84
1630606140, 0, 0, 1081, 1081, 24, 29.11%, 0, 0, 2, 376.45
1630606176, 0, 0, 1082, 1082, 24, 29.11%, 0, 0, 2, 382.55
1630606227, 0, 0, 1083, 1083, 24, 29.11%, 0, 0, 2, 386.50
1630606298, 0, 0, 1085, 1085, 24, 29.12%, 0, 0, 2, 373.53
1630606304, 0, 0, 1086, 1086, 24, 29.12%, 0, 0, 2, 319.33
1630606314, 0, 0, 1087, 1087, 24, 29.14%, 0, 0, 2, 325.47
1630606614, 0, 0, 1088, 1088, 24, 29.14%, 0, 0, 2, 168.91
1630606624, 0, 0, 1089, 1089, 24, 29.14%, 0, 0, 2, 151.88
1630606629, 0, 0, 1091, 1091, 24, 29.14%, 0, 0, 2, 168.40
1630606634, 0, 0, 1093, 1093, 24, 29.23%, 0, 0, 2, 200.47
1630606639, 0, 0, 1095, 1095, 24, 29.23%, 0, 0, 2, 154.24
1630606660, 0, 0, 1104, 1104, 24, 29.24%, 0, 0, 2, 170.68
1630606675, 0, 0, 1105, 1105, 24, 29.24%, 0, 0, 2, 174.84
1630606721, 0, 0, 1120, 1120, 24, 29.24%, 0, 0, 2, 311.72
1630606726, 0, 0, 1126, 1126, 24, 29.24%, 0, 0, 2, 309.87
1630606731, 0, 0, 1136, 1136, 24, 29.24%, 0, 0, 2, 310.04
1630606736, 0, 0, 1152, 1152, 24, 29.30%, 0, 0, 2, 199.33
1630606741, 0, 0, 1166, 1166, 24, 29.31%, 0, 0, 2, 287.49
1630606757, 0, 0, 1170, 1170, 24, 29.31%, 0, 0, 2, 362.74
1630606762, 0, 0, 1174, 1174, 24, 29.32%, 0, 0, 2, 268.15
1630606772, 0, 0, 1177, 1177, 24, 29.32%, 0, 0, 2, 278.26
1630606777, 0, 0, 1178, 1178, 24, 29.32%, 0, 0, 2, 227.05
1630606782, 0, 0, 1181, 1181, 24, 29.32%, 0, 0, 2, 291.34
1630606787, 0, 0, 1185, 1185, 24, 29.32%, 0, 0, 2, 258.63
1630606792, 0, 0, 1186, 1186, 24, 29.32%, 0, 0, 2, 327.54
1630606828, 0, 0, 1191, 1191, 24, 29.32%, 0, 0, 2, 382.05
1630606833, 0, 0, 1265, 1265, 24, 29.39%, 0, 0, 2, 263.93
1630606838, 0, 0, 1332, 1332, 24, 29.46%, 0, 0, 2, 213.65
1630606843, 0, 0, 1389, 1389, 24, 29.48%, 0, 0, 2, 194.52
1630606848, 0, 0, 1444, 1444, 24, 29.94%, 0, 0, 2, 199.33
1630606853, 0, 0, 1490, 1490, 24, 29.95%, 0, 0, 2, 204.00
1630606858, 0, 1, 1492, 1491, 291, 29.95%, 0, 0, 2, 392.21
1630606873, 0, 1, 1498, 1497, 291, 29.95%, 0, 0, 2, 441.89
1630606894, 0, 1, 1499, 1498, 291, 29.95%, 0, 0, 2, 443.69
1630606904, 0, 1, 1502, 1501, 291, 29.95%, 0, 0, 2, 443.72
1630606909, 0, 1, 1506, 1505, 291, 29.95%, 0, 0, 2, 444.25
1630606920, 0, 1, 1513, 1512, 291, 29.95%, 0, 0, 2, 443.51
1630606930, 0, 1, 1524, 1523, 291, 29.95%, 0, 0, 2, 443.23
1630606935, 0, 1, 1525, 1524, 291, 29.95%, 0, 0, 2, 443.84
1630606940, 0, 1, 1527, 1526, 291, 29.95%, 0, 0, 2, 445.06
1630606945, 0, 1, 1536, 1535, 291, 29.95%, 0, 0, 2, 444.36
1630606950, 0, 1, 1541, 1540, 291, 29.95%, 0, 0, 2, 444.32
1630606956, 0, 1, 1542, 1541, 291, 29.95%, 0, 0, 2, 443.25
1630606961, 0, 1, 1544, 1543, 291, 29.95%, 0, 0, 2, 443.18
1630606966, 0, 1, 1546, 1545, 291, 29.95%, 0, 0, 2, 443.37
1630607115, 0, 1, 1547, 1546, 291, 29.95%, 0, 0, 2, 447.21
1630607198, 0, 1, 1548, 1547, 291, 29.96%, 0, 0, 2, 445.88
1630607244, 0, 1, 1549, 1548, 291, 29.96%, 0, 0, 2, 445.03
1630607270, 0, 1, 1550, 1549, 291, 29.96%, 0, 0, 2, 445.80
1630607280, 0, 1, 1551, 1550, 291, 29.96%, 0, 0, 2, 445.49
1630607291, 0, 1, 1553, 1552, 291, 29.96%, 0, 0, 2, 446.60
1630607301, 0, 1, 1555, 1554, 291, 29.96%, 0, 0, 2, 444.74
1630607368, 0, 1, 1556, 1555, 291, 29.96%, 0, 0, 2, 442.76
1630607409, 0, 1, 1557, 1556, 291, 29.97%, 0, 0, 2, 442.59
1630607434, 0, 1, 1558, 1557, 291, 29.97%, 0, 0, 2, 441.38
1630607485, 0, 1, 1559, 1558, 291, 29.97%, 0, 0, 2, 442.62
1630607511, 0, 1, 1560, 1559, 291, 29.97%, 0, 0, 2, 444.80
1630607552, 0, 1, 1562, 1561, 291, 29.97%, 0, 0, 2, 442.94
1630607573, 0, 1, 1563, 1562, 291, 29.97%, 0, 0, 2, 443.14
1630607630, 0, 1, 1565, 1564, 291, 29.97%, 0, 0, 2, 443.10
1630607635, 0, 1, 1566, 1565, 291, 29.97%, 0, 0, 2, 442.35
1630607650, 0, 1, 1567, 1566, 291, 29.97%, 0, 0, 2, 442.48
1630607676, 0, 1, 1568, 1567, 291, 29.97%, 0, 0, 2, 444.91
1630607681, 0, 1, 1570, 1569, 291, 29.97%, 0, 0, 2, 445.16
1630607727, 0, 1, 1571, 1570, 291, 29.97%, 0, 0, 2, 442.18
1630608158, 0, 1, 1572, 1571, 291, 29.97%, 0, 0, 2, 444.53
1630608225, 0, 1, 1574, 1573, 291, 29.97%, 0, 0, 2, 446.99
1630608301, 0, 1, 1575, 1574, 291, 29.97%, 0, 0, 2, 442.68
1630608374, 0, 1, 1579, 1578, 291, 29.97%, 0, 0, 2, 443.67
1630608487, 0, 1, 1580, 1579, 291, 29.97%, 0, 0, 2, 444.07
1630608569, 0, 1, 1584, 1583, 291, 29.97%, 0, 0, 2, 449.03
1630608574, 0, 1, 1586, 1585, 291, 29.97%, 0, 0, 2, 447.65
1630608615, 0, 1, 1587, 1586, 291, 29.97%, 0, 0, 2, 434.88
1630608620, 0, 1, 1592, 1591, 291, 29.97%, 0, 0, 2, 441.45
1630608626, 0, 3, 1631, 1629, 302, 29.98%, 0, 0, 2, 420.48
1630608682, 0, 3, 1633, 1631, 302, 29.98%, 0, 0, 2, 30.32
1630608687, 0, 3, 1638, 1636, 302, 29.99%, 0, 0, 2, 28.29
1630608692, 0, 3, 1642, 1640, 302, 30.00%, 0, 0, 2, 28.62
1630608697, 0, 3, 1644, 1642, 302, 30.00%, 0, 0, 2, 30.26
1630608702, 0, 3, 1645, 1643, 302, 30.00%, 0, 0, 2, 28.20
1630608707, 0, 3, 1651, 1649, 302, 30.01%, 0, 0, 2, 28.80
1630608713, 0, 3, 1659, 1657, 302, 30.01%, 0, 0, 2, 31.73
1630608718, 0, 3, 1663, 1661, 302, 30.01%, 0, 0, 2, 29.55
1630608723, 0, 3, 1665, 1663, 302, 30.01%, 0, 0, 2, 28.03
1630608728, 0, 3, 1668, 1666, 302, 30.01%, 0, 0, 2, 28.16
1630608733, 0, 3, 1671, 1669, 302, 30.01%, 0, 0, 2, 30.44
1630608743, 0, 3, 1673, 1671, 302, 30.01%, 0, 0, 2, 29.41
1630608748, 0, 3, 1676, 1674, 302, 30.02%, 0, 0, 2, 27.36
1630608753, 0, 3, 1678, 1676, 302, 30.02%, 0, 0, 2, 27.30
1630608758, 0, 3, 1679, 1677, 302, 30.02%, 0, 0, 2, 27.33
1630608763, 0, 3, 1680, 1678, 302, 30.02%, 0, 0, 2, 28.09
1630608778, 0, 3, 1681, 1679, 302, 30.02%, 0, 0, 2, 27.68
1630608808, 0, 3, 1683, 1681, 302, 30.02%, 0, 0, 2, 27.96
1630608813, 0, 3, 1684, 1682, 302, 30.02%, 0, 0, 2, 27.55
1630608819, 0, 3, 1685, 1683, 302, 30.02%, 0, 0, 2, 29.43
1630608844, 0, 3, 1686, 1684, 302, 30.31%, 0, 0, 2, 27.65
1630608860, 0, 3, 1687, 1685, 302, 30.31%, 0, 0, 2, 3.92
1630608865, 0, 3, 1688, 1686, 302, 30.31%, 0, 0, 2, 3.75
1630608876, 0, 3, 1689, 1687, 302, 30.31%, 0, 0, 2, 3.68
1630608881, 0, 3, 1690, 1688, 302, 30.31%, 0, 0, 2, 3.66
1630608901, 0, 3, 1692, 1690, 302, 30.32%, 0, 0, 2, 27.65
1630608906, 0, 3, 1695, 1693, 302, 30.33%, 0, 0, 2, 27.57
1630608921, 0, 3, 1696, 1694, 302, 30.33%, 0, 0, 2, 27.55
1630608931, 0, 3, 1698, 1696, 302, 30.34%, 0, 0, 2, 27.48
1630608941, 0, 3, 1699, 1697, 302, 30.34%, 0, 0, 2, 27.53
1630608966, 0, 3, 1700, 1698, 302, 30.34%, 0, 0, 2, 27.68
1630608987, 0, 3, 1701, 1699, 302, 30.34%, 0, 0, 2, 27.65
1630608998, 0, 3, 1702, 1700, 302, 30.34%, 0, 0, 2, 27.62
1630609013, 0, 3, 1703, 1701, 302, 30.34%, 0, 0, 2, 27.55
1630609127, 0, 3, 1707, 1705, 302, 30.34%, 0, 0, 2, 27.82
1630609132, 0, 3, 1709, 1707, 302, 30.35%, 0, 0, 2, 27.86
1630609137, 0, 3, 1711, 1709, 302, 30.35%, 0, 0, 2, 27.91
1630609143, 0, 3, 1712, 1710, 302, 30.35%, 0, 0, 2, 27.79
1630609148, 0, 3, 1716, 1714, 302, 30.35%, 0, 0, 2, 27.83
1630609168, 0, 3, 1717, 1715, 302, 30.36%, 0, 0, 2, 27.84
1630609174, 0, 3, 1718, 1716, 302, 30.36%, 0, 0, 2, 27.87
1630609179, 0, 3, 1719, 1717, 302, 30.37%, 0, 0, 2, 27.84
1630609200, 0, 3, 1722, 1720, 302, 30.37%, 0, 0, 2, 27.84
1630609205, 0, 3, 1729, 1727, 302, 30.37%, 0, 0, 2, 60.74
1630609210, 0, 3, 1736, 1734, 302, 30.38%, 0, 0, 2, 35.59
1630609215, 0, 3, 1747, 1745, 302, 30.38%, 0, 0, 2, 30.28
1630609220, 0, 3, 1760, 1758, 302, 30.39%, 0, 0, 2, 27.92
1630609225, 0, 3, 1765, 1763, 302, 30.41%, 0, 0, 2, 27.90
1630609230, 0, 3, 1777, 1775, 302, 30.41%, 0, 0, 2, 27.54
1630609236, 0, 3, 1789, 1787, 302, 30.43%, 0, 0, 2, 28.05
1630609241, 0, 3, 1800, 1798, 302, 30.44%, 0, 0, 2, 27.55
1630609246, 0, 3, 1809, 1807, 302, 30.45%, 0, 0, 2, 27.65
1630609251, 0, 3, 1818, 1816, 302, 30.46%, 0, 0, 2, 27.65
1630609256, 0, 3, 1827, 1825, 302, 30.47%, 0, 0, 2, 27.81
1630609261, 0, 3, 1834, 1832, 302, 30.47%, 0, 0, 2, 27.92
1630609266, 0, 3, 1841, 1839, 302, 30.47%, 0, 0, 2, 27.72
1630609271, 0, 3, 1847, 1845, 302, 30.47%, 0, 0, 2, 27.98
1630609276, 0, 3, 1855, 1853, 302, 30.47%, 0, 0, 2, 27.87
1630609281, 0, 3, 1862, 1860, 302, 30.47%, 0, 0, 2, 28.16
1630609286, 0, 3, 1868, 1866, 302, 30.47%, 0, 0, 2, 27.12
1630609291, 0, 3, 1875, 1873, 302, 30.47%, 0, 0, 2, 26.79
1630609296, 0, 3, 1884, 1882, 302, 30.47%, 0, 0, 2, 29.52
1630609301, 0, 3, 1890, 1888, 302, 30.47%, 0, 0, 2, 30.14
1630609307, 0, 3, 1897, 1895, 302, 30.47%, 0, 0, 2, 30.20
1630609312, 0, 3, 1904, 1902, 302, 30.47%, 0, 0, 2, 27.66
1630609317, 0, 3, 1909, 1907, 302, 30.47%, 0, 0, 2, 29.60
1630609322, 0, 3, 1914, 1912, 302, 30.47%, 0, 0, 2, 27.38
1630609327, 0, 3, 1918, 1916, 302, 30.47%, 0, 0, 2, 28.01
1630609332, 0, 3, 1921, 1919, 302, 30.47%, 0, 0, 2, 27.32
1630609337, 0, 3, 1923, 1921, 302, 30.47%, 0, 0, 2, 26.75
1630609342, 0, 3, 1924, 1922, 302, 30.47%, 0, 0, 2, 27.43
1630609347, 0, 3, 1928, 1926, 302, 30.47%, 0, 0, 2, 27.87
1630609353, 0, 3, 1932, 1930, 302, 30.47%, 0, 0, 2, 26.81
1630609358, 0, 3, 1935, 1933, 302, 30.47%, 0, 0, 2, 27.12
1630609363, 0, 3, 1939, 1937, 302, 30.47%, 0, 0, 2, 26.78
1630609368, 0, 3, 1943, 1941, 302, 30.47%, 0, 0, 2, 27.12
1630609373, 0, 3, 1945, 1943, 302, 30.47%, 0, 0, 2, 26.62
1630609378, 0, 3, 1947, 1945, 302, 30.48%, 0, 0, 2, 27.07
1630609383, 0, 3, 1949, 1947, 302, 30.48%, 0, 0, 2, 27.33
1630609389, 0, 3, 1953, 1951, 302, 30.48%, 0, 0, 2, 26.82
1630609394, 0, 3, 1955, 1953, 302, 30.48%, 0, 0, 2, 26.72
1630609399, 0, 3, 1958, 1956, 302, 30.48%, 0, 0, 2, 27.01
1630609409, 0, 3, 1959, 1957, 302, 30.48%, 0, 0, 2, 27.09
1630609414, 0, 3, 1964, 1962, 302, 30.48%, 0, 0, 2, 26.81
1630609419, 0, 3, 1967, 1965, 302, 30.48%, 0, 0, 2, 27.01
1630609424, 0, 3, 1969, 1967, 302, 30.48%, 0, 0, 2, 26.79
1630609429, 0, 3, 1979, 1977, 302, 30.55%, 0, 0, 2, 27.32
1630609434, 0, 3, 1983, 1981, 302, 30.55%, 0, 0, 2, 27.54
1630609439, 0, 3, 1985, 1983, 302, 30.55%, 0, 0, 2, 27.57
1630609444, 0, 3, 1993, 1991, 302, 30.57%, 0, 0, 2, 27.58
1630609449, 0, 3, 1994, 1992, 302, 30.57%, 0, 0, 2, 27.58
1630609455, 0, 3, 1995, 1993, 302, 30.58%, 0, 0, 2, 51.54
1630609460, 0, 3, 1996, 1994, 302, 30.58%, 0, 0, 2, 40.54
1630609465, 0, 3, 2002, 2000, 302, 30.58%, 0, 0, 2, 37.67
1630609470, 0, 3, 2005, 2003, 302, 30.60%, 0, 0, 2, 30.57
1630609475, 0, 3, 2008, 2006, 302, 30.60%, 0, 0, 2, 35.89
1630609480, 0, 3, 2010, 2008, 302, 30.60%, 0, 0, 2, 30.14
1630609485, 0, 3, 2014, 2012, 302, 30.61%, 0, 0, 2, 28.51
1630609490, 0, 3, 2017, 2015, 302, 30.61%, 0, 0, 2, 30.70
1630609496, 0, 3, 2019, 2017, 302, 30.61%, 0, 0, 2, 35.72
1630609501, 0, 3, 2023, 2021, 302, 30.61%, 0, 0, 2, 37.77
1630609506, 0, 3, 2025, 2023, 302, 30.61%, 0, 0, 2, 353.43
1630609511, 0, 3, 2031, 2029, 302, 30.62%, 0, 0, 2, 27.78
1630609521, 0, 3, 2032, 2030, 302, 30.62%, 0, 0, 2, 27.82
1630609666, 0, 3, 2033, 2031, 302, 30.62%, 0, 0, 2, 37.88
1630609671, 0, 3, 2035, 2033, 302, 30.62%, 0, 0, 2, 29.93
1630609676, 0, 3, 2038, 2036, 302, 30.64%, 0, 0, 2, 28.10
1630609702, 0, 3, 2040, 2038, 302, 30.64%, 0, 0, 2, 27.84
1630609707, 0, 3, 2041, 2039, 302, 30.64%, 0, 0, 2, 28.22
1630609732, 0, 3, 2042, 2040, 302, 30.64%, 0, 0, 2, 27.69
1630609737, 0, 3, 2043, 2041, 302, 30.64%, 0, 0, 2, 27.44
1630609747, 0, 3, 2044, 2042, 302, 30.64%, 0, 0, 2, 28.38
1630609757, 0, 3, 2045, 2043, 302, 30.64%, 0, 0, 2, 27.90
1630609788, 0, 3, 2046, 2044, 302, 30.64%, 0, 0, 2, 27.66
1630609793, 0, 3, 2047, 2045, 302, 30.64%, 0, 0, 2, 27.90
1630609834, 0, 3, 2048, 2046, 302, 30.64%, 0, 0, 2, 3.71
1630609875, 0, 3, 2049, 2047, 302, 30.65%, 0, 0, 2, 28.00
1630609880, 0, 3, 2050, 2048, 302, 30.65%, 0, 0, 2, 27.84
1630610010, 0, 3, 2052, 2050, 302, 30.65%, 0, 0, 2, 27.85
1630610092, 0, 3, 2053, 2051, 302, 30.65%, 0, 0, 2, 27.89
1630610103, 0, 3, 2054, 2052, 302, 30.65%, 0, 0, 2, 27.73
1630610139, 0, 3, 2055, 2053, 302, 30.65%, 0, 0, 2, 27.85
1630610149, 0, 3, 2057, 2055, 302, 30.66%, 0, 0, 2, 27.85
1630610175, 0, 3, 2061, 2059, 302, 30.66%, 0, 0, 2, 35.60
1630610185, 0, 3, 2064, 2062, 302, 30.70%, 0, 0, 2, 28.45
1630610191, 0, 3, 2066, 2064, 302, 30.70%, 0, 0, 2, 27.80
1630610196, 0, 3, 2067, 2065, 302, 30.70%, 0, 0, 2, 27.39
1630610201, 0, 3, 2069, 2067, 302, 30.71%, 0, 0, 2, 27.53
1630610226, 0, 3, 2070, 2068, 302, 30.71%, 0, 0, 2, 27.29
1630610231, 0, 3, 2072, 2070, 302, 30.71%, 0, 0, 2, 27.45
1630610247, 0, 3, 2074, 2072, 302, 30.71%, 0, 0, 2, 26.86
1630610272, 0, 3, 2075, 2073, 302, 30.71%, 0, 0, 2, 27.27
1630610278, 0, 3, 2076, 2074, 302, 30.71%, 0, 0, 2, 27.39
1630610283, 0, 3, 2077, 2075, 302, 30.71%, 0, 0, 2, 27.11
1630610324, 0, 3, 2079, 2077, 302, 30.71%, 0, 0, 2, 27.75
1630610334, 0, 3, 2083, 2081, 302, 30.71%, 0, 0, 2, 27.82
1630610345, 0, 3, 2087, 2085, 302, 30.72%, 0, 0, 2, 27.86
1630610370, 0, 3, 2089, 2087, 302, 30.73%, 0, 0, 2, 27.34
1630610380, 0, 3, 2090, 2088, 302, 30.73%, 0, 0, 2, 35.13
1630610396, 0, 3, 2091, 2089, 302, 30.73%, 0, 0, 2, 39.19
1630610469, 0, 3, 2092, 2090, 302, 30.73%, 0, 0, 2, 28.03
1630610567, 0, 3, 2095, 2093, 302, 30.73%, 0, 0, 2, 27.80
1630610572, 0, 3, 2098, 2096, 302, 30.74%, 0, 0, 2, 27.80
1630610577, 0, 3, 2100, 2098, 302, 30.74%, 0, 0, 2, 30.62
1630610598, 0, 3, 2102, 2100, 302, 30.74%, 0, 0, 2, 29.56
1630610608, 0, 3, 2103, 2101, 302, 30.74%, 0, 0, 2, 27.99
1630610613, 0, 3, 2104, 2102, 302, 30.75%, 0, 0, 2, 27.66
1630610772, 0, 3, 2105, 2103, 302, 30.75%, 0, 0, 2, 27.70
1630610798, 0, 3, 2106, 2104, 302, 30.75%, 0, 0, 2, 27.65
1630610850, 0, 3, 2107, 2105, 302, 30.76%, 0, 0, 2, 27.76
1630610995, 0, 3, 2109, 2107, 302, 30.76%, 0, 0, 2, 27.70
1630611000, 0, 3, 2110, 2108, 302, 30.76%, 0, 0, 2, 27.67
1630611005, 0, 3, 2111, 2109, 302, 30.77%, 0, 0, 2, 27.64
1630611042, 0, 3, 2112, 2110, 302, 30.77%, 0, 0, 2, 27.74
1630611067, 0, 3, 2113, 2111, 302, 30.77%, 0, 0, 2, 27.77
1630611073, 0, 3, 2114, 2112, 302, 30.77%, 0, 0, 2, 27.83
1630611078, 0, 3, 2118, 2116, 302, 30.78%, 0, 0, 2, 27.30
1630611083, 0, 3, 2120, 2118, 302, 30.80%, 0, 0, 2, 26.59
1630611088, 0, 3, 2121, 2119, 302, 30.80%, 0, 0, 2, 26.01
1630611093, 0, 3, 2123, 2121, 302, 30.80%, 0, 0, 2, 26.10
1630611098, 0, 3, 2124, 2122, 302, 30.80%, 0, 0, 2, 25.53
1630611103, 0, 3, 2125, 2123, 302, 30.80%, 0, 0, 2, 26.06
1630611114, 0, 3, 2127, 2125, 302, 30.80%, 0, 0, 2, 25.79
1630611119, 0, 3, 2128, 2126, 302, 30.80%, 0, 0, 2, 25.45
1630611124, 0, 3, 2130, 2128, 302, 30.80%, 0, 0, 2, 25.74
1630611134, 0, 3, 2131, 2129, 302, 30.81%, 0, 0, 2, 25.29
1630611139, 0, 3, 2132, 2130, 302, 30.81%, 0, 0, 2, 25.52
1630611144, 0, 3, 2133, 2131, 302, 30.81%, 0, 0, 2, 25.31
1630611149, 0, 3, 2134, 2132, 302, 30.81%, 0, 0, 2, 25.59
1630611154, 0, 3, 2135, 2133, 302, 30.81%, 0, 0, 2, 25.56
1630611159, 0, 3, 2136, 2134, 302, 30.81%, 0, 0, 2, 25.63
1630611174, 0, 3, 2137, 2135, 302, 30.81%, 0, 0, 2, 25.99
1630611180, 0, 3, 2138, 2136, 302, 30.81%, 0, 0, 2, 25.53
1630611195, 0, 3, 2139, 2137, 302, 30.81%, 0, 0, 2, 25.91
1630611205, 0, 3, 2140, 2138, 302, 30.81%, 0, 0, 2, 25.90
1630611210, 0, 3, 2141, 2139, 302, 30.81%, 0, 0, 2, 25.92
1630611220, 0, 3, 2142, 2140, 302, 30.81%, 0, 0, 2, 25.67
1630611225, 0, 3, 2143, 2141, 302, 30.81%, 0, 0, 2, 26.22
1630611241, 0, 3, 2146, 2144, 302, 30.81%, 0, 0, 2, 27.01
1630611251, 0, 3, 2148, 2146, 302, 30.81%, 0, 0, 2, 27.80
1630611277, 0, 3, 2149, 2147, 302, 30.82%, 0, 0, 2, 40.40
1630611292, 0, 3, 2152, 2150, 302, 30.82%, 0, 0, 2, 34.32
1630611370, 0, 3, 2153, 2151, 302, 30.82%, 0, 0, 2, 28.04
1630611781, 0, 3, 2155, 2153, 302, 30.82%, 0, 0, 2, 37.73
1630611786, 0, 3, 2156, 2154, 302, 30.82%, 0, 0, 2, 27.73
1630611806, 0, 3, 2158, 2156, 302, 30.82%, 0, 0, 2, 28.24
1630611817, 0, 3, 2161, 2159, 302, 30.83%, 0, 0, 2, 27.67
1630611822, 0, 3, 2162, 2160, 302, 30.84%, 0, 0, 2, 27.63
1630611853, 0, 3, 2163, 2161, 302, 30.84%, 0, 0, 2, 27.96
1630611859, 0, 3, 2165, 2163, 302, 30.84%, 0, 0, 2, 27.80
1630611920, 0, 3, 2166, 2164, 302, 30.84%, 0, 0, 2, 29.36
1630611957, 0, 3, 2168, 2166, 302, 30.84%, 0, 0, 2, 27.82
1630611962, 0, 3, 2169, 2167, 302, 30.84%, 0, 0, 2, 27.67
1630611967, 0, 3, 2172, 2170, 302, 30.84%, 0, 0, 2, 27.83
1630611982, 0, 3, 2173, 2171, 302, 30.84%, 0, 0, 2, 29.04
1630612013, 0, 3, 2174, 2172, 302, 30.84%, 0, 0, 2, 28.07
1630612080, 0, 3, 2175, 2173, 302, 30.84%, 0, 0, 2, 26.56
1630612100, 0, 3, 2176, 2174, 302, 30.84%, 0, 0, 2, 27.46
1630612208, 0, 3, 2177, 2175, 302, 30.84%, 0, 0, 2, 26.93
1630612963, 0, 3, 2178, 2176, 302, 30.84%, 0, 0, 2, 3.71
1630612973, 0, 3, 2179, 2177, 302, 30.84%, 0, 0, 2, 3.71
1630612999, 0, 3, 2180, 2178, 302, 30.84%, 0, 0, 2, 3.69
1630613174, 0, 3, 2181, 2179, 302, 30.84%, 0, 0, 2, 3.99
1630613179, 0, 3, 2183, 2181, 302, 30.85%, 0, 0, 2, 27.61
1630613184, 0, 3, 2185, 2183, 302, 30.85%, 0, 0, 2, 27.67
1630613200, 0, 3, 2188, 2186, 302, 30.86%, 0, 0, 2, 27.63
1630613205, 0, 3, 2189, 2187, 302, 30.87%, 0, 0, 2, 27.59
1630613873, 0, 3, 2190, 2188, 302, 30.87%, 0, 0, 2, 27.61
1630613925, 0, 3, 2191, 2189, 302, 30.87%, 0, 0, 2, 27.63
1630614247, 0, 3, 2192, 2190, 302, 30.87%, 0, 0, 2, 27.64
1630614571, 0, 3, 2193, 2191, 302, 30.87%, 0, 0, 2, 27.65
1630614725, 0, 3, 2195, 2193, 302, 30.88%, 0, 0, 2, 27.65
1630614736, 0, 3, 2196, 2194, 302, 30.88%, 0, 0, 2, 27.67
1630614752, 0, 3, 2200, 2198, 302, 30.89%, 0, 0, 2, 27.67
1630614757, 0, 3, 2201, 2199, 302, 30.89%, 0, 0, 2, 27.57
1630614788, 0, 3, 2202, 2200, 302, 30.89%, 0, 0, 2, 27.71
1630614923, 0, 3, 2203, 2201, 302, 30.89%, 0, 0, 2, 27.71
1630615211, 0, 3, 2204, 2202, 302, 30.89%, 0, 0, 2, 313.37
1630615236, 0, 3, 2205, 2203, 302, 30.89%, 0, 0, 2, 28.86
1630615257, 0, 3, 2209, 2207, 302, 30.94%, 0, 0, 2, 22.98
1630615262, 0, 3, 2214, 2212, 302, 30.96%, 0, 0, 2, 26.50
1630615277, 0, 3, 2215, 2213, 302, 30.96%, 0, 0, 2, 28.00
1630615298, 0, 3, 2216, 2214, 302, 30.96%, 0, 0, 2, 26.20
1630615303, 0, 3, 2217, 2215, 302, 30.96%, 0, 0, 2, 24.83
1630615308, 0, 3, 2220, 2218, 302, 30.96%, 0, 0, 2, 26.23
1630615318, 0, 3, 2231, 2229, 302, 30.98%, 0, 0, 2, 27.59
1630615328, 0, 3, 2232, 2230, 302, 30.98%, 0, 0, 2, 27.90
1630615338, 0, 3, 2234, 2232, 302, 30.99%, 0, 0, 2, 27.53
1630615343, 0, 3, 2237, 2235, 302, 31.00%, 0, 0, 2, 28.00
1630615348, 0, 3, 2238, 2236, 302, 31.00%, 0, 0, 2, 25.44
1630615353, 0, 3, 2239, 2237, 302, 31.00%, 0, 0, 2, 25.57
1630615359, 0, 3, 2240, 2238, 302, 31.00%, 0, 0, 2, 27.43
1630615364, 0, 3, 2243, 2241, 302, 31.00%, 0, 0, 2, 27.10
1630615369, 0, 3, 2244, 2242, 302, 31.00%, 0, 0, 2, 26.14
1630615374, 0, 3, 2245, 2243, 302, 31.00%, 0, 0, 2, 24.76
1630615379, 0, 3, 2246, 2244, 302, 31.00%, 0, 0, 2, 25.94
1630615389, 0, 3, 2254, 2252, 302, 31.03%, 0, 0, 2, 27.13
1630615394, 0, 3, 2256, 2254, 302, 31.03%, 0, 0, 2, 26.13
1630615400, 0, 3, 2258, 2256, 302, 31.03%, 0, 0, 2, 24.56
1630615415, 0, 3, 2262, 2260, 302, 31.03%, 0, 0, 2, 27.37
1630615425, 0, 3, 2263, 2261, 302, 31.03%, 0, 0, 2, 25.50
1630615436, 0, 3, 2268, 2266, 302, 31.04%, 0, 0, 2, 26.00
1630615441, 0, 3, 2270, 2268, 302, 31.04%, 0, 0, 2, 26.74
1630615446, 0, 3, 2271, 2269, 302, 31.04%, 0, 0, 2, 24.87
1630615461, 0, 3, 2275, 2273, 302, 31.04%, 0, 0, 2, 27.09
1630615482, 0, 3, 2277, 2275, 302, 31.04%, 0, 0, 2, 26.24
1630615487, 0, 3, 2278, 2276, 302, 31.04%, 0, 0, 2, 25.96
1630615497, 0, 3, 2279, 2277, 302, 31.04%, 0, 0, 2, 25.87
1630615507, 0, 3, 2283, 2281, 302, 31.04%, 0, 0, 2, 27.03
1630615523, 0, 3, 2284, 2282, 302, 31.04%, 0, 0, 2, 25.70
1630615528, 0, 3, 2285, 2283, 302, 31.04%, 0, 0, 2, 26.34
1630615533, 0, 3, 2286, 2284, 302, 31.04%, 0, 0, 2, 25.95
1630615553, 0, 3, 2288, 2286, 302, 31.04%, 0, 0, 2, 27.26
1630615558, 0, 3, 2289, 2287, 302, 31.04%, 0, 0, 2, 25.16
1630615574, 0, 3, 2293, 2291, 302, 31.04%, 0, 0, 2, 26.75
1630615599, 0, 3, 2297, 2295, 302, 31.04%, 0, 0, 2, 27.32
1630615620, 0, 3, 2300, 2298, 302, 31.04%, 0, 0, 2, 26.55
1630615645, 0, 3, 2303, 2301, 302, 31.04%, 0, 0, 2, 26.69
1630615651, 0, 3, 2304, 2302, 302, 31.04%, 0, 0, 2, 26.18
1630615671, 0, 3, 2305, 2303, 302, 31.04%, 0, 0, 2, 26.93
1630615697, 0, 3, 2309, 2307, 302, 31.04%, 0, 0, 2, 27.32
1630615707, 0, 3, 2310, 2308, 302, 31.04%, 0, 0, 2, 24.30
1630615722, 0, 3, 2312, 2310, 302, 31.04%, 0, 0, 2, 26.90
1630615743, 0, 3, 2314, 2312, 302, 31.04%, 0, 0, 2, 25.83
1630615748, 0, 3, 2315, 2313, 302, 31.04%, 0, 0, 2, 25.95
1630615769, 0, 3, 2317, 2315, 302, 31.04%, 0, 0, 2, 26.80
1630615774, 0, 3, 2318, 2316, 302, 31.04%, 0, 0, 2, 26.04
1630615794, 0, 3, 2320, 2318, 302, 31.04%, 0, 0, 2, 26.93
1630615820, 0, 3, 2321, 2319, 302, 31.04%, 0, 0, 2, 27.67
1630615830, 0, 3, 2322, 2320, 302, 31.04%, 0, 0, 2, 24.24
1630615845, 0, 3, 2323, 2321, 302, 31.04%, 0, 0, 2, 27.19
1630615866, 0, 3, 2325, 2323, 302, 31.04%, 0, 0, 2, 25.98
1630615876, 0, 3, 2326, 2324, 302, 31.04%, 0, 0, 2, 25.00
1630615891, 0, 3, 2328, 2326, 302, 31.04%, 0, 0, 2, 26.21
1630615907, 0, 3, 2329, 2327, 302, 31.04%, 0, 0, 2, 25.24
1630615917, 0, 3, 2330, 2328, 302, 31.04%, 0, 0, 2, 26.58
1630615927, 0, 3, 2331, 2329, 302, 31.04%, 0, 0, 2, 24.76
1630615943, 0, 3, 2334, 2332, 302, 31.04%, 0, 0, 2, 26.92
1630615953, 0, 3, 2335, 2333, 302, 31.04%, 0, 0, 2, 24.55
1630615968, 0, 3, 2336, 2334, 302, 31.04%, 0, 0, 2, 26.90
1630615994, 0, 3, 2338, 2336, 302, 31.04%, 0, 0, 2, 27.04
1630616009, 0, 3, 2339, 2337, 302, 31.04%, 0, 0, 2, 25.69
1630616014, 0, 3, 2340, 2338, 302, 31.05%, 0, 0, 2, 25.98
1630616019, 0, 3, 2341, 2339, 302, 31.05%, 0, 0, 2, 26.50
1630616066, 0, 3, 2342, 2340, 302, 31.05%, 0, 0, 2, 27.10
1630616091, 0, 3, 2343, 2341, 302, 31.05%, 0, 0, 2, 26.89
1630616107, 0, 3, 2344, 2342, 302, 31.05%, 0, 0, 2, 25.67
1630616122, 0, 3, 2345, 2343, 302, 31.05%, 0, 0, 2, 24.56
1630616188, 0, 3, 2346, 2344, 302, 31.05%, 0, 0, 2, 27.08
1630616204, 0, 3, 2347, 2345, 302, 31.05%, 0, 0, 2, 25.62
1630616341, 0, 3, 2348, 2346, 302, 31.05%, 0, 0, 2, 27.06
1630616357, 0, 3, 2349, 2347, 302, 31.05%, 0, 0, 2, 25.83
1630616362, 0, 3, 2350, 2348, 302, 31.05%, 0, 0, 2, 27.81
1630616408, 0, 3, 2351, 2349, 302, 31.05%, 0, 0, 2, 27.29
1630616428, 0, 3, 2355, 2353, 302, 31.06%, 0, 0, 2, 26.66
1630616434, 0, 3, 2358, 2356, 302, 31.07%, 0, 0, 2, 27.53
1630616439, 0, 3, 2362, 2360, 302, 31.12%, 0, 0, 2, 27.65
1630616444, 0, 3, 2371, 2369, 302, 31.14%, 0, 0, 2, 4.65
1630616449, 0, 3, 2374, 2372, 302, 31.15%, 0, 0, 2, 4.69
1630616454, 0, 3, 2379, 2377, 302, 31.16%, 0, 0, 2, 27.63
1630616522, 0, 3, 2381, 2379, 302, 31.18%, 0, 0, 2, 4.66
1630616527, 0, 3, 2387, 2385, 302, 31.20%, 0, 0, 2, 27.71
1630616532, 0, 3, 2388, 2386, 302, 31.20%, 0, 0, 2, 27.75
1630616568, 0, 3, 2390, 2388, 302, 31.21%, 0, 0, 2, 27.72
1630616584, 0, 3, 2391, 2389, 302, 31.21%, 0, 0, 2, 28.78
1630616594, 0, 3, 2393, 2391, 302, 31.21%, 0, 0, 2, 31.37
1630616675, 0, 3, 2394, 2392, 302, 31.21%, 0, 0, 2, 28.62
1630616700, 0, 3, 2395, 2393, 302, 31.21%, 0, 0, 2, 33.34
1630616796, 0, 3, 2396, 2394, 302, 31.21%, 0, 0, 2, 196.25
1630616811, 0, 3, 2398, 2396, 302, 31.21%, 0, 0, 2, 31.53
1630616841, 0, 3, 2400, 2398, 302, 31.21%, 0, 0, 2, 33.07
1630616851, 0, 3, 2401, 2399, 302, 31.21%, 0, 0, 2, 30.93
1630616913, 0, 3, 2404, 2402, 302, 31.22%, 0, 0, 2, 30.67
1630616959, 0, 3, 2405, 2403, 302, 31.22%, 0, 0, 2, 28.25
1630617165, 0, 3, 2406, 2404, 302, 31.22%, 0, 0, 2, 27.75
1630618093, 0, 3, 2407, 2405, 302, 31.22%, 0, 0, 2, 29.44
1630618309, 0, 3, 2408, 2406, 302, 31.22%, 0, 0, 2, 24.47
1630618504, 0, 3, 2409, 2407, 302, 31.22%, 0, 0, 2, 28.15
1630618638, 0, 3, 2410, 2408, 302, 31.23%, 0, 0, 2, 27.83
1630618794, 0, 3, 2411, 2409, 302, 31.24%, 0, 0, 2, 27.69
1630618840, 0, 3, 2412, 2410, 302, 31.24%, 0, 0, 2, 27.17
1630618850, 0, 3, 2413, 2411, 302, 31.24%, 0, 0, 2, 25.55
1630618947, 0, 3, 2414, 2412, 302, 31.24%, 0, 0, 2, 27.59
1630618952, 0, 3, 2415, 2413, 302, 31.24%, 0, 0, 2, 53.48
1630619149, 0, 3, 2416, 2414, 302, 31.24%, 0, 0, 2, 27.78
1630619792, 0, 3, 2418, 2416, 302, 31.25%, 0, 0, 2, 27.74
1630620062, 0, 3, 2419, 2417, 302, 31.25%, 0, 0, 2, 27.67
1630620083, 0, 3, 2420, 2418, 302, 31.25%, 0, 0, 2, 27.73
1630620585, 0, 3, 2421, 2419, 302, 31.25%, 0, 0, 2, 27.60
1630620699, 0, 3, 2422, 2420, 302, 31.25%, 0, 0, 2, 27.85
1630620725, 0, 3, 2423, 2421, 302, 31.26%, 0, 0, 2, 27.82
1630620818, 0, 3, 2424, 2422, 302, 31.26%, 0, 0, 2, 27.84
1630620828, 0, 3, 2425, 2423, 302, 31.26%, 0, 0, 2, 27.79
1630621385, 0, 3, 2426, 2424, 302, 31.26%, 0, 0, 2, 27.70
1630622107, 0, 3, 2427, 2425, 302, 31.27%, 0, 0, 2, 27.60
1630622113, 0, 3, 2428, 2426, 302, 31.27%, 0, 0, 2, 27.60
1630622410, 0, 3, 2429, 2427, 302, 31.27%, 0, 0, 2, 25.86
1630622702, 0, 3, 2430, 2428, 302, 31.27%, 0, 0, 2, 26.26
1630622784, 0, 3, 2431, 2429, 302, 31.27%, 0, 0, 2, 26.94
1630625817, 0, 3, 2432, 2430, 302, 31.27%, 0, 0, 2, 27.73
1630625858, 0, 3, 2433, 2431, 302, 31.27%, 0, 0, 2, 27.72
1630625910, 0, 3, 2434, 2432, 302, 31.27%, 0, 0, 2, 105.63
1630626067, 0, 3, 2435, 2433, 302, 31.27%, 0, 0, 2, 439.13
1630626378, 0, 3, 2437, 2435, 302, 31.27%, 0, 0, 2, 27.70
1630626923, 0, 3, 2439, 2437, 302, 31.28%, 0, 0, 2, 27.67
1630626928, 0, 3, 2440, 2438, 302, 31.28%, 0, 0, 2, 27.55
1630626948, 0, 3, 2443, 2441, 302, 31.29%, 0, 0, 2, 27.57
1630626983, 0, 3, 2444, 2442, 302, 31.30%, 0, 0, 2, 27.56
1630627070, 0, 3, 2445, 2443, 302, 31.30%, 0, 0, 2, 27.65
1630627075, 0, 3, 2446, 2444, 302, 31.30%, 0, 0, 2, 27.49
1630627080, 0, 3, 2447, 2445, 302, 31.30%, 0, 0, 2, 27.46
1630627095, 0, 3, 2448, 2446, 302, 31.30%, 0, 0, 2, 27.53
1630627171, 0, 3, 2449, 2447, 302, 31.30%, 0, 0, 2, 27.10
1630627176, 0, 3, 2450, 2448, 302, 31.30%, 0, 0, 2, 26.90
1630627186, 0, 3, 2451, 2449, 302, 31.30%, 0, 0, 2, 27.26
1630627196, 0, 3, 2452, 2450, 302, 31.30%, 0, 0, 2, 27.07
1630627232, 0, 3, 2453, 2451, 302, 31.30%, 0, 0, 2, 30.47
1630627242, 0, 3, 2454, 2452, 302, 31.30%, 0, 0, 2, 31.59
1630627263, 0, 3, 2455, 2453, 302, 31.30%, 0, 0, 2, 25.91
1630627268, 0, 3, 2456, 2454, 302, 31.30%, 0, 0, 2, 25.98
1630627642, 0, 3, 2457, 2455, 302, 31.30%, 0, 0, 2, 26.95
1630627657, 0, 3, 2458, 2456, 302, 31.30%, 0, 0, 2, 27.08
1630627673, 0, 3, 2460, 2458, 302, 31.30%, 0, 0, 2, 26.73
1630627683, 0, 3, 2461, 2459, 302, 31.30%, 0, 0, 2, 26.83
1630628055, 0, 3, 2462, 2460, 302, 31.30%, 0, 0, 2, 3.69
1630628838, 0, 3, 2463, 2461, 302, 31.30%, 0, 0, 2, 3.69
1630631201, 0, 3, 2464, 2462, 302, 31.31%, 0, 0, 2, 25.58
1630631206, 0, 3, 2465, 2463, 302, 31.31%, 0, 0, 2, 26.64
1630631325, 0, 3, 2466, 2464, 302, 31.31%, 0, 0, 2, 33.63
1630631330, 0, 3, 2467, 2465, 302, 31.31%, 0, 0, 2, 330.25
1630631361, 0, 3, 2469, 2467, 302, 31.31%, 0, 0, 2, 27.72
1630631376, 0, 3, 2470, 2468, 302, 31.31%, 0, 0, 2, 27.73
1630631387, 0, 3, 2471, 2469, 302, 31.31%, 0, 0, 2, 28.44
1630631397, 0, 3, 2473, 2471, 302, 31.32%, 0, 0, 2, 58.54
1630631407, 0, 3, 2474, 2472, 302, 31.33%, 0, 0, 2, 46.05
1630631448, 0, 3, 2476, 2474, 302, 31.33%, 0, 0, 2, 29.47
1630631453, 0, 3, 2478, 2476, 302, 31.33%, 0, 0, 2, 59.23
1630631458, 0, 3, 2479, 2477, 302, 31.34%, 0, 0, 2, 35.54
1630631468, 0, 3, 2480, 2478, 302, 31.34%, 0, 0, 2, 44.86
1630631474, 0, 3, 2481, 2479, 302, 31.35%, 0, 0, 2, 61.38
1630631524, 0, 3, 2484, 2482, 302, 31.36%, 0, 0, 2, 31.18
1630631540, 0, 3, 2485, 2483, 302, 31.36%, 0, 0, 2, 29.34
1630631555, 0, 3, 2486, 2484, 302, 31.36%, 0, 0, 2, 40.40
1630631852, 0, 3, 2487, 2485, 302, 31.36%, 0, 0, 2, 27.65
1630632485, 0, 3, 2491, 2489, 302, 31.37%, 0, 0, 2, 3.68
1630632491, 0, 3, 2505, 2503, 302, 31.38%, 0, 0, 2, 69.05
1630632496, 0, 3, 2528, 2526, 302, 31.39%, 0, 0, 2, 3.57
1630632501, 0, 3, 2534, 2532, 302, 31.39%, 0, 0, 2, 151.39
1630632506, 0, 3, 2551, 2549, 302, 31.40%, 0, 0, 2, 46.79
1630632512, 0, 3, 2569, 2567, 302, 31.41%, 0, 0, 2, 62.61
1630632517, 0, 3, 2581, 2579, 302, 31.42%, 0, 0, 2, 3.64
1630632522, 0, 3, 2591, 2589, 302, 31.42%, 0, 0, 2, 113.86
1630632527, 0, 3, 2603, 2601, 302, 31.42%, 0, 0, 2, 73.42
1630632532, 0, 3, 2616, 2614, 302, 31.42%, 0, 0, 2, 65.52
1630632537, 0, 3, 2618, 2616, 302, 31.42%, 0, 0, 2, 5.71
1630632542, 0, 3, 2625, 2623, 302, 31.47%, 0, 0, 2, 3.63
1630632548, 0, 3, 2628, 2626, 302, 31.47%, 0, 0, 2, 90.31
1630632553, 0, 3, 2635, 2633, 302, 31.48%, 0, 0, 2, 70.01
1630632558, 0, 3, 2642, 2640, 302, 31.48%, 0, 0, 2, 87.02
1630632563, 0, 3, 2647, 2645, 302, 31.49%, 0, 0, 2, 3.53
1630632568, 0, 3, 2653, 2651, 302, 31.49%, 0, 0, 2, 3.52
1630632573, 0, 3, 2658, 2656, 302, 31.49%, 0, 0, 2, 35.50
1630632579, 0, 4, 2660, 2657, 550, 31.49%, 0, 0, 2, 407.27
1630632584, 0, 4, 2661, 2658, 550, 31.49%, 0, 0, 2, 445.75
1630632599, 0, 4, 2663, 2660, 550, 31.49%, 0, 0, 2, 456.48
1630632609, 0, 4, 2664, 2661, 550, 31.51%, 0, 0, 2, 456.14
1630632625, 0, 4, 2665, 2662, 550, 31.51%, 0, 0, 2, 456.75
1630632687, 0, 4, 2666, 2663, 550, 31.51%, 0, 0, 2, 455.88
1630632857, 0, 4, 2667, 2664, 550, 31.52%, 0, 0, 2, 455.75
1630632970, 0, 4, 2668, 2665, 550, 31.52%, 0, 0, 2, 453.74
1630634020, 0, 4, 2669, 2666, 550, 31.52%, 0, 0, 2, 455.58
1630634040, 0, 4, 2670, 2667, 550, 31.52%, 0, 0, 2, 457.90
1630634390, 0, 4, 2671, 2668, 550, 31.52%, 0, 0, 2, 447.04
1630634457, 0, 4, 2681, 2678, 550, 31.52%, 0, 0, 2, 455.35
1630634462, 0, 5, 2683, 2679, 554, 31.52%, 0, 0, 2, 422.72
1630634467, 0, 5, 2684, 2680, 554, 31.52%, 0, 0, 2, 414.87
1630634472, 0, 5, 2690, 2686, 554, 31.52%, 0, 0, 2, 387.76
1630634477, 0, 5, 2694, 2690, 554, 31.54%, 0, 0, 2, 403.02
1630634482, 0, 5, 2696, 2692, 554, 31.54%, 0, 0, 2, 412.81
1630634497, 0, 5, 2697, 2693, 554, 31.54%, 0, 0, 2, 414.45
1630634508, 0, 5, 2699, 2695, 554, 31.54%, 0, 0, 2, 416.72
1630634605, 0, 5, 2701, 2697, 554, 31.54%, 0, 0, 2, 411.72
1630634615, 0, 5, 2703, 2699, 554, 31.56%, 0, 0, 2, 397.48
1630634743, 0, 5, 2705, 2701, 554, 31.56%, 0, 0, 2, 415.32
1630634753, 0, 5, 2707, 2703, 554, 31.56%, 0, 0, 2, 378.49
1630634758, 0, 5, 2709, 2705, 554, 31.56%, 0, 0, 2, 406.83
1630634778, 0, 5, 2710, 2706, 554, 31.56%, 0, 0, 2, 409.86
1630634906, 0, 5, 2711, 2707, 554, 31.56%, 0, 0, 2, 405.95
1630634911, 0, 5, 2712, 2708, 554, 31.56%, 0, 0, 2, 412.21
1630634916, 0, 5, 2714, 2710, 554, 31.56%, 0, 0, 2, 425.80
1630634922, 0, 5, 2715, 2711, 554, 31.56%, 0, 0, 2, 416.06
1630634952, 0, 5, 2716, 2712, 554, 31.56%, 0, 0, 2, 374.25
1630634962, 0, 5, 2717, 2713, 554, 31.56%, 0, 0, 2, 351.18
1630634972, 0, 5, 2718, 2714, 554, 31.56%, 0, 0, 2, 350.72
1630634978, 0, 5, 2719, 2715, 554, 31.56%, 0, 0, 2, 403.63
1630634983, 0, 5, 2722, 2718, 554, 31.56%, 0, 0, 2, 429.56
1630634993, 0, 5, 2723, 2719, 554, 31.56%, 0, 0, 2, 419.30
1630635013, 0, 5, 2725, 2721, 554, 31.56%, 0, 0, 2, 412.80
1630635284, 0, 5, 2727, 2723, 554, 31.57%, 0, 0, 2, 412.44
1630635386, 0, 5, 2728, 2724, 554, 31.57%, 0, 0, 2, 425.61
1630635621, 0, 5, 2729, 2725, 554, 31.57%, 0, 0, 2, 411.39
1630635841, 0, 5, 2731, 2727, 554, 31.57%, 0, 0, 2, 424.21
1630635891, 0, 5, 2732, 2728, 554, 31.57%, 0, 0, 2, 311.48
1630635897, 0, 5, 2734, 2730, 554, 31.58%, 0, 0, 2, 278.78
1630635932, 0, 5, 2735, 2731, 554, 31.58%, 0, 0, 2, 415.25
1630635937, 0, 5, 2736, 2732, 554, 31.58%, 0, 0, 2, 412.64
1630636131, 0, 5, 2737, 2733, 554, 31.58%, 0, 0, 2, 412.14
1630636193, 0, 5, 2755, 2751, 554, 31.59%, 0, 0, 2, 399.98
1630636198, 0, 8, 2762, 2757, 570, 31.59%, 0, 0, 2, 256.61
1630636213, 0, 8, 2764, 2759, 570, 31.59%, 0, 0, 2, 153.13
1630636218, 0, 8, 2772, 2767, 570, 31.61%, 0, 0, 2, 145.71
1630636224, 0, 8, 2776, 2771, 570, 31.62%, 0, 0, 2, 134.07
1630636229, 0, 8, 2777, 2772, 570, 31.62%, 0, 0, 2, 149.49
1630636234, 0, 8, 2782, 2777, 570, 31.62%, 0, 0, 2, 121.25
1630636244, 0, 8, 2783, 2778, 570, 31.62%, 0, 0, 2, 113.88
1630636254, 0, 8, 2786, 2781, 570, 31.63%, 0, 0, 2, 113.89
1630636269, 0, 8, 2791, 2786, 570, 31.64%, 0, 0, 2, 116.80
1630636274, 0, 8, 2794, 2789, 570, 31.64%, 0, 0, 2, 130.02
1630636279, 0, 8, 2798, 2793, 570, 31.64%, 0, 0, 2, 127.02
1630636285, 0, 8, 2814, 2809, 570, 31.65%, 0, 0, 2, 118.22
1630636290, 0, 8, 2817, 2812, 570, 31.66%, 0, 0, 2, 114.93
1630636300, 0, 8, 2818, 2813, 570, 31.66%, 0, 0, 2, 113.12
1630636305, 0, 8, 2819, 2814, 570, 31.66%, 0, 0, 2, 113.19
1630636310, 0, 8, 2822, 2817, 570, 31.67%, 0, 0, 2, 113.16
1630636320, 0, 8, 2823, 2818, 570, 31.67%, 0, 0, 2, 112.05
1630636325, 0, 8, 2825, 2820, 570, 31.67%, 0, 0, 2, 112.12
1630636330, 0, 8, 2826, 2821, 570, 31.67%, 0, 0, 2, 112.57
1630636361, 0, 8, 2827, 2822, 570, 31.67%, 0, 0, 2, 113.26
1630636381, 0, 8, 2829, 2824, 570, 31.67%, 0, 0, 2, 113.22
1630636391, 0, 8, 2830, 2825, 570, 31.67%, 0, 0, 2, 112.73
1630636402, 0, 8, 2832, 2827, 570, 31.68%, 0, 0, 2, 112.31
1630636412, 0, 8, 2833, 2828, 570, 31.68%, 0, 0, 2, 112.64
1630636417, 0, 8, 2835, 2830, 570, 31.68%, 0, 0, 2, 111.30
1630636524, 0, 8, 2836, 2831, 570, 31.68%, 0, 0, 2, 114.22
1630636631, 0, 8, 2837, 2832, 570, 31.68%, 0, 0, 2, 115.08
1630636636, 0, 8, 2838, 2833, 570, 31.68%, 0, 0, 2, 120.12
1630636641, 0, 8, 2839, 2834, 570, 31.68%, 0, 0, 2, 119.12
1630636646, 0, 8, 2844, 2839, 570, 31.69%, 0, 0, 2, 117.43
1630636666, 0, 8, 2845, 2840, 570, 31.69%, 0, 0, 2, 116.10
1630636702, 0, 8, 2846, 2841, 570, 31.69%, 0, 0, 2, 113.62
1630636925, 0, 8, 2847, 2842, 570, 31.69%, 0, 0, 2, 113.51
1630637464, 0, 8, 2848, 2843, 570, 31.69%, 0, 0, 2, 113.59
1630637505, 0, 8, 2849, 2844, 570, 31.69%, 0, 0, 2, 114.07
1630637793, 0, 8, 2852, 2847, 570, 31.69%, 0, 0, 2, 160.19
1630637803, 0, 8, 2853, 2848, 570, 31.69%, 0, 0, 2, 139.21
1630637808, 0, 8, 2854, 2849, 570, 31.70%, 0, 0, 2, 158.52
1630637813, 0, 8, 2856, 2851, 570, 31.70%, 0, 0, 2, 122.28
1630637834, 0, 8, 2857, 2852, 570, 31.70%, 0, 0, 2, 113.73
1630637839, 0, 8, 2859, 2854, 570, 31.70%, 0, 0, 2, 113.72
1630637854, 0, 8, 2861, 2856, 570, 31.75%, 0, 0, 2, 123.58
1630637864, 0, 8, 2869, 2864, 570, 31.76%, 0, 0, 2, 117.99
1630637869, 0, 8, 2872, 2867, 570, 31.76%, 0, 0, 2, 116.89
1630637874, 0, 8, 2873, 2868, 570, 31.76%, 0, 0, 2, 114.15
1630637884, 0, 8, 2875, 2870, 570, 31.77%, 0, 0, 2, 113.54
1630637889, 0, 8, 2876, 2871, 570, 31.77%, 0, 0, 2, 113.73
1630637894, 0, 8, 2877, 2872, 570, 31.77%, 0, 0, 2, 113.51
1630638225, 0, 8, 2878, 2873, 570, 31.77%, 0, 0, 2, 118.40
1630638260, 0, 8, 2879, 2874, 570, 31.77%, 0, 0, 2, 119.12
1630638270, 0, 8, 2880, 2875, 570, 31.77%, 0, 0, 2, 115.21
1630639366, 0, 8, 2881, 2876, 570, 31.77%, 0, 0, 2, 156.16
1630639371, 0, 8, 2882, 2877, 570, 31.77%, 0, 0, 2, 153.19
1630639376, 0, 8, 2884, 2879, 570, 31.79%, 0, 0, 2, 154.82
1630639386, 0, 8, 2886, 2881, 570, 31.80%, 0, 0, 2, 132.92
1630639427, 0, 8, 2887, 2882, 570, 31.80%, 0, 0, 2, 128.38
1630639432, 0, 8, 2888, 2883, 570, 31.80%, 0, 0, 2, 133.87
1630639437, 0, 8, 2889, 2884, 570, 31.80%, 0, 0, 2, 120.34
1630639442, 0, 8, 2891, 2886, 570, 31.80%, 0, 0, 2, 116.16
1630639447, 0, 8, 2892, 2887, 570, 31.80%, 0, 0, 2, 114.49
1630639452, 0, 8, 2894, 2889, 570, 31.80%, 0, 0, 2, 113.51
1630639563, 0, 8, 2895, 2890, 570, 31.80%, 0, 0, 2, 113.37
1630639574, 0, 8, 2896, 2891, 570, 31.81%, 0, 0, 2, 112.66
1630640674, 0, 8, 2897, 2892, 570, 31.81%, 0, 0, 2, 112.97
1630641475, 0, 8, 2898, 2893, 570, 31.81%, 0, 0, 2, 115.29
1630641485, 0, 8, 2900, 2895, 570, 31.81%, 0, 0, 2, 280.97
1630641520, 0, 8, 2901, 2896, 570, 31.84%, 0, 0, 2, 143.08
1630641526, 0, 8, 2902, 2897, 570, 31.84%, 0, 0, 2, 156.22
1630641531, 0, 8, 2903, 2898, 570, 31.84%, 0, 0, 2, 152.13
1630641557, 0, 8, 2904, 2899, 570, 31.84%, 0, 0, 2, 146.79
1630641588, 0, 8, 2905, 2900, 570, 31.84%, 0, 0, 2, 160.33
1630641613, 0, 8, 2907, 2902, 570, 31.84%, 0, 0, 2, 115.06
1630641618, 0, 8, 2909, 2904, 570, 31.85%, 0, 0, 2, 114.21
1630641633, 0, 8, 2911, 2906, 570, 31.85%, 0, 0, 2, 113.75
1630641694, 0, 8, 2912, 2907, 570, 31.85%, 0, 0, 2, 114.65
1630641724, 0, 8, 2913, 2908, 570, 31.94%, 0, 0, 2, 114.62
1630641739, 0, 8, 2914, 2909, 570, 31.94%, 0, 0, 2, 114.97
1630641840, 0, 8, 2915, 2910, 570, 31.94%, 0, 0, 2, 119.92
1630641855, 0, 8, 2916, 2911, 570, 31.94%, 0, 0, 2, 113.92
1630641860, 0, 8, 2917, 2912, 570, 31.94%, 0, 0, 2, 128.91
1630641871, 0, 8, 2918, 2913, 570, 31.94%, 0, 0, 2, 144.53
1630641886, 0, 8, 2919, 2914, 570, 31.94%, 0, 0, 2, 192.28
1630641896, 0, 8, 2926, 2921, 570, 31.95%, 0, 0, 2, 141.23
1630641901, 0, 8, 2930, 2925, 570, 31.95%, 0, 0, 2, 120.53
1630641921, 0, 8, 2944, 2939, 570, 31.97%, 0, 0, 2, 115.48
1630641926, 0, 8, 2945, 2940, 570, 31.98%, 0, 0, 2, 118.89
1630641937, 0, 8, 2962, 2957, 570, 32.01%, 0, 0, 2, 115.71
1630641942, 0, 8, 2969, 2964, 570, 32.02%, 0, 0, 2, 114.56
1630641952, 0, 8, 2978, 2973, 570, 32.04%, 0, 0, 2, 114.45
1630641957, 0, 8, 2981, 2976, 570, 32.04%, 0, 0, 2, 114.44
1630641977, 0, 8, 2982, 2977, 570, 32.04%, 0, 0, 2, 114.30
1630641988, 0, 8, 2983, 2978, 570, 32.04%, 0, 0, 2, 117.30
1630641993, 0, 8, 2984, 2979, 570, 32.04%, 0, 0, 2, 114.47
1630642003, 0, 8, 2985, 2980, 570, 32.04%, 0, 0, 2, 114.07
1630642008, 0, 8, 2987, 2982, 570, 32.05%, 0, 0, 2, 114.16
1630642144, 0, 8, 2988, 2983, 570, 32.05%, 0, 0, 2, 114.17
1630642159, 0, 8, 2989, 2984, 570, 32.05%, 0, 0, 2, 113.91
1630642270, 0, 8, 2990, 2985, 570, 32.05%, 0, 0, 2, 113.70
1630642458, 0, 8, 2991, 2986, 570, 32.05%, 0, 0, 2, 113.87
1630642478, 0, 8, 2992, 2987, 570, 32.06%, 0, 0, 2, 113.99
1630642721, 0, 8, 2993, 2988, 570, 32.06%, 0, 0, 2, 113.56
1630642924, 0, 8, 2994, 2989, 570, 32.06%, 0, 0, 2, 112.93
1630643496, 0, 8, 2995, 2990, 570, 32.06%, 0, 0, 2, 109.56
1630644075, 0, 8, 2996, 2991, 570, 32.06%, 0, 0, 2, 118.03
1630644085, 0, 8, 2997, 2992, 570, 32.06%, 0, 0, 2, 118.20
1630644090, 0, 8, 2998, 2993, 570, 32.06%, 0, 0, 2, 116.98
1630644100, 0, 8, 2999, 2994, 570, 32.06%, 0, 0, 2, 119.10
1630644105, 0, 8, 3000, 2995, 570, 32.06%, 0, 0, 2, 119.03
1630644125, 0, 8, 3002, 2997, 570, 32.06%, 0, 0, 2, 116.71
1630644167, 0, 8, 3003, 2998, 570, 32.06%, 0, 0, 2, 115.71
1630644897, 0, 8, 3004, 2999, 570, 32.06%, 0, 0, 2, 116.58
1630651770, 0, 8, 3005, 3000, 570, 32.06%, 0, 0, 2, 130.49
1630651801, 0, 8, 3006, 3001, 570, 32.06%, 0, 0, 2, 117.16
1630652850, 0, 8, 3007, 3002, 570, 32.07%, 0, 0, 2, 124.96
1630652860, 0, 8, 3010, 3005, 570, 32.07%, 0, 0, 2, 118.20
1630652865, 0, 8, 3012, 3007, 570, 32.07%, 0, 0, 2, 116.42
1630652926, 0, 8, 3013, 3008, 570, 32.08%, 0, 0, 2, 113.58
1630653717, 0, 8, 3014, 3009, 570, 32.08%, 0, 0, 2, 121.61
1630657169, 0, 8, 3015, 3010, 570, 32.08%, 0, 0, 2, 113.86
1630657255, 0, 8, 3016, 3011, 570, 32.08%, 0, 0, 2, 113.94
1630657260, 0, 8, 3017, 3012, 570, 32.08%, 0, 0, 2, 113.62
1630657290, 0, 8, 3018, 3013, 570, 32.08%, 0, 0, 2, 113.64
1630657296, 0, 8, 3019, 3014, 570, 32.09%, 0, 0, 2, 113.62
1630663431, 0, 8, 3021, 3016, 570, 32.09%, 0, 0, 2, 116.89
1630663457, 0, 8, 3022, 3017, 570, 32.09%, 0, 0, 2, 183.38
1630663462, 0, 8, 3023, 3018, 570, 32.09%, 0, 0, 2, 176.59
1630663477, 0, 8, 3024, 3019, 570, 32.09%, 0, 0, 2, 176.49
1630663498, 0, 8, 3025, 3020, 570, 32.09%, 0, 0, 2, 158.69
1630663615, 0, 8, 3026, 3021, 570, 32.09%, 0, 0, 2, 113.16
1630663758, 0, 8, 3027, 3022, 570, 32.09%, 0, 0, 2, 129.76
1630663829, 0, 8, 3028, 3023, 570, 32.09%, 0, 0, 2, 119.85
1630665845, 0, 8, 3029, 3024, 570, 32.09%, 0, 0, 2, 122.87
1630666574, 0, 8, 3030, 3025, 570, 32.09%, 0, 0, 2, 116.84
1630671395, 0, 8, 3032, 3027, 570, 32.10%, 0, 0, 2, 123.24
1630671400, 0, 8, 3043, 3038, 570, 32.12%, 0, 0, 2, 140.75
1630671406, 0, 8, 3053, 3048, 570, 32.12%, 0, 0, 2, 147.66
1630671411, 0, 8, 3065, 3060, 570, 32.13%, 0, 0, 2, 148.57
1630671416, 0, 8, 3069, 3064, 570, 32.13%, 0, 0, 2, 150.05
1630671421, 0, 9, 3074, 3068, 695, 32.13%, 0, 0, 2, 289.07
1630671545, 0, 9, 3081, 3075, 695, 32.13%, 0, 0, 2, 360.11
1630671906, 0, 9, 3083, 3077, 695, 32.13%, 0, 0, 2, 418.63
1630671911, 0, 9, 3084, 3078, 695, 32.13%, 0, 0, 2, 418.12
1630671931, 0, 9, 3086, 3080, 695, 32.13%, 0, 0, 2, 422.24
1630671936, 0, 9, 3087, 3081, 695, 32.13%, 0, 0, 2, 422.35
1630671962, 0, 9, 3088, 3082, 695, 32.13%, 0, 0, 2, 421.59
1630671977, 0, 9, 3089, 3083, 695, 32.13%, 0, 0, 2, 419.28
1630672108, 0, 9, 3090, 3084, 695, 32.13%, 0, 0, 2, 422.81
1630672138, 0, 9, 3093, 3087, 695, 32.13%, 0, 0, 2, 334.54
1630672311, 0, 9, 3094, 3088, 695, 32.13%, 0, 0, 2, 430.12
1630672782, 0, 9, 3095, 3089, 695, 32.13%, 0, 0, 2, 257.32
1630672807, 0, 9, 3109, 3103, 695, 32.14%, 0, 0, 2, 372.36
1630672813, 0, 12, 3110, 3103, 693, 32.14%, 0, 0, 2, 461.30
1630672818, 0, 12, 3113, 3106, 693, 32.15%, 0, 0, 2, 420.02
1630672823, 0, 12, 3116, 3109, 693, 32.24%, 0, 0, 2, 189.52
1630672869, 0, 12, 3117, 3110, 693, 32.24%, 0, 0, 2, 492.20
1630672915, 0, 12, 3119, 3112, 693, 32.24%, 0, 0, 2, 373.65
1630672920, 0, 12, 3120, 3113, 693, 32.24%, 0, 0, 2, 328.62
1630672935, 0, 12, 3121, 3114, 693, 32.24%, 0, 0, 2, 487.41
1630672940, 0, 12, 3123, 3116, 693, 32.25%, 0, 0, 2, 494.29
1630672970, 0, 12, 3124, 3117, 693, 32.28%, 0, 0, 2, 462.77
1630673036, 0, 12, 3125, 3118, 693, 32.28%, 0, 0, 2, 383.48
1630673128, 0, 12, 3126, 3119, 693, 32.28%, 0, 0, 2, 547.80
1630673139, 0, 12, 3127, 3120, 693, 32.28%, 0, 0, 2, 445.54
1630673179, 0, 12, 3129, 3122, 693, 32.28%, 0, 0, 2, 443.97
1630673205, 0, 12, 3130, 3123, 693, 32.28%, 0, 0, 2, 498.63
1630673210, 0, 12, 3131, 3124, 693, 32.28%, 0, 0, 2, 497.61
1630673215, 0, 12, 3151, 3144, 693, 32.34%, 0, 0, 2, 498.09
1630673220, 0, 13, 3164, 3156, 707, 32.34%, 0, 0, 2, 473.38
1630673235, 0, 13, 3170, 3162, 707, 32.34%, 0, 0, 2, 443.62
1630673241, 0, 13, 3171, 3163, 707, 32.34%, 0, 0, 2, 478.93
1630673261, 0, 13, 3174, 3166, 707, 33.20%, 0, 0, 2, 434.03
1630673271, 0, 13, 3175, 3167, 707, 33.20%, 0, 0, 2, 489.07
1630673286, 0, 13, 3177, 3169, 707, 33.21%, 0, 0, 2, 454.17
1630673302, 0, 13, 3178, 3170, 707, 33.21%, 0, 0, 2, 464.61
1630673307, 0, 13, 3179, 3171, 707, 33.21%, 0, 0, 2, 493.95
1630673323, 0, 13, 3180, 3172, 707, 33.21%, 0, 0, 2, 498.83
1630673333, 0, 13, 3183, 3175, 707, 33.21%, 0, 0, 2, 468.11
1630673343, 0, 13, 3189, 3181, 707, 33.30%, 0, 0, 2, 422.47
1630673353, 0, 13, 3190, 3182, 707, 33.30%, 0, 0, 2, 474.16
1630673369, 0, 13, 3191, 3183, 707, 33.31%, 0, 0, 2, 448.99
1630673374, 0, 13, 3194, 3186, 707, 33.31%, 0, 0, 2, 431.34
1630673379, 0, 13, 3195, 3187, 707, 33.31%, 0, 0, 2, 454.31
1630673384, 0, 13, 3196, 3188, 707, 33.31%, 0, 0, 2, 421.33
1630673455, 0, 13, 3197, 3189, 707, 33.31%, 0, 0, 2, 490.59
1630673516, 0, 13, 3199, 3191, 707, 33.31%, 0, 0, 2, 450.47
1630673562, 0, 13, 3200, 3192, 707, 33.31%, 0, 0, 2, 506.06
1630673721, 0, 13, 3201, 3193, 707, 33.31%, 0, 0, 2, 458.81
1630673741, 0, 13, 3202, 3194, 707, 33.31%, 0, 0, 2, 429.42
1630673752, 0, 13, 3203, 3195, 707, 33.31%, 0, 0, 2, 381.92
1630673802, 0, 13, 3204, 3196, 707, 33.31%, 0, 0, 2, 487.37
1630673818, 0, 13, 3212, 3204, 707, 33.33%, 0, 0, 2, 489.83
1630673823, 0, 14, 3217, 3208, 706, 33.33%, 0, 0, 2, 495.57
1630673895, 0, 14, 3218, 3209, 706, 33.33%, 0, 0, 2, 499.62
1630674125, 0, 14, 3219, 3210, 706, 33.33%, 0, 0, 2, 497.13
1630674145, 0, 14, 3220, 3211, 706, 33.33%, 0, 0, 2, 496.89
1630674339, 0, 14, 3221, 3212, 706, 33.33%, 0, 0, 2, 498.52
1630674452, 0, 14, 3224, 3215, 706, 33.33%, 0, 0, 2, 494.09
1630674457, 0, 17, 3224, 3214, 707, 33.33%, 0, 0, 2, 41.30
1630674493, 0, 17, 3226, 3216, 707, 33.37%, 0, 0, 2, 26.84
1630674513, 0, 17, 3234, 3224, 707, 33.38%, 0, 0, 2, 26.35
1630674518, 0, 17, 3237, 3227, 707, 33.38%, 0, 0, 2, 26.00
1630674523, 0, 17, 3243, 3233, 707, 33.38%, 0, 0, 2, 56.76
1630674534, 0, 17, 3244, 3234, 707, 33.38%, 0, 0, 2, 41.35
1630674539, 0, 17, 3248, 3238, 707, 33.39%, 0, 0, 2, 32.31
1630674544, 0, 17, 3252, 3242, 707, 33.40%, 0, 0, 2, 34.70
1630674549, 0, 17, 3254, 3244, 707, 33.40%, 0, 0, 2, 36.25
1630674559, 0, 17, 3257, 3247, 707, 33.41%, 0, 0, 2, 31.24
1630674564, 0, 17, 3259, 3249, 707, 33.41%, 0, 0, 2, 31.14
1630674569, 0, 17, 3261, 3251, 707, 33.43%, 0, 0, 2, 32.10
1630674574, 0, 17, 3265, 3255, 707, 33.43%, 0, 0, 2, 31.01
1630674579, 0, 17, 3272, 3262, 707, 33.47%, 0, 0, 2, 33.77
1630674584, 0, 17, 3273, 3263, 707, 33.47%, 0, 0, 2, 32.69
1630674590, 0, 17, 3275, 3265, 707, 33.47%, 0, 0, 2, 162.68
1630674600, 0, 17, 3276, 3266, 707, 33.47%, 0, 0, 2, 25.71
1630674615, 0, 17, 3278, 3268, 707, 33.47%, 0, 0, 2, 27.05
1630674625, 0, 17, 3280, 3270, 707, 33.47%, 0, 0, 2, 25.84
1630674631, 0, 17, 3282, 3272, 707, 33.47%, 0, 0, 2, 25.91
1630674641, 0, 17, 3284, 3274, 707, 33.47%, 0, 0, 2, 25.91
1630674646, 0, 17, 3286, 3276, 707, 33.47%, 0, 0, 2, 27.54
1630674651, 0, 17, 3289, 3279, 707, 33.47%, 0, 0, 2, 148.94
1630674666, 0, 17, 3291, 3281, 707, 33.48%, 0, 0, 2, 32.42
1630674682, 0, 17, 3293, 3283, 707, 33.48%, 0, 0, 2, 40.86
1630674687, 0, 17, 3299, 3289, 707, 33.54%, 0, 0, 2, 26.19
1630674702, 0, 17, 3309, 3299, 707, 33.58%, 0, 0, 2, 24.93
1630674707, 0, 17, 3320, 3310, 707, 33.60%, 0, 0, 2, 25.49
1630674712, 0, 17, 3328, 3318, 707, 33.60%, 0, 0, 2, 26.15
1630674718, 0, 17, 3335, 3325, 707, 33.60%, 0, 0, 2, 25.73
1630674723, 0, 17, 3337, 3327, 707, 33.60%, 0, 0, 2, 29.89
1630674728, 0, 17, 3339, 3329, 707, 33.60%, 0, 0, 2, 27.99
1630674738, 0, 17, 3340, 3330, 707, 33.60%, 0, 0, 2, 25.66
1630674743, 0, 17, 3343, 3333, 707, 33.61%, 0, 0, 2, 25.89
1630674754, 0, 17, 3346, 3336, 707, 33.61%, 0, 0, 2, 26.07
1630674759, 0, 17, 3347, 3337, 707, 33.61%, 0, 0, 2, 25.77
1630674779, 0, 17, 3348, 3338, 707, 33.61%, 0, 0, 2, 26.00
1630674795, 0, 17, 3349, 3339, 707, 33.61%, 0, 0, 2, 26.01
1630674800, 0, 17, 3350, 3340, 707, 33.61%, 0, 0, 2, 25.83
1630674826, 0, 17, 3351, 3341, 707, 33.61%, 0, 0, 2, 27.53
1630674846, 0, 17, 3352, 3342, 707, 33.62%, 0, 0, 2, 26.34
1630674851, 0, 17, 3353, 3343, 707, 33.64%, 0, 0, 2, 27.29
1630674867, 0, 17, 3356, 3346, 707, 33.65%, 0, 0, 2, 26.09
1630674872, 0, 17, 3357, 3347, 707, 33.65%, 0, 0, 2, 26.25
1630674877, 0, 17, 3358, 3348, 707, 33.65%, 0, 0, 2, 27.73
1630674882, 0, 17, 3359, 3349, 707, 33.65%, 0, 0, 2, 30.19
1630674888, 0, 17, 3370, 3360, 707, 33.76%, 0, 0, 2, 34.67
1630674893, 0, 17, 3380, 3370, 707, 33.77%, 0, 0, 2, 25.47
1630674898, 0, 17, 3387, 3377, 707, 33.78%, 0, 0, 2, 27.58
1630674903, 0, 17, 3390, 3380, 707, 33.80%, 0, 0, 2, 31.73
1630674908, 0, 17, 3394, 3384, 707, 33.80%, 0, 0, 2, 30.15
1630674913, 0, 17, 3395, 3385, 707, 33.80%, 0, 0, 2, 31.92
1630674918, 0, 17, 3400, 3390, 707, 33.80%, 0, 0, 2, 93.95
1630674923, 0, 17, 3411, 3401, 707, 33.81%, 0, 0, 2, 63.83
1630674928, 0, 17, 3424, 3414, 707, 33.82%, 0, 0, 2, 38.70
1630674933, 0, 17, 3442, 3432, 707, 33.89%, 0, 0, 2, 40.20
1630674938, 0, 17, 3456, 3446, 707, 33.90%, 0, 0, 2, 36.54
1630674943, 0, 17, 3471, 3461, 707, 33.92%, 0, 0, 2, 32.54
1630674949, 0, 17, 3485, 3475, 707, 33.92%, 0, 0, 2, 32.77
1630674954, 0, 17, 3500, 3490, 707, 33.93%, 0, 0, 2, 31.77
1630674959, 0, 17, 3510, 3500, 707, 33.93%, 0, 0, 2, 29.31
1630674964, 0, 17, 3521, 3511, 707, 33.94%, 0, 0, 2, 37.85
1630674969, 0, 17, 3533, 3523, 707, 33.94%, 0, 0, 2, 33.53
1630674974, 0, 17, 3542, 3532, 707, 33.96%, 0, 0, 2, 30.87
1630674980, 0, 17, 3543, 3533, 707, 33.96%, 0, 0, 2, 26.86
1630674985, 0, 17, 3548, 3538, 707, 34.03%, 0, 0, 2, 26.00
1630674990, 0, 17, 3550, 3540, 707, 34.04%, 0, 0, 2, 25.81
1630675010, 0, 17, 3556, 3546, 707, 34.13%, 0, 0, 2, 26.06
1630675015, 0, 17, 3563, 3553, 707, 34.13%, 0, 0, 2, 27.72
1630675021, 0, 17, 3570, 3560, 707, 34.14%, 0, 0, 2, 26.32
1630675026, 0, 17, 3574, 3564, 707, 34.15%, 0, 0, 2, 26.21
1630675031, 0, 17, 3575, 3565, 707, 34.15%, 0, 0, 2, 28.40
1630675036, 0, 17, 3577, 3567, 707, 34.15%, 0, 0, 2, 26.59
1630675052, 0, 17, 3578, 3568, 707, 34.15%, 0, 0, 2, 26.06
1630675072, 0, 17, 3580, 3570, 707, 34.16%, 0, 0, 2, 26.08
1630675077, 0, 17, 3582, 3572, 707, 34.16%, 0, 0, 2, 25.76
1630675082, 0, 17, 3588, 3578, 707, 34.16%, 0, 0, 2, 25.62
1630675088, 0, 17, 3594, 3584, 707, 34.16%, 0, 0, 2, 25.62
1630675093, 0, 17, 3599, 3589, 707, 34.16%, 0, 0, 2, 25.63
1630675098, 0, 17, 3601, 3591, 707, 34.16%, 0, 0, 2, 26.37
1630675139, 0, 17, 3603, 3593, 707, 34.27%, 0, 0, 2, 25.75
1630675144, 0, 17, 3604, 3594, 707, 34.27%, 0, 0, 2, 25.87
1630675159, 0, 17, 3605, 3595, 707, 34.28%, 0, 0, 2, 25.77
1630675170, 0, 17, 3606, 3596, 707, 34.30%, 0, 0, 2, 25.94
1630675175, 0, 17, 3608, 3598, 707, 34.30%, 0, 0, 2, 26.23
1630675180, 0, 17, 3609, 3599, 707, 34.30%, 0, 0, 2, 25.74
1630675621, 0, 17, 3612, 3602, 707, 34.30%, 0, 0, 2, 27.62
1630675632, 0, 17, 3613, 3603, 707, 34.30%, 0, 0, 2, 30.14
1630675642, 0, 17, 3615, 3605, 707, 34.30%, 0, 0, 2, 54.95
1630675647, 0, 17, 3617, 3607, 707, 34.30%, 0, 0, 2, 63.56
1630675652, 0, 17, 3626, 3616, 707, 34.31%, 0, 0, 2, 38.37
1630675657, 0, 17, 3629, 3619, 707, 34.32%, 0, 0, 2, 37.48
1630675662, 0, 17, 3631, 3621, 707, 34.32%, 0, 0, 2, 36.82
1630675667, 0, 17, 3641, 3631, 707, 34.34%, 0, 0, 2, 36.60
1630675672, 0, 17, 3645, 3635, 707, 34.34%, 0, 0, 2, 36.00
1630675935, 0, 17, 3646, 3636, 707, 34.34%, 0, 0, 2, 25.75
1630675960, 0, 17, 3647, 3637, 707, 34.34%, 0, 0, 2, 27.36
1630675965, 0, 17, 3648, 3638, 707, 34.34%, 0, 0, 2, 26.13
1630675986, 0, 17, 3649, 3639, 707, 34.34%, 0, 0, 2, 30.94
1630676011, 0, 17, 3652, 3642, 707, 34.34%, 0, 0, 2, 32.04
1630676016, 0, 17, 3653, 3643, 707, 34.35%, 0, 0, 2, 35.06
1630676021, 0, 17, 3654, 3644, 707, 34.35%, 0, 0, 2, 47.71
1630676068, 0, 17, 3655, 3645, 707, 34.35%, 0, 0, 2, 25.71
1630676134, 0, 17, 3656, 3646, 707, 34.35%, 0, 0, 2, 24.44
1630676139, 0, 17, 3664, 3654, 707, 34.36%, 0, 0, 2, 27.61
1630676144, 0, 17, 3669, 3659, 707, 34.36%, 0, 0, 2, 26.92
1630676165, 0, 17, 3670, 3660, 707, 34.36%, 0, 0, 2, 25.89
1630676175, 0, 17, 3671, 3661, 707, 34.36%, 0, 0, 2, 25.67
1630676216, 0, 17, 3672, 3662, 707, 34.39%, 0, 0, 2, 25.73
1630676308, 0, 17, 3678, 3668, 707, 34.39%, 0, 0, 2, 37.86
1630676313, 0, 17, 3680, 3670, 707, 34.39%, 0, 0, 2, 38.99
1630676319, 0, 17, 3682, 3672, 707, 34.39%, 0, 0, 2, 39.67
1630676334, 0, 17, 3684, 3674, 707, 34.39%, 0, 0, 2, 90.43
1630676339, 0, 17, 3694, 3684, 707, 34.39%, 0, 0, 2, 64.48
1630676344, 0, 17, 3706, 3696, 707, 34.39%, 0, 0, 2, 44.49
1630676350, 0, 17, 3713, 3703, 707, 34.39%, 0, 0, 2, 31.52
1630676355, 0, 17, 3715, 3705, 707, 34.39%, 0, 0, 2, 37.52
1630676360, 0, 17, 3717, 3707, 707, 34.39%, 0, 0, 2, 29.91
1630676370, 0, 17, 3718, 3708, 707, 34.39%, 0, 0, 2, 26.06
1630676391, 0, 17, 3721, 3711, 707, 34.40%, 0, 0, 2, 26.02
1630676396, 0, 17, 3723, 3713, 707, 34.40%, 0, 0, 2, 27.70
1630676406, 0, 17, 3725, 3715, 707, 34.40%, 0, 0, 2, 28.57
1630676432, 0, 17, 3726, 3716, 707, 34.40%, 0, 0, 2, 25.84
1630676447, 0, 17, 3728, 3718, 707, 34.40%, 0, 0, 2, 26.09
1630676452, 0, 17, 3731, 3721, 707, 34.40%, 0, 0, 2, 25.85
1630676457, 0, 17, 3733, 3723, 707, 34.41%, 0, 0, 2, 25.84
1630676462, 0, 17, 3736, 3726, 707, 34.42%, 0, 0, 2, 25.79
1630676467, 0, 17, 3738, 3728, 707, 34.42%, 0, 0, 2, 25.83
1630676478, 0, 17, 3739, 3729, 707, 34.42%, 0, 0, 2, 25.94
1630676498, 0, 17, 3741, 3731, 707, 34.42%, 0, 0, 2, 27.03
1630677010, 0, 17, 3742, 3732, 707, 34.42%, 0, 0, 2, 48.42
1630677015, 0, 17, 3745, 3735, 707, 34.42%, 0, 0, 2, 54.30
1630677020, 0, 17, 3748, 3738, 707, 34.42%, 0, 0, 2, 41.87
1630677030, 0, 17, 3751, 3741, 707, 34.42%, 0, 0, 2, 42.35
1630677035, 0, 17, 3753, 3743, 707, 34.43%, 0, 0, 2, 34.26
1630677322, 0, 17, 3754, 3744, 707, 34.43%, 0, 0, 2, 26.84
1630677327, 0, 17, 3755, 3745, 707, 34.43%, 0, 0, 2, 25.99
1630677348, 0, 17, 3757, 3747, 707, 34.43%, 0, 0, 2, 37.72
1630677358, 0, 17, 3758, 3748, 707, 34.43%, 0, 0, 2, 36.98
1630677373, 0, 17, 3759, 3749, 707, 34.43%, 0, 0, 2, 28.57
1630677450, 0, 17, 3760, 3750, 707, 34.43%, 0, 0, 2, 29.08
1630677470, 0, 17, 3762, 3752, 707, 34.43%, 0, 0, 2, 122.00
1630677485, 0, 17, 3763, 3753, 707, 34.43%, 0, 0, 2, 25.72
1630677490, 0, 17, 3765, 3755, 707, 34.43%, 0, 0, 2, 26.97
1630677536, 0, 17, 3767, 3757, 707, 34.43%, 0, 0, 2, 26.59
1630677634, 0, 17, 3768, 3758, 707, 34.44%, 0, 0, 2, 26.02
1630677659, 0, 17, 3769, 3759, 707, 34.44%, 0, 0, 2, 39.45
1630677670, 0, 17, 3770, 3760, 707, 34.44%, 0, 0, 2, 46.22
1630677675, 0, 17, 3776, 3766, 707, 34.44%, 0, 0, 2, 110.96
1630677680, 0, 17, 3791, 3781, 707, 34.44%, 0, 0, 2, 79.87
1630677685, 0, 17, 3799, 3789, 707, 34.44%, 0, 0, 2, 50.38
1630677690, 0, 17, 3804, 3794, 707, 34.44%, 0, 0, 2, 33.30
1630677695, 0, 17, 3809, 3799, 707, 34.45%, 0, 0, 2, 38.71
1630677731, 0, 17, 3810, 3800, 707, 34.45%, 0, 0, 2, 28.34
1630677741, 0, 17, 3812, 3802, 707, 34.45%, 0, 0, 2, 26.39
1630677782, 0, 17, 3814, 3804, 707, 34.45%, 0, 0, 2, 26.54
1630677787, 0, 17, 3815, 3805, 707, 34.45%, 0, 0, 2, 25.99
1630677792, 0, 17, 3817, 3807, 707, 34.45%, 0, 0, 2, 25.86
1630677797, 0, 17, 3819, 3809, 707, 34.45%, 0, 0, 2, 25.90
1630677802, 0, 17, 3820, 3810, 707, 34.45%, 0, 0, 2, 26.15
1630677843, 0, 17, 3821, 3811, 707, 34.46%, 0, 0, 2, 26.25
1630677879, 0, 17, 3822, 3812, 707, 34.46%, 0, 0, 2, 26.00
1630678340, 0, 17, 3823, 3813, 707, 34.46%, 0, 0, 2, 61.39
1630678345, 0, 17, 3824, 3814, 707, 34.46%, 0, 0, 2, 62.08
1630678350, 0, 17, 3826, 3816, 707, 34.47%, 0, 0, 2, 67.32
1630678360, 0, 17, 3831, 3821, 707, 34.47%, 0, 0, 2, 51.56
1630678631, 0, 17, 3833, 3823, 707, 34.48%, 0, 0, 2, 31.04
1630678677, 0, 17, 3837, 3827, 707, 34.48%, 0, 0, 2, 31.18
1630678692, 0, 17, 3838, 3828, 707, 34.48%, 0, 0, 2, 26.25
1630678800, 0, 17, 3839, 3829, 707, 34.48%, 0, 0, 2, 32.42
1630678841, 0, 17, 3843, 3833, 707, 34.48%, 0, 0, 2, 72.88
1630678907, 0, 17, 3844, 3834, 707, 34.48%, 0, 0, 2, 26.56
1630678948, 0, 17, 3852, 3842, 707, 34.48%, 0, 0, 2, 37.09
1630679148, 0, 17, 3853, 3843, 707, 34.48%, 0, 0, 2, 25.92
1630679158, 0, 17, 3854, 3844, 707, 34.48%, 0, 0, 2, 25.86
1630679163, 0, 17, 3855, 3845, 707, 34.48%, 0, 0, 2, 25.81
1630679168, 0, 17, 3856, 3846, 707, 34.48%, 0, 0, 2, 25.77
1630679173, 0, 17, 3857, 3847, 707, 34.48%, 0, 0, 2, 25.77
1630679199, 0, 17, 3858, 3848, 707, 34.48%, 0, 0, 2, 25.80
1630679204, 0, 17, 3860, 3850, 707, 34.49%, 0, 0, 2, 25.66
1630679275, 0, 17, 3861, 3851, 707, 34.49%, 0, 0, 2, 27.78
1630679311, 0, 17, 3863, 3853, 707, 34.49%, 0, 0, 2, 26.49
1630679316, 0, 17, 3864, 3854, 707, 34.49%, 0, 0, 2, 28.35
1630679347, 0, 17, 3865, 3855, 707, 34.49%, 0, 0, 2, 28.75
1630679526, 0, 17, 3866, 3856, 707, 34.49%, 0, 0, 2, 92.16
1630679536, 0, 17, 3867, 3857, 707, 34.49%, 0, 0, 2, 31.17
1630679771, 0, 17, 3868, 3858, 707, 34.49%, 0, 0, 2, 26.00
1630679884, 0, 17, 3869, 3859, 707, 34.49%, 0, 0, 2, 25.77
1630679924, 0, 17, 3870, 3860, 707, 34.49%, 0, 0, 2, 26.23
1630679975, 0, 17, 3871, 3861, 707, 34.49%, 0, 0, 2, 26.54
1630679980, 0, 17, 3872, 3862, 707, 34.49%, 0, 0, 2, 26.61
1630680052, 0, 17, 3873, 3863, 707, 34.49%, 0, 0, 2, 39.02
1630680123, 0, 17, 3874, 3864, 707, 34.49%, 0, 0, 2, 185.18
1630680129, 0, 17, 3875, 3865, 707, 34.49%, 0, 0, 2, 162.98
1630680210, 0, 17, 3876, 3866, 707, 34.49%, 0, 0, 2, 26.72
1630680215, 0, 17, 3877, 3867, 707, 34.49%, 0, 0, 2, 27.93
1630680220, 0, 17, 3878, 3868, 707, 34.49%, 0, 0, 2, 26.67
1630680226, 0, 17, 3881, 3871, 707, 34.49%, 0, 0, 2, 25.57
1630680231, 0, 17, 3882, 3872, 707, 34.49%, 0, 0, 2, 25.00
1630680236, 0, 17, 3883, 3873, 707, 34.49%, 0, 0, 2, 25.54
1630680261, 0, 17, 3884, 3874, 707, 34.49%, 0, 0, 2, 25.46
1630680292, 0, 17, 3886, 3876, 707, 34.50%, 0, 0, 2, 26.87
1630680338, 0, 17, 3887, 3877, 707, 34.50%, 0, 0, 2, 27.71
1630680420, 0, 17, 3888, 3878, 707, 34.50%, 0, 0, 2, 25.85
1630680471, 0, 17, 3889, 3879, 707, 34.50%, 0, 0, 2, 27.87
1630680537, 0, 17, 3890, 3880, 707, 34.50%, 0, 0, 2, 27.43
1630680552, 0, 17, 3891, 3881, 707, 34.51%, 0, 0, 2, 26.27
1630680578, 0, 17, 3892, 3882, 707, 34.51%, 0, 0, 2, 26.18
1630680751, 0, 17, 3893, 3883, 707, 34.51%, 0, 0, 2, 26.01
1630680771, 0, 17, 3894, 3884, 707, 34.51%, 0, 0, 2, 25.91
1630680776, 0, 17, 3895, 3885, 707, 34.51%, 0, 0, 2, 26.09
1630680817, 0, 17, 3896, 3886, 707, 34.51%, 0, 0, 2, 25.99
1630681209, 0, 17, 3897, 3887, 707, 34.51%, 0, 0, 2, 26.01
1630681219, 0, 17, 3898, 3888, 707, 34.51%, 0, 0, 2, 26.04
1630681235, 0, 17, 3899, 3889, 707, 34.52%, 0, 0, 2, 26.02
1630681306, 0, 17, 3900, 3890, 707, 34.52%, 0, 0, 2, 152.02
1630681382, 0, 17, 3904, 3894, 707, 34.52%, 0, 0, 2, 52.78
1630681387, 0, 17, 3908, 3898, 707, 34.52%, 0, 0, 2, 38.70
1630681393, 0, 17, 3909, 3899, 707, 34.52%, 0, 0, 2, 44.26
1630681540, 0, 17, 3913, 3903, 707, 34.53%, 0, 0, 2, 202.43
1630681545, 0, 17, 3914, 3904, 707, 34.53%, 0, 0, 2, 191.55
1630681551, 0, 17, 3915, 3905, 707, 34.53%, 0, 0, 2, 40.77
1630681556, 0, 17, 3918, 3908, 707, 34.53%, 0, 0, 2, 77.36
1630681566, 0, 17, 3922, 3912, 707, 34.53%, 0, 0, 2, 63.03
1630681571, 0, 17, 3925, 3915, 707, 34.53%, 0, 0, 2, 70.90
1630681576, 0, 17, 3930, 3920, 707, 34.54%, 0, 0, 2, 73.35
1630681581, 0, 17, 3931, 3921, 707, 34.54%, 0, 0, 2, 39.97
1630681586, 0, 17, 3939, 3929, 707, 34.54%, 0, 0, 2, 44.28
1630681592, 0, 17, 3940, 3930, 707, 34.54%, 0, 0, 2, 43.47
1630681607, 0, 17, 3944, 3934, 707, 34.54%, 0, 0, 2, 38.23
1630681617, 0, 17, 3947, 3937, 707, 34.54%, 0, 0, 2, 27.39
1630681622, 0, 17, 3949, 3939, 707, 34.55%, 0, 0, 2, 27.94
1630681627, 0, 17, 3952, 3942, 707, 34.55%, 0, 0, 2, 26.48
1630681637, 0, 17, 3955, 3945, 707, 34.55%, 0, 0, 2, 46.45
1630681647, 0, 17, 3956, 3946, 707, 34.55%, 0, 0, 2, 46.14
1630681653, 0, 17, 3958, 3948, 707, 34.55%, 0, 0, 2, 59.09
1630681658, 0, 17, 3960, 3950, 707, 34.55%, 0, 0, 2, 36.89
1630681714, 0, 17, 3961, 3951, 707, 34.55%, 0, 0, 2, 26.75
1630681729, 0, 17, 3962, 3952, 707, 34.55%, 0, 0, 2, 25.88
1630681882, 0, 17, 3964, 3954, 707, 34.55%, 0, 0, 2, 26.44
1630681887, 0, 17, 3969, 3959, 707, 34.55%, 0, 0, 2, 25.88
1630681892, 0, 17, 3972, 3962, 707, 34.55%, 0, 0, 2, 26.08
1630681897, 0, 17, 3973, 3963, 707, 34.55%, 0, 0, 2, 26.74
1630681938, 0, 17, 3974, 3964, 707, 34.55%, 0, 0, 2, 26.74
1630681943, 0, 17, 3975, 3965, 707, 34.55%, 0, 0, 2, 26.51
1630681948, 0, 17, 3976, 3966, 707, 34.55%, 0, 0, 2, 26.43
1630681958, 0, 17, 3978, 3968, 707, 34.55%, 0, 0, 2, 26.75
1630681963, 0, 17, 3981, 3971, 707, 34.56%, 0, 0, 2, 26.70
1630682296, 0, 17, 3982, 3972, 707, 34.56%, 0, 0, 2, 25.89
1630682317, 0, 17, 3984, 3974, 707, 34.56%, 0, 0, 2, 25.86
1630682322, 0, 17, 3985, 3975, 707, 34.56%, 0, 0, 2, 25.82
1630682327, 0, 17, 3987, 3977, 707, 34.56%, 0, 0, 2, 25.82
1630682342, 0, 17, 3991, 3981, 707, 34.56%, 0, 0, 2, 25.81
1630682347, 0, 17, 3993, 3983, 707, 34.56%, 0, 0, 2, 25.90
1630682352, 0, 17, 3994, 3984, 707, 34.56%, 0, 0, 2, 25.97
1630682357, 0, 17, 3995, 3985, 707, 34.56%, 0, 0, 2, 25.93
1630682363, 0, 17, 3996, 3986, 707, 34.56%, 0, 0, 2, 25.92
1630682373, 0, 17, 4000, 3990, 707, 34.56%, 0, 0, 2, 25.89
1630682862, 0, 17, 4002, 3992, 707, 34.57%, 0, 0, 2, 26.36
1630683229, 0, 17, 4003, 3993, 707, 34.57%, 0, 0, 2, 190.52
1630683270, 0, 17, 4004, 3994, 707, 34.57%, 0, 0, 2, 71.33
1630683290, 0, 17, 4006, 3996, 707, 34.57%, 0, 0, 2, 25.24
1630683295, 0, 17, 4009, 3999, 707, 34.57%, 0, 0, 2, 32.03
1630683362, 0, 17, 4012, 4002, 707, 34.58%, 0, 0, 2, 45.29
1630683367, 0, 17, 4014, 4004, 707, 34.58%, 0, 0, 2, 121.43
1630683372, 0, 17, 4023, 4013, 707, 34.58%, 0, 0, 2, 70.11
1630685394, 0, 17, 4025, 4015, 707, 34.59%, 0, 0, 2, 37.37
1630685404, 0, 17, 4027, 4017, 707, 34.59%, 0, 0, 2, 32.30
1630685460, 0, 17, 4028, 4018, 707, 34.59%, 0, 0, 2, 25.80
1630685541, 0, 17, 4035, 4025, 707, 34.60%, 0, 0, 2, 87.98
1630685674, 0, 17, 4036, 4026, 707, 34.60%, 0, 0, 2, 26.21
1630685730, 0, 17, 4037, 4027, 707, 34.60%, 0, 0, 2, 26.22
1630685898, 0, 17, 4041, 4031, 707, 34.60%, 0, 0, 2, 55.35
1630685904, 0, 17, 4043, 4033, 707, 34.60%, 0, 0, 2, 48.78
1630685975, 0, 17, 4046, 4036, 707, 34.60%, 0, 0, 2, 25.95
1630686071, 0, 17, 4047, 4037, 707, 34.60%, 0, 0, 2, 77.49
1630686077, 0, 17, 4048, 4038, 707, 34.60%, 0, 0, 2, 43.76
1630686311, 0, 17, 4049, 4039, 707, 34.60%, 0, 0, 2, 26.01
1630686321, 0, 17, 4052, 4042, 707, 34.60%, 0, 0, 2, 25.77
1630686326, 0, 17, 4053, 4043, 707, 34.60%, 0, 0, 2, 25.74
1630686332, 0, 17, 4055, 4045, 707, 34.60%, 0, 0, 2, 25.74
1630686337, 0, 17, 4057, 4047, 707, 34.60%, 0, 0, 2, 25.78
1630686724, 0, 17, 4059, 4049, 707, 34.60%, 0, 0, 2, 33.85
1630686729, 0, 17, 4060, 4050, 707, 34.60%, 0, 0, 2, 26.72
1630686735, 0, 17, 4061, 4051, 707, 34.60%, 0, 0, 2, 25.21
1630686740, 0, 17, 4062, 4052, 707, 34.60%, 0, 0, 2, 27.40
1630686745, 0, 17, 4063, 4053, 707, 34.60%, 0, 0, 2, 26.41
1630686832, 0, 17, 4064, 4054, 707, 34.60%, 0, 0, 2, 25.77
1630687341, 0, 17, 4065, 4055, 707, 34.60%, 0, 0, 2, 169.73
1630687347, 0, 17, 4066, 4056, 707, 34.60%, 0, 0, 2, 189.10
1630687352, 0, 17, 4069, 4059, 707, 34.60%, 0, 0, 2, 115.07
1630687357, 0, 17, 4074, 4064, 707, 34.60%, 0, 0, 2, 70.76
1630687362, 0, 17, 4078, 4068, 707, 34.60%, 0, 0, 2, 48.17
1630687382, 0, 17, 4079, 4069, 707, 34.61%, 0, 0, 2, 45.24
1630687388, 0, 17, 4081, 4071, 707, 34.61%, 0, 0, 2, 58.74
1630687393, 0, 17, 4082, 4072, 707, 34.61%, 0, 0, 2, 34.00
1630687541, 0, 17, 4084, 4074, 707, 34.61%, 0, 0, 2, 25.81
1630687690, 0, 17, 4086, 4076, 707, 34.61%, 0, 0, 2, 25.95
1630687720, 0, 17, 4089, 4079, 707, 34.61%, 0, 0, 2, 25.96
1630687725, 0, 17, 4090, 4080, 707, 34.61%, 0, 0, 2, 25.93
1630687741, 0, 17, 4093, 4083, 707, 34.61%, 0, 0, 2, 25.79
1630687904, 0, 17, 4094, 4084, 707, 34.61%, 0, 0, 2, 25.78
1630688166, 0, 17, 4095, 4085, 707, 34.61%, 0, 0, 2, 203.79
1630688171, 0, 17, 4097, 4087, 707, 34.61%, 0, 0, 2, 36.43
1630689180, 0, 17, 4098, 4088, 707, 34.61%, 0, 0, 2, 26.10
1630689282, 0, 17, 4099, 4089, 707, 34.61%, 0, 0, 2, 37.20
1630689379, 0, 17, 4100, 4090, 707, 34.61%, 0, 0, 2, 120.65
1630689782, 0, 17, 4101, 4091, 707, 34.61%, 0, 0, 2, 28.86
1630689788, 0, 17, 4102, 4092, 707, 34.61%, 0, 0, 2, 25.23
1630689798, 0, 17, 4103, 4093, 707, 34.61%, 0, 0, 2, 24.94
1630689803, 0, 17, 4105, 4095, 707, 34.61%, 0, 0, 2, 27.40
1630689808, 0, 17, 4107, 4097, 707, 34.61%, 0, 0, 2, 27.59
1630689813, 0, 17, 4108, 4098, 707, 34.61%, 0, 0, 2, 25.28
1630689823, 0, 17, 4109, 4099, 707, 34.61%, 0, 0, 2, 24.11
