# unix_time, cycles_done, cur_path, paths_total, pending_total, pending_favs, map_size, unique_crashes, unique_hangs, max_depth, execs_per_sec
1638161454, 0, 0, 4, 4, 4, 19.07%, 0, 0, 1, 3.43
1638161652, 0, 0, 5, 5, 4, 19.10%, 0, 0, 2, 1.80
1638161657, 0, 0, 6, 6, 4, 19.10%, 0, 0, 2, 1.77
1638161663, 0, 0, 7, 7, 4, 19.10%, 0, 0, 2, 1.76
1638161668, 0, 0, 8, 8, 4, 19.10%, 0, 0, 2, 1.74
1638161673, 0, 0, 9, 9, 4, 19.10%, 0, 0, 2, 1.74
1638161678, 0, 0, 10, 10, 4, 19.11%, 0, 0, 2, 1.71
1638161689, 0, 0, 11, 11, 4, 19.11%, 0, 0, 2, 1.71
1638161694, 0, 0, 12, 12, 4, 19.11%, 0, 0, 2, 1.72
1638161710, 0, 0, 13, 13, 4, 19.11%, 0, 0, 2, 1.69
1638161715, 0, 0, 14, 14, 4, 19.12%, 0, 0, 2, 1.70
1638161720, 0, 0, 15, 15, 4, 19.16%, 0, 0, 2, 1.72
1638161731, 0, 0, 16, 16, 4, 19.16%, 0, 0, 2, 1.74
1638161736, 0, 0, 17, 17, 4, 19.16%, 0, 0, 2, 1.75
1638161746, 0, 0, 18, 18, 4, 19.16%, 0, 0, 2, 1.74
1638161751, 0, 0, 25, 25, 4, 19.22%, 0, 0, 2, 105.19
1638161757, 0, 0, 56, 56, 4, 19.36%, 0, 0, 2, 49.56
1638161773, 0, 0, 57, 57, 4, 19.36%, 0, 0, 2, 1.76
1638161778, 0, 0, 58, 58, 4, 19.36%, 0, 0, 2, 1.74
1638161783, 0, 0, 60, 60, 4, 19.36%, 0, 0, 2, 1.74
1638161788, 0, 0, 61, 61, 4, 19.36%, 0, 0, 2, 1.75
1638161798, 0, 0, 62, 62, 4, 19.36%, 0, 0, 2, 1.74
1638161804, 0, 0, 63, 63, 4, 19.36%, 0, 0, 2, 1.75
1638161809, 0, 0, 64, 64, 4, 19.36%, 0, 0, 2, 1.74
1638161814, 0, 0, 65, 65, 4, 19.36%, 0, 0, 2, 1.74
1638161840, 0, 0, 66, 66, 4, 19.36%, 0, 0, 2, 1.72
1638161850, 0, 0, 67, 67, 4, 19.36%, 0, 0, 2, 1.74
1638161855, 0, 0, 68, 68, 4, 19.36%, 0, 0, 2, 18.36
1638161861, 0, 0, 94, 94, 4, 19.39%, 0, 0, 2, 124.34
1638161871, 0, 0, 95, 95, 4, 19.39%, 0, 0, 2, 1.74
1638161881, 0, 0, 96, 96, 4, 19.39%, 0, 0, 2, 1.75
1638161913, 0, 0, 100, 100, 4, 19.39%, 0, 0, 2, 1.77
1638161918, 0, 0, 112, 112, 4, 19.40%, 0, 0, 2, 1.73
1638161938, 0, 0, 113, 113, 4, 19.40%, 0, 0, 2, 1.74
1638161944, 0, 0, 114, 114, 4, 19.40%, 0, 0, 2, 1.73
1638161949, 0, 0, 115, 115, 4, 19.40%, 0, 0, 2, 1.74
1638161954, 0, 0, 116, 116, 4, 19.40%, 0, 0, 2, 1.77
1638161959, 0, 0, 117, 117, 4, 19.40%, 0, 0, 2, 1.76
1638161975, 0, 0, 118, 118, 4, 19.40%, 0, 0, 2, 1.75
1638161985, 0, 0, 119, 119, 4, 19.40%, 0, 0, 2, 16.86
1638161995, 0, 0, 126, 126, 4, 19.43%, 0, 0, 2, 1.74
1638162001, 0, 0, 134, 134, 4, 19.47%, 0, 0, 2, 58.44
1638162006, 0, 0, 151, 151, 4, 19.57%, 0, 0, 2, 1.77
1638162011, 0, 0, 152, 152, 4, 19.57%, 0, 0, 2, 1.76
1638162021, 0, 0, 153, 153, 4, 19.57%, 0, 0, 2, 1.73
1638162053, 0, 0, 157, 157, 4, 19.58%, 0, 0, 2, 1.77
1638162058, 0, 0, 173, 173, 4, 19.59%, 0, 0, 2, 1.73
1638162079, 0, 0, 174, 174, 4, 19.59%, 0, 0, 2, 1.70
1638162085, 0, 0, 175, 175, 4, 19.59%, 0, 0, 2, 1.70
1638162090, 0, 0, 176, 176, 4, 19.59%, 0, 0, 2, 1.72
1638162110, 0, 0, 177, 177, 4, 19.59%, 0, 0, 2, 1.75
1638162115, 0, 0, 178, 178, 4, 19.59%, 0, 0, 2, 1.75
1638162126, 0, 0, 179, 179, 4, 19.59%, 0, 0, 2, 1.70
1638162147, 0, 0, 180, 180, 4, 19.59%, 0, 0, 2, 1.73
1638162157, 0, 0, 181, 181, 4, 19.59%, 0, 0, 2, 1.77
1638162167, 0, 0, 183, 183, 4, 19.59%, 0, 0, 2, 1.65
1638162173, 0, 0, 184, 184, 4, 19.59%, 0, 0, 2, 1.68
1638162178, 0, 0, 187, 187, 4, 19.63%, 0, 0, 2, 1.77
1638162183, 0, 0, 190, 190, 4, 19.63%, 0, 0, 2, 1.80
1638162188, 0, 0, 191, 191, 4, 19.63%, 0, 0, 2, 1.76
1638162193, 0, 0, 192, 192, 4, 19.63%, 0, 0, 2, 1.74
1638162204, 0, 0, 199, 199, 4, 19.64%, 0, 0, 2, 187.51
1638162209, 0, 0, 207, 207, 4, 19.67%, 0, 0, 2, 32.61
1638162214, 0, 0, 210, 210, 4, 19.79%, 0, 0, 2, 22.01
1638162220, 0, 0, 211, 211, 4, 19.79%, 0, 0, 2, 2.47
1638162225, 0, 0, 212, 212, 4, 19.79%, 0, 0, 2, 2.52
1638162235, 0, 0, 213, 213, 4, 19.79%, 0, 0, 2, 2.48
1638162240, 0, 0, 215, 215, 4, 19.79%, 0, 0, 2, 14.95
1638162251, 0, 0, 216, 216, 4, 19.79%, 0, 0, 2, 1.71
1638162256, 0, 0, 217, 217, 4, 19.79%, 0, 0, 2, 1.73
1638162261, 0, 0, 218, 218, 4, 19.80%, 0, 0, 2, 1.75
1638162266, 0, 0, 219, 219, 4, 19.82%, 0, 0, 2, 1.76
1638162271, 0, 0, 220, 220, 4, 19.83%, 0, 0, 2, 1.76
1638162276, 0, 0, 221, 221, 4, 19.83%, 0, 0, 2, 1.77
1638162282, 0, 0, 223, 223, 4, 19.83%, 0, 0, 2, 1.76
1638162292, 0, 0, 224, 224, 4, 19.85%, 0, 0, 2, 1.77
1638162297, 0, 0, 225, 225, 4, 19.85%, 0, 0, 2, 1.78
1638162302, 0, 0, 226, 226, 4, 19.86%, 0, 0, 2, 1.77
1638162307, 0, 0, 227, 227, 4, 19.86%, 0, 0, 2, 1.77
1638162312, 0, 0, 228, 228, 4, 19.86%, 0, 0, 2, 2.08
1638162319, 0, 0, 229, 229, 4, 19.86%, 0, 0, 2, 0.33
1638162324, 0, 0, 230, 230, 4, 19.86%, 0, 0, 2, 3.84
1638162329, 0, 0, 231, 231, 4, 19.88%, 0, 0, 2, 3.50
1638162340, 0, 0, 233, 233, 4, 19.88%, 0, 0, 2, 23.98
1638162345, 0, 0, 234, 234, 4, 19.88%, 0, 0, 2, 0.34
1638162374, 0, 0, 235, 235, 4, 19.88%, 0, 0, 2, 0.38
1638162391, 0, 0, 236, 236, 4, 19.88%, 0, 0, 2, 0.55
1638162396, 0, 0, 237, 237, 4, 19.88%, 0, 0, 2, 3.77
1638162401, 0, 0, 238, 238, 4, 19.88%, 0, 0, 2, 3.64
1638162406, 0, 0, 239, 239, 4, 19.88%, 0, 0, 2, 2.87
1638162412, 0, 0, 240, 240, 4, 19.88%, 0, 0, 2, 2.35
1638162417, 0, 0, 241, 241, 4, 19.88%, 0, 0, 2, 2.04
1638162423, 0, 0, 242, 242, 4, 19.88%, 0, 0, 2, 2.06
1638162428, 0, 0, 243, 243, 4, 19.88%, 0, 0, 2, 1.89
1638162433, 0, 0, 244, 244, 4, 19.88%, 0, 0, 2, 1.82
1638162443, 0, 0, 246, 246, 4, 19.88%, 0, 0, 2, 1.78
1638162448, 0, 0, 247, 247, 4, 19.88%, 0, 0, 2, 1.78
1638162453, 0, 0, 262, 262, 4, 19.90%, 0, 0, 2, 89.56
1638162459, 0, 0, 265, 265, 4, 19.90%, 0, 0, 2, 1.83
1638162490, 0, 0, 267, 267, 4, 19.90%, 0, 0, 2, 1.80
1638162495, 0, 0, 282, 282, 4, 19.90%, 0, 0, 2, 1.84
1638162511, 0, 0, 283, 283, 4, 19.90%, 0, 0, 2, 1.80
1638162516, 0, 0, 284, 284, 4, 19.90%, 0, 0, 2, 1.78
1638162527, 0, 0, 286, 286, 4, 19.91%, 0, 0, 2, 1.69
1638162542, 0, 0, 287, 287, 4, 19.91%, 0, 0, 2, 1.80
1638162552, 0, 0, 288, 288, 4, 19.91%, 0, 0, 2, 1.78
1638162574, 0, 0, 304, 304, 4, 19.91%, 0, 0, 2, 44.53
1638162579, 0, 0, 306, 306, 4, 19.91%, 0, 0, 2, 1.77
1638162595, 0, 0, 312, 312, 4, 19.95%, 0, 0, 2, 22.92
1638162600, 0, 0, 321, 321, 4, 19.95%, 0, 0, 2, 51.82
1638162605, 0, 0, 323, 323, 4, 19.95%, 0, 0, 2, 1.79
1638162626, 0, 0, 324, 324, 4, 19.95%, 0, 0, 2, 1.78
1638162652, 0, 0, 326, 326, 4, 19.95%, 0, 0, 2, 1.75
1638162657, 0, 0, 327, 327, 4, 19.95%, 0, 0, 2, 18.61
1638162672, 0, 0, 329, 329, 4, 19.96%, 0, 0, 2, 1.81
1638162677, 0, 0, 330, 330, 4, 19.96%, 0, 0, 2, 1.79
1638162703, 0, 0, 332, 332, 4, 19.96%, 0, 0, 2, 1.78
1638162740, 0, 0, 334, 334, 4, 19.97%, 0, 0, 2, 1.97
1638162745, 0, 0, 348, 348, 4, 20.08%, 0, 0, 2, 1.72
1638162755, 0, 0, 349, 349, 4, 20.08%, 0, 0, 2, 1.73
1638162761, 0, 0, 350, 350, 4, 20.08%, 0, 0, 2, 15.90
1638162777, 0, 0, 351, 351, 4, 20.08%, 0, 0, 2, 1.88
1638162792, 0, 0, 352, 352, 4, 20.08%, 0, 0, 2, 1.79
1638162797, 0, 0, 353, 353, 4, 20.08%, 0, 0, 2, 1.77
1638162812, 0, 0, 354, 354, 4, 20.08%, 0, 0, 2, 1.78
1638162818, 0, 0, 355, 355, 4, 20.13%, 0, 0, 2, 1.80
1638162823, 0, 0, 356, 356, 4, 20.13%, 0, 0, 2, 1.81
1638162829, 0, 0, 358, 358, 4, 20.13%, 0, 0, 2, 1.82
1638162839, 0, 0, 360, 360, 4, 20.13%, 0, 0, 2, 1.79
1638162854, 0, 0, 361, 361, 4, 20.13%, 0, 0, 2, 1.77
1638162870, 0, 0, 362, 362, 4, 20.13%, 0, 0, 2, 1.78
1638162880, 0, 0, 364, 364, 4, 20.13%, 0, 0, 2, 1.79
1638162895, 0, 0, 365, 365, 4, 20.13%, 0, 0, 2, 1.77
1638162911, 0, 0, 366, 366, 4, 20.13%, 0, 0, 2, 1.79
1638162922, 0, 0, 367, 367, 4, 20.13%, 0, 0, 2, 1.82
1638162932, 0, 0, 368, 368, 4, 20.13%, 0, 0, 2, 1.78
1638162947, 0, 0, 369, 369, 4, 20.13%, 0, 0, 2, 1.77
1638162952, 0, 0, 370, 370, 4, 20.13%, 0, 0, 2, 1.79
1638162958, 0, 0, 371, 371, 4, 20.13%, 0, 0, 2, 1.80
1638162968, 0, 0, 373, 373, 4, 20.13%, 0, 0, 2, 1.79
1638162983, 0, 0, 374, 374, 4, 20.13%, 0, 0, 2, 1.73
1638162999, 0, 0, 376, 376, 4, 20.13%, 0, 0, 2, 1.83
1638163004, 0, 0, 377, 377, 4, 20.13%, 0, 0, 2, 1.83
1638163009, 0, 0, 378, 378, 4, 20.13%, 0, 0, 2, 1.81
1638163014, 0, 0, 379, 379, 4, 20.13%, 0, 0, 2, 1.76
1638163025, 0, 0, 380, 380, 4, 20.13%, 0, 0, 2, 1.73
1638163041, 0, 0, 381, 381, 4, 20.16%, 0, 0, 2, 1.78
1638163051, 0, 0, 382, 382, 4, 20.16%, 0, 0, 2, 1.76
1638163062, 0, 0, 383, 383, 4, 20.16%, 0, 0, 2, 1.73
1638163082, 0, 0, 385, 385, 4, 20.17%, 0, 0, 2, 1.80
1638163124, 0, 0, 388, 388, 4, 20.18%, 0, 0, 2, 16.90
1638163129, 0, 0, 398, 398, 4, 20.22%, 0, 0, 2, 1.78
1638163135, 0, 0, 403, 403, 4, 20.23%, 0, 0, 2, 1.97
1638163140, 0, 0, 416, 416, 4, 20.24%, 0, 0, 2, 19.04
1638163145, 0, 0, 419, 419, 4, 20.25%, 0, 0, 2, 1.83
1638163175, 0, 0, 422, 422, 4, 20.25%, 0, 0, 2, 1.84
1638163181, 0, 0, 423, 423, 4, 20.25%, 0, 0, 2, 1.81
1638163191, 0, 0, 424, 424, 4, 20.27%, 0, 0, 2, 1.76
1638163201, 0, 0, 425, 425, 4, 20.27%, 0, 0, 2, 1.75
1638163206, 0, 0, 426, 426, 4, 20.27%, 0, 0, 2, 1.77
1638163211, 0, 0, 427, 427, 4, 20.27%, 0, 0, 2, 1.77
1638163216, 0, 0, 428, 428, 4, 20.28%, 0, 0, 2, 1.77
1638163227, 0, 0, 429, 429, 4, 20.28%, 0, 0, 2, 1.74
1638163237, 0, 0, 430, 430, 4, 20.28%, 0, 0, 2, 1.74
1638163247, 0, 0, 431, 431, 4, 20.28%, 0, 0, 2, 1.78
1638163263, 0, 0, 432, 432, 4, 20.28%, 0, 0, 2, 1.75
1638163273, 0, 0, 433, 433, 4, 20.28%, 0, 0, 2, 1.75
1638163288, 0, 0, 434, 434, 4, 20.28%, 0, 0, 2, 1.78
1638163304, 0, 0, 435, 435, 4, 20.28%, 0, 0, 2, 1.75
1638163324, 0, 0, 436, 436, 4, 20.28%, 0, 0, 2, 1.73
1638163340, 0, 0, 437, 437, 4, 20.28%, 0, 0, 2, 1.75
1638163355, 0, 0, 438, 438, 4, 20.28%, 0, 0, 2, 17.12
1638163376, 0, 0, 439, 439, 4, 20.28%, 0, 0, 2, 1.76
1638163391, 0, 0, 440, 440, 4, 20.28%, 0, 0, 2, 1.76
1638163427, 0, 0, 441, 441, 4, 20.28%, 0, 0, 2, 1.77
1638163448, 0, 0, 442, 442, 4, 20.28%, 0, 0, 2, 1.81
1638163464, 0, 0, 443, 443, 4, 20.28%, 0, 0, 2, 1.80
1638163474, 0, 0, 445, 445, 4, 20.28%, 0, 0, 2, 1.75
1638163500, 0, 0, 446, 446, 4, 20.28%, 0, 0, 2, 1.75
1638163515, 0, 0, 447, 447, 4, 20.29%, 0, 0, 2, 1.78
1638163525, 0, 0, 448, 448, 4, 20.30%, 0, 0, 2, 1.75
1638163531, 0, 0, 449, 449, 4, 20.30%, 0, 0, 2, 1.72
1638163582, 0, 0, 450, 450, 4, 20.30%, 0, 0, 2, 1.78
1638163613, 0, 0, 451, 451, 4, 20.30%, 0, 0, 2, 1.79
1638163628, 0, 0, 454, 454, 4, 20.30%, 0, 0, 2, 1.76
1638163633, 0, 0, 455, 455, 4, 20.30%, 0, 0, 2, 1.80
1638163654, 0, 0, 456, 456, 4, 20.30%, 0, 0, 2, 1.77
1638163659, 0, 0, 458, 458, 4, 20.30%, 0, 0, 2, 1.78
1638163669, 0, 0, 459, 459, 4, 20.30%, 0, 0, 2, 1.78
1638163679, 0, 0, 469, 469, 4, 20.34%, 0, 0, 2, 230.96
1638163685, 0, 0, 479, 479, 4, 20.35%, 0, 0, 2, 1.79
1638163690, 0, 0, 480, 480, 4, 20.35%, 0, 0, 2, 1.78
1638163695, 0, 0, 482, 482, 4, 20.35%, 0, 0, 2, 1.79
1638163701, 0, 0, 486, 486, 4, 20.36%, 0, 0, 2, 121.99
1638163706, 0, 0, 489, 489, 4, 20.36%, 0, 0, 2, 1.76
1638163747, 0, 0, 490, 490, 4, 20.36%, 0, 0, 2, 1.76
1638163752, 0, 0, 491, 491, 4, 20.36%, 0, 0, 2, 1.74
1638163793, 0, 0, 492, 492, 4, 20.37%, 0, 0, 2, 1.78
1638163808, 0, 0, 494, 494, 4, 20.37%, 0, 0, 2, 1.82
1638163840, 0, 0, 495, 495, 4, 20.37%, 0, 0, 2, 1.79
1638163850, 0, 0, 496, 496, 4, 20.37%, 0, 0, 2, 1.78
1638163861, 0, 0, 497, 497, 4, 20.37%, 0, 0, 2, 1.72
1638163937, 0, 0, 498, 498, 4, 20.37%, 0, 0, 2, 1.77
1638163952, 0, 0, 499, 499, 4, 20.37%, 0, 0, 2, 1.84
1638163958, 0, 0, 500, 500, 4, 20.37%, 0, 0, 2, 1.81
1638163978, 0, 0, 501, 501, 4, 20.37%, 0, 0, 2, 1.79
1638164024, 0, 0, 502, 502, 4, 20.37%, 0, 0, 2, 1.81
1638164034, 0, 0, 503, 503, 4, 20.37%, 0, 0, 2, 1.76
1638164044, 0, 0, 504, 504, 4, 20.38%, 0, 0, 2, 1.81
1638164049, 0, 0, 505, 505, 4, 20.38%, 0, 0, 2, 1.79
1638164085, 0, 0, 506, 506, 4, 20.38%, 0, 0, 2, 1.76
1638164105, 0, 0, 507, 507, 4, 20.38%, 0, 0, 2, 1.78
1638164111, 0, 0, 508, 508, 4, 20.38%, 0, 0, 2, 1.76
1638164151, 0, 0, 509, 509, 4, 20.38%, 0, 0, 2, 1.82
1638164202, 0, 0, 510, 510, 4, 20.38%, 0, 0, 2, 1.78
1638164207, 0, 0, 511, 511, 4, 20.38%, 0, 0, 2, 1.78
1638164233, 0, 0, 512, 512, 4, 20.38%, 0, 0, 2, 1.83
1638164238, 0, 0, 513, 513, 4, 20.38%, 0, 0, 2, 1.81
1638164258, 0, 0, 514, 514, 4, 20.38%, 0, 0, 2, 1.79
1638164279, 0, 0, 515, 515, 4, 20.38%, 0, 0, 2, 1.97
1638164284, 0, 0, 516, 516, 4, 20.38%, 0, 0, 2, 1.86
1638164295, 0, 0, 517, 517, 4, 20.38%, 0, 0, 2, 1.82
1638164321, 0, 0, 518, 518, 4, 20.38%, 0, 0, 2, 1.80
1638164331, 0, 0, 519, 519, 4, 20.38%, 0, 0, 2, 1.79
1638164371, 0, 0, 520, 520, 4, 20.38%, 0, 0, 2, 1.78
1638164397, 0, 0, 521, 521, 4, 20.39%, 0, 0, 2, 1.77
1638164423, 0, 0, 522, 522, 4, 20.39%, 0, 0, 2, 1.79
1638164428, 0, 0, 523, 523, 4, 20.39%, 0, 0, 2, 1.76
1638164439, 0, 0, 524, 524, 4, 20.39%, 0, 0, 2, 1.75
1638164444, 0, 0, 525, 525, 4, 20.39%, 0, 0, 2, 1.77
1638164464, 0, 0, 526, 526, 4, 20.39%, 0, 0, 2, 1.87
1638164515, 0, 0, 527, 527, 4, 20.39%, 0, 0, 2, 1.81
1638164551, 0, 0, 528, 528, 4, 20.39%, 0, 0, 2, 1.84
1638164556, 0, 0, 529, 529, 4, 20.39%, 0, 0, 2, 1.80
1638164606, 0, 0, 530, 530, 4, 20.39%, 0, 0, 2, 1.84
1638164612, 0, 0, 531, 531, 4, 20.39%, 0, 0, 2, 1.80
1638164622, 0, 0, 532, 532, 4, 20.39%, 0, 0, 2, 1.79
1638164637, 0, 0, 533, 533, 4, 20.39%, 0, 0, 2, 1.85
1638164668, 0, 0, 534, 534, 4, 20.39%, 0, 0, 2, 1.82
1638164679, 0, 0, 535, 535, 4, 20.39%, 0, 0, 2, 1.78
1638164684, 0, 0, 536, 536, 4, 20.39%, 0, 0, 2, 1.78
1638164699, 0, 0, 537, 537, 4, 20.39%, 0, 0, 2, 1.86
1638164705, 0, 0, 538, 538, 4, 20.39%, 0, 0, 2, 1.81
1638164715, 0, 0, 539, 539, 4, 20.39%, 0, 0, 2, 1.79
1638164741, 0, 0, 540, 540, 4, 20.39%, 0, 0, 2, 1.77
1638164751, 0, 0, 541, 541, 4, 20.39%, 0, 0, 2, 17.21
1638164756, 0, 0, 542, 542, 4, 20.39%, 0, 0, 2, 1.77
1638164772, 0, 0, 543, 543, 4, 20.39%, 0, 0, 2, 16.31
1638164782, 0, 0, 544, 544, 4, 20.39%, 0, 0, 2, 1.72
1638164792, 0, 0, 545, 545, 4, 20.39%, 0, 0, 2, 1.76
1638164813, 0, 0, 546, 546, 4, 20.39%, 0, 0, 2, 1.69
1638164843, 0, 0, 547, 547, 4, 20.39%, 0, 0, 2, 1.77
1638164868, 0, 0, 548, 548, 4, 20.39%, 0, 0, 2, 1.80
1638164894, 0, 0, 549, 549, 4, 20.39%, 0, 0, 2, 1.80
1638164914, 0, 0, 550, 550, 4, 20.39%, 0, 0, 2, 1.78
1638164924, 0, 0, 551, 551, 4, 20.39%, 0, 0, 2, 1.80
1638164949, 0, 0, 552, 552, 4, 20.39%, 0, 0, 2, 1.89
1638164980, 0, 0, 553, 553, 4, 20.39%, 0, 0, 2, 1.86
1638165011, 0, 0, 555, 555, 4, 20.39%, 0, 0, 2, 1.80
1638165026, 0, 0, 556, 556, 4, 20.39%, 0, 0, 2, 1.80
1638165061, 0, 0, 557, 557, 4, 20.39%, 0, 0, 2, 1.79
1638165066, 0, 0, 558, 558, 4, 20.39%, 0, 0, 2, 1.87
1638165107, 0, 0, 559, 559, 4, 20.39%, 0, 0, 2, 1.88
1638165133, 0, 0, 560, 560, 4, 20.39%, 0, 0, 2, 1.82
1638165195, 0, 0, 561, 561, 4, 20.39%, 0, 0, 2, 1.78
1638165231, 0, 0, 562, 562, 4, 20.39%, 0, 0, 2, 1.88
1638165246, 0, 0, 563, 563, 4, 20.39%, 0, 0, 2, 1.86
1638165328, 0, 0, 565, 565, 4, 20.39%, 0, 0, 2, 17.48
1638165399, 0, 0, 566, 566, 4, 20.39%, 0, 0, 2, 1.83
1638165425, 0, 0, 567, 567, 4, 20.39%, 0, 0, 2, 1.86
1638165461, 0, 0, 568, 568, 4, 20.39%, 0, 0, 2, 1.79
1638165471, 0, 0, 569, 569, 4, 20.39%, 0, 0, 2, 1.79
1638165482, 0, 0, 570, 570, 4, 20.39%, 0, 0, 2, 1.78
1638165487, 0, 0, 571, 571, 4, 20.39%, 0, 0, 2, 1.79
1638165497, 0, 0, 572, 572, 4, 20.39%, 0, 0, 2, 1.78
1638165522, 0, 0, 573, 573, 4, 20.39%, 0, 0, 2, 1.81
1638165532, 0, 0, 574, 574, 4, 20.39%, 0, 0, 2, 1.76
1638165660, 0, 0, 575, 575, 4, 20.39%, 0, 0, 2, 1.80
1638165833, 0, 0, 576, 576, 4, 20.39%, 0, 0, 2, 1.80
1638165853, 0, 0, 577, 577, 4, 20.39%, 0, 0, 2, 28.52
1638165879, 0, 0, 578, 578, 4, 20.39%, 0, 0, 2, 1.75
1638165900, 0, 0, 579, 579, 4, 20.39%, 0, 0, 2, 1.77
1638166080, 0, 0, 580, 580, 4, 20.39%, 0, 0, 2, 1.78
1638166096, 0, 0, 581, 581, 4, 20.39%, 0, 0, 2, 1.79
1638166403, 0, 0, 585, 585, 4, 20.41%, 0, 0, 2, 18.06
1638166409, 0, 0, 587, 587, 4, 20.41%, 0, 0, 2, 1.80
1638166414, 0, 0, 588, 588, 4, 20.41%, 0, 0, 2, 1.76
1638166439, 0, 0, 589, 589, 4, 20.41%, 0, 0, 2, 1.80
1638166444, 0, 0, 590, 590, 4, 20.42%, 0, 0, 2, 1.87
1638166461, 0, 0, 591, 591, 4, 20.42%, 0, 0, 2, 1.72
1638166466, 0, 0, 592, 592, 4, 20.43%, 0, 0, 2, 1.75
1638166471, 0, 0, 593, 593, 4, 20.46%, 0, 0, 2, 1.79
1638166476, 0, 0, 594, 594, 4, 20.46%, 0, 0, 2, 1.78
1638166487, 0, 0, 595, 595, 4, 20.47%, 0, 0, 2, 1.77
1638166492, 0, 0, 596, 596, 4, 20.47%, 0, 0, 2, 1.77
1638166497, 0, 0, 597, 597, 4, 20.47%, 0, 0, 2, 1.78
1638166502, 0, 0, 598, 598, 4, 20.47%, 0, 0, 2, 1.78
1638166507, 0, 0, 599, 599, 4, 20.47%, 0, 0, 2, 1.77
1638166512, 0, 0, 600, 600, 4, 20.47%, 0, 0, 2, 1.78
1638166517, 0, 0, 601, 601, 4, 20.48%, 0, 0, 2, 1.77
1638166527, 0, 0, 603, 603, 4, 20.48%, 0, 0, 2, 1.78
1638166543, 0, 0, 604, 604, 4, 20.49%, 0, 0, 2, 1.80
1638166548, 0, 0, 605, 605, 4, 20.49%, 0, 0, 2, 1.77
1638166554, 0, 0, 606, 606, 4, 20.49%, 0, 0, 2, 1.77
1638166559, 0, 0, 607, 607, 4, 20.49%, 0, 0, 2, 1.77
1638166564, 0, 0, 608, 608, 4, 20.49%, 0, 0, 2, 1.78
1638166569, 0, 0, 609, 609, 4, 20.49%, 0, 0, 2, 1.79
1638166574, 0, 0, 610, 610, 4, 20.50%, 0, 0, 2, 1.78
1638166589, 0, 0, 611, 611, 4, 20.51%, 0, 0, 2, 1.78
1638166594, 0, 0, 612, 612, 4, 20.51%, 0, 0, 2, 1.78
1638166599, 0, 0, 613, 613, 4, 20.54%, 0, 0, 2, 1.79
1638166610, 0, 0, 614, 614, 4, 20.54%, 0, 0, 2, 1.86
1638166616, 0, 0, 615, 615, 4, 20.54%, 0, 0, 2, 1.83
1638166621, 0, 0, 616, 616, 4, 20.54%, 0, 0, 2, 1.83
1638166627, 0, 0, 617, 617, 4, 20.54%, 0, 0, 2, 1.82
1638166632, 0, 0, 618, 618, 4, 20.55%, 0, 0, 2, 1.81
1638166642, 0, 0, 619, 619, 4, 20.55%, 0, 0, 2, 1.80
1638166663, 0, 0, 620, 620, 4, 20.55%, 0, 0, 2, 1.76
1638166673, 0, 0, 622, 622, 4, 20.56%, 0, 0, 2, 1.77
1638166678, 0, 0, 623, 623, 4, 20.56%, 0, 0, 2, 1.80
1638166689, 0, 0, 624, 624, 4, 20.57%, 0, 0, 2, 1.78
1638166694, 0, 0, 625, 625, 4, 20.57%, 0, 0, 2, 1.78
1638166699, 0, 0, 626, 626, 4, 20.58%, 0, 0, 2, 1.78
1638166709, 0, 0, 627, 627, 4, 20.58%, 0, 0, 2, 1.79
1638166720, 0, 0, 628, 628, 4, 20.58%, 0, 0, 2, 1.79
1638166735, 0, 0, 629, 629, 4, 20.58%, 0, 0, 2, 1.79
1638166740, 0, 0, 630, 630, 4, 20.59%, 0, 0, 2, 1.78
1638166756, 0, 0, 631, 631, 4, 20.59%, 0, 0, 2, 1.77
1638166863, 0, 0, 632, 632, 4, 20.59%, 0, 0, 2, 1.79
1638166873, 0, 0, 633, 633, 4, 20.59%, 0, 0, 2, 1.85
1638166894, 0, 0, 634, 634, 4, 20.78%, 0, 0, 2, 1.75
1638166927, 0, 0, 635, 635, 4, 20.78%, 0, 0, 2, 1.63
1638166948, 0, 0, 636, 636, 4, 20.79%, 0, 0, 2, 1.62
1638166953, 0, 0, 637, 637, 4, 20.79%, 0, 0, 2, 1.62
1638166970, 0, 0, 638, 638, 4, 20.79%, 0, 0, 2, 1.71
1638166986, 0, 0, 639, 639, 4, 20.79%, 0, 0, 2, 1.80
1638166991, 0, 0, 640, 640, 4, 20.79%, 0, 0, 2, 1.81
1638167007, 0, 0, 641, 641, 4, 20.81%, 0, 0, 2, 1.78
1638167017, 0, 0, 642, 642, 4, 20.82%, 0, 0, 2, 1.79
1638167022, 0, 0, 643, 643, 4, 20.82%, 0, 0, 2, 1.79
1638167028, 0, 0, 644, 644, 4, 20.84%, 0, 0, 2, 1.76
1638167039, 0, 0, 646, 646, 4, 20.85%, 0, 0, 2, 1.84
1638167054, 0, 0, 647, 647, 4, 20.85%, 0, 0, 2, 1.81
1638167064, 0, 0, 649, 649, 4, 20.85%, 0, 0, 2, 1.79
1638167069, 0, 0, 650, 650, 4, 20.85%, 0, 0, 2, 1.78
1638167074, 0, 0, 651, 651, 4, 20.85%, 0, 0, 2, 1.79
1638167079, 0, 0, 652, 652, 4, 20.85%, 0, 0, 2, 1.79
1638167090, 0, 0, 653, 653, 4, 20.86%, 0, 0, 2, 1.79
1638167095, 0, 0, 655, 655, 4, 20.86%, 0, 0, 2, 15.80
1638167105, 0, 0, 656, 656, 4, 20.86%, 0, 0, 2, 1.73
1638167110, 0, 0, 657, 657, 4, 20.86%, 0, 0, 2, 1.84
1638167116, 0, 0, 659, 659, 4, 20.86%, 0, 0, 2, 1.80
1638167121, 0, 0, 660, 660, 4, 20.86%, 0, 0, 2, 1.79
1638167126, 0, 0, 661, 661, 4, 20.86%, 0, 0, 2, 1.75
1638167137, 0, 0, 667, 667, 4, 20.90%, 0, 0, 2, 1.71
1638167142, 0, 0, 671, 671, 4, 20.92%, 0, 0, 2, 1.76
1638167147, 0, 0, 672, 672, 4, 20.94%, 0, 0, 2, 1.78
1638167152, 0, 0, 673, 673, 4, 20.94%, 0, 0, 2, 1.79
1638167157, 0, 0, 674, 674, 4, 20.94%, 0, 0, 2, 1.78
1638167162, 0, 0, 675, 675, 4, 20.94%, 0, 0, 2, 1.78
1638167177, 0, 0, 676, 676, 4, 20.94%, 0, 0, 2, 1.78
1638167208, 0, 0, 677, 677, 4, 20.94%, 0, 0, 2, 1.79
1638167218, 0, 0, 678, 678, 4, 20.94%, 0, 0, 2, 1.77
1638167321, 0, 0, 679, 679, 4, 20.94%, 0, 0, 2, 1.79
1638167351, 0, 0, 680, 680, 4, 20.94%, 0, 0, 2, 1.77
1638167372, 0, 0, 681, 681, 4, 20.94%, 0, 0, 2, 1.73
1638167377, 0, 0, 682, 682, 4, 20.94%, 0, 0, 2, 1.76
1638167398, 0, 0, 683, 683, 4, 20.94%, 0, 0, 2, 1.77
1638167413, 0, 0, 684, 684, 4, 20.94%, 0, 0, 2, 1.73
1638167423, 0, 0, 685, 685, 4, 20.95%, 0, 0, 2, 1.76
1638167429, 0, 0, 686, 686, 4, 20.95%, 0, 0, 2, 1.76
1638167454, 0, 0, 687, 687, 4, 20.95%, 0, 0, 2, 1.72
1638167490, 0, 0, 688, 688, 4, 20.95%, 0, 0, 2, 1.80
1638167495, 0, 0, 689, 689, 4, 20.95%, 0, 0, 2, 49.60
1638167500, 0, 0, 691, 691, 4, 20.95%, 0, 0, 2, 1.79
1638167526, 0, 0, 692, 692, 4, 20.95%, 0, 0, 2, 1.86
1638167567, 0, 0, 693, 693, 4, 20.96%, 0, 0, 2, 1.80
1638167658, 0, 0, 695, 695, 4, 20.96%, 0, 0, 2, 1.83
1638167664, 0, 0, 698, 698, 4, 20.96%, 0, 0, 2, 1.80
1638167699, 0, 0, 699, 699, 4, 20.96%, 0, 0, 2, 48.44
1638167705, 0, 0, 702, 702, 4, 20.96%, 0, 0, 2, 1.76
1638167720, 0, 0, 703, 703, 4, 20.96%, 0, 0, 2, 1.75
1638167781, 0, 0, 704, 704, 4, 20.96%, 0, 0, 2, 1.80
1638167791, 0, 0, 705, 705, 4, 20.96%, 0, 0, 2, 1.79
1638167796, 0, 0, 706, 706, 4, 20.96%, 0, 0, 2, 1.80
1638167812, 0, 0, 710, 710, 4, 20.97%, 0, 0, 2, 2.56
1638167843, 0, 0, 711, 711, 4, 20.97%, 0, 0, 2, 1.95
1638167854, 0, 0, 712, 712, 4, 20.97%, 0, 0, 2, 2.02
1638167864, 0, 0, 712, 712, 4, 20.97%, 0, 1, 2, 0.19
1638167897, 0, 0, 713, 713, 4, 20.97%, 0, 1, 2, 2.25
1638167902, 0, 0, 714, 714, 4, 20.97%, 0, 1, 2, 2.62
1638167907, 0, 0, 715, 715, 4, 20.97%, 0, 1, 2, 2.64
1638167912, 0, 0, 716, 716, 4, 20.97%, 0, 1, 2, 2.27
1638167918, 0, 0, 717, 717, 4, 20.97%, 0, 1, 2, 8.73
1638167923, 0, 0, 720, 720, 4, 21.03%, 0, 1, 2, 1.76
1638167960, 0, 0, 724, 724, 4, 21.03%, 0, 1, 2, 1.76
1638167985, 0, 0, 725, 725, 4, 21.03%, 0, 1, 2, 1.76
1638168001, 0, 0, 726, 726, 4, 21.03%, 0, 1, 2, 1.85
1638168021, 0, 0, 728, 728, 4, 21.03%, 0, 1, 2, 131.28
1638168026, 0, 0, 729, 729, 4, 21.03%, 0, 1, 2, 14.93
1638168038, 0, 0, 731, 731, 4, 21.12%, 0, 1, 2, 16.98
1638168063, 0, 0, 732, 732, 4, 21.12%, 0, 1, 2, 1.77
1638168100, 0, 0, 733, 733, 4, 21.12%, 0, 1, 2, 1.68
1638168157, 0, 0, 735, 735, 4, 21.13%, 0, 1, 2, 1.75
1638168183, 0, 0, 736, 736, 4, 21.13%, 0, 1, 2, 1.75
1638168203, 0, 0, 737, 737, 4, 21.13%, 0, 1, 2, 2.02
1638168214, 0, 0, 738, 738, 4, 21.13%, 0, 1, 2, 1.87
1638168224, 0, 0, 739, 739, 4, 21.13%, 0, 1, 2, 1.81
1638168240, 0, 0, 740, 740, 4, 21.13%, 0, 1, 2, 1.81
1638168256, 0, 0, 741, 741, 4, 21.13%, 0, 1, 2, 1.79
1638168261, 0, 0, 742, 742, 4, 21.13%, 0, 1, 2, 1.79
1638168276, 0, 0, 743, 743, 4, 21.13%, 0, 1, 2, 1.82
1638168287, 0, 0, 744, 744, 4, 21.13%, 0, 1, 2, 1.73
1638168302, 0, 0, 745, 745, 4, 21.13%, 0, 1, 2, 1.78
1638168318, 0, 0, 746, 746, 4, 21.13%, 0, 1, 2, 1.80
1638168333, 0, 0, 747, 747, 4, 21.14%, 0, 1, 2, 1.78
1638168343, 0, 0, 748, 748, 4, 21.14%, 0, 1, 2, 1.79
1638168359, 0, 0, 749, 749, 4, 21.14%, 0, 1, 2, 1.80
1638168369, 0, 0, 750, 750, 4, 21.14%, 0, 1, 2, 1.80
1638168380, 0, 0, 751, 751, 4, 21.14%, 0, 1, 2, 1.76
1638168426, 0, 0, 752, 752, 4, 21.14%, 0, 1, 2, 1.79
1638168446, 0, 0, 753, 753, 4, 21.14%, 0, 1, 2, 1.78
1638168451, 0, 0, 754, 754, 4, 21.14%, 0, 1, 2, 1.79
1638168462, 0, 0, 755, 755, 4, 21.14%, 0, 1, 2, 1.77
1638168487, 0, 0, 759, 759, 4, 21.14%, 0, 1, 2, 133.09
1638168492, 0, 0, 760, 760, 4, 21.14%, 0, 1, 2, 4.40
1638168497, 0, 0, 762, 762, 4, 21.18%, 0, 1, 2, 1.71
1638168534, 0, 0, 763, 763, 4, 21.18%, 0, 1, 2, 1.90
1638168560, 0, 0, 764, 764, 4, 21.18%, 0, 1, 2, 1.77
1638168575, 0, 0, 765, 765, 4, 21.18%, 0, 1, 2, 1.79
1638168718, 0, 0, 766, 766, 4, 21.18%, 0, 1, 2, 1.90
1638168749, 0, 0, 767, 767, 4, 21.18%, 0, 1, 2, 11.38
1638168780, 0, 0, 768, 768, 4, 21.18%, 0, 1, 2, 1.76
1638168837, 0, 0, 769, 769, 4, 21.18%, 0, 1, 2, 1.76
1638168868, 0, 0, 771, 771, 4, 21.18%, 0, 1, 2, 20.33
1638168899, 0, 0, 772, 772, 4, 21.18%, 0, 1, 2, 1.85
1638168910, 0, 0, 773, 773, 4, 21.18%, 0, 1, 2, 74.32
1638168915, 0, 0, 774, 774, 4, 21.21%, 0, 1, 2, 1.72
1638168921, 0, 0, 777, 777, 4, 21.21%, 0, 1, 2, 1.77
1638168926, 0, 0, 780, 780, 4, 21.21%, 0, 1, 2, 4.92
1638169208, 0, 0, 781, 781, 4, 21.49%, 0, 1, 2, 1.76
1638169260, 0, 0, 782, 782, 4, 21.49%, 0, 1, 2, 1.80
1638169315, 0, 0, 783, 783, 4, 21.49%, 0, 1, 2, 1.95
1638169372, 0, 0, 784, 784, 4, 21.49%, 0, 1, 2, 1.92
1638169434, 0, 0, 785, 785, 4, 21.52%, 0, 1, 2, 1.76
1638169577, 0, 0, 786, 786, 4, 21.52%, 0, 1, 2, 1.77
1638169827, 0, 0, 787, 787, 4, 21.52%, 0, 1, 2, 1.77
1638170119, 0, 0, 788, 788, 4, 21.52%, 0, 1, 2, 1.78
1638170145, 0, 0, 789, 789, 4, 21.52%, 0, 1, 2, 1.79
1638170196, 0, 0, 790, 790, 4, 21.52%, 0, 1, 2, 1.79
1638170474, 0, 0, 791, 791, 4, 21.52%, 0, 1, 2, 1.79
1638170484, 0, 0, 792, 792, 4, 21.52%, 0, 1, 2, 1.76
1638170682, 0, 0, 793, 793, 4, 21.52%, 0, 1, 2, 1.77
1638171379, 0, 0, 794, 794, 4, 21.53%, 0, 1, 2, 1.79
1638171385, 0, 0, 795, 795, 4, 21.53%, 0, 1, 2, 1.78
1638171400, 0, 0, 796, 796, 4, 21.53%, 0, 1, 2, 1.89
1638171446, 0, 0, 797, 797, 4, 21.53%, 0, 1, 2, 1.91
1638171457, 0, 0, 798, 798, 4, 21.54%, 0, 1, 2, 1.85
1638171468, 0, 0, 799, 799, 4, 21.54%, 0, 1, 2, 1.77
1638171473, 0, 0, 800, 800, 4, 21.54%, 0, 1, 2, 1.76
1638171484, 0, 0, 801, 801, 4, 21.54%, 0, 1, 2, 1.77
1638171494, 0, 0, 802, 802, 4, 21.54%, 0, 1, 2, 1.78
1638171499, 0, 0, 803, 803, 4, 21.56%, 0, 1, 2, 1.78
1638171509, 0, 0, 804, 804, 4, 21.56%, 0, 1, 2, 1.78
1638171653, 0, 0, 805, 805, 4, 21.57%, 0, 1, 2, 1.87
1638171668, 0, 0, 806, 806, 4, 21.57%, 0, 1, 2, 1.74
1638171722, 0, 0, 807, 807, 4, 21.58%, 0, 1, 2, 1.58
1638171738, 0, 0, 808, 808, 4, 21.59%, 0, 1, 2, 1.64
1638171769, 0, 0, 809, 809, 4, 21.59%, 0, 1, 2, 1.75
1638171790, 0, 0, 810, 810, 4, 21.60%, 0, 1, 2, 1.75
1638171805, 0, 0, 811, 811, 4, 21.60%, 0, 1, 2, 1.83
1638171811, 0, 0, 812, 812, 4, 21.60%, 0, 1, 2, 1.82
1638171821, 0, 0, 813, 813, 4, 21.60%, 0, 1, 2, 1.97
1638171837, 0, 0, 814, 814, 4, 21.60%, 0, 1, 2, 1.83
1638171848, 0, 0, 819, 819, 4, 21.63%, 0, 1, 2, 1.76
1638171853, 0, 0, 821, 821, 4, 21.64%, 0, 1, 2, 1.80
1638171858, 0, 0, 822, 822, 4, 21.64%, 0, 1, 2, 1.77
1638172041, 0, 0, 823, 823, 4, 21.64%, 0, 1, 2, 1.78
1638172056, 0, 0, 824, 824, 4, 21.64%, 0, 1, 2, 1.84
1638172123, 0, 0, 825, 825, 4, 21.64%, 0, 1, 2, 1.78
1638172139, 0, 0, 826, 826, 4, 21.65%, 0, 1, 2, 1.75
1638172144, 0, 0, 827, 827, 4, 21.65%, 0, 1, 2, 1.76
1638172149, 0, 0, 828, 828, 4, 21.65%, 0, 1, 2, 1.78
1638172164, 0, 0, 831, 831, 4, 21.65%, 0, 1, 2, 16.91
1638172253, 0, 0, 832, 832, 4, 21.66%, 0, 1, 2, 14.01
1638172299, 0, 0, 834, 834, 4, 21.67%, 0, 1, 2, 140.03
1638172336, 0, 0, 836, 836, 4, 21.67%, 0, 1, 2, 2.39
1638172408, 0, 0, 837, 837, 4, 21.68%, 0, 1, 2, 1.79
1638172428, 0, 0, 838, 838, 4, 21.68%, 0, 1, 2, 5.14
1638172454, 0, 0, 839, 839, 4, 21.68%, 0, 1, 2, 1.72
1638172470, 0, 0, 840, 840, 4, 21.68%, 0, 1, 2, 2.59
1638172491, 0, 0, 841, 841, 4, 21.69%, 0, 1, 2, 3.12
1638172501, 0, 0, 842, 842, 4, 21.69%, 0, 1, 2, 2.41
1638172532, 0, 0, 843, 843, 4, 21.69%, 0, 1, 2, 2.96
1638172573, 0, 0, 844, 844, 4, 21.69%, 0, 1, 2, 1.80
1638172578, 0, 0, 845, 845, 4, 21.69%, 0, 1, 2, 1.81
1638172588, 0, 0, 848, 848, 4, 21.70%, 0, 1, 2, 16.21
1638172629, 0, 0, 849, 849, 4, 21.70%, 0, 1, 2, 1.74
1638172639, 0, 0, 850, 850, 4, 21.71%, 0, 1, 2, 1.78
1638172695, 0, 0, 851, 851, 4, 21.71%, 0, 1, 2, 1.73
1638172722, 0, 0, 852, 852, 4, 21.71%, 0, 1, 2, 16.05
1638172752, 0, 0, 853, 853, 4, 21.71%, 0, 1, 2, 1.79
1638172777, 0, 0, 854, 854, 4, 21.71%, 0, 1, 2, 1.77
1638172803, 0, 0, 855, 855, 4, 21.71%, 0, 1, 2, 1.77
1638172905, 0, 0, 856, 856, 4, 21.71%, 0, 1, 2, 1.80
1638172930, 0, 0, 858, 858, 4, 21.71%, 0, 1, 2, 127.75
1638172935, 0, 0, 863, 863, 4, 21.74%, 0, 1, 2, 1.80
1638173350, 0, 0, 864, 864, 4, 21.74%, 0, 1, 2, 3.14
1638173371, 0, 0, 867, 867, 4, 21.75%, 0, 1, 2, 1.78
1638173454, 0, 0, 868, 868, 4, 21.75%, 0, 1, 2, 1.80
1638173558, 0, 0, 869, 869, 4, 21.75%, 0, 1, 2, 1.85
1638173635, 0, 0, 870, 870, 4, 21.75%, 0, 1, 2, 1.78
1638173656, 0, 0, 871, 871, 4, 21.75%, 0, 1, 2, 1.79
1638173877, 0, 0, 872, 872, 4, 21.75%, 0, 1, 2, 1.78
1638173897, 0, 0, 873, 873, 4, 21.75%, 0, 1, 2, 1.79
1638173969, 0, 0, 874, 874, 4, 21.75%, 0, 1, 2, 1.77
1638174799, 0, 0, 875, 875, 4, 21.75%, 0, 1, 2, 1.78
1638174908, 0, 0, 876, 876, 4, 21.75%, 0, 1, 2, 1.80
1638175392, 0, 0, 877, 877, 4, 21.75%, 0, 1, 2, 1.82
1638175814, 0, 0, 878, 878, 4, 21.75%, 0, 1, 2, 240.05
1638175830, 0, 0, 879, 879, 4, 21.75%, 0, 1, 2, 1.68
1638175871, 0, 0, 880, 880, 4, 21.75%, 0, 1, 2, 1.94
1638175913, 0, 0, 881, 881, 4, 21.76%, 0, 1, 2, 1.79
1638175960, 0, 0, 882, 882, 4, 21.77%, 0, 1, 2, 1.74
1638176059, 0, 0, 883, 883, 4, 21.77%, 0, 1, 2, 1.77
1638176111, 0, 0, 884, 884, 4, 21.77%, 0, 1, 2, 1.74
1638176169, 0, 0, 885, 885, 4, 21.77%, 0, 1, 2, 1.61
1638176186, 0, 0, 886, 886, 4, 21.77%, 0, 1, 2, 1.61
1638176202, 0, 0, 887, 887, 4, 21.77%, 0, 1, 2, 1.65
1638176244, 0, 0, 888, 888, 4, 21.77%, 0, 1, 2, 1.78
1638176260, 0, 0, 889, 889, 4, 21.77%, 0, 1, 2, 1.80
1638176297, 0, 0, 892, 892, 4, 21.78%, 0, 1, 2, 12.00
1638176318, 0, 0, 893, 893, 4, 21.78%, 0, 1, 2, 1.77
1638176339, 0, 0, 894, 894, 4, 21.79%, 0, 1, 2, 1.76
1638176494, 0, 0, 895, 895, 4, 21.79%, 0, 1, 2, 17.54
1638177652, 0, 0, 896, 896, 4, 21.79%, 0, 1, 2, 31.72
1638177657, 0, 0, 897, 897, 4, 21.79%, 0, 1, 2, 1.81
1638177677, 0, 0, 898, 898, 4, 21.79%, 0, 1, 2, 2.77
1638177682, 0, 0, 899, 899, 4, 21.79%, 0, 1, 2, 27.66
1638177688, 0, 0, 901, 901, 4, 21.79%, 0, 1, 2, 1.81
1638177731, 0, 0, 902, 902, 4, 21.79%, 0, 1, 2, 1.83
1638177767, 0, 0, 903, 903, 4, 21.79%, 0, 1, 2, 2.21
1638178127, 0, 0, 904, 904, 4, 21.79%, 0, 1, 2, 1.79
1638178159, 0, 0, 905, 905, 4, 21.79%, 0, 1, 2, 1.80
1638178180, 0, 0, 906, 906, 4, 21.79%, 0, 1, 2, 1.77
1638178190, 0, 0, 907, 907, 4, 21.80%, 0, 1, 2, 1.78
1638178326, 0, 0, 908, 908, 4, 21.80%, 0, 1, 2, 1.80
1638178336, 0, 0, 909, 909, 4, 21.81%, 0, 1, 2, 1.80
1638178346, 0, 0, 910, 910, 4, 21.81%, 0, 1, 2, 1.79
1638178367, 0, 0, 911, 911, 4, 21.81%, 0, 1, 2, 1.80
1638178393, 0, 0, 912, 912, 4, 21.82%, 0, 1, 2, 1.79
1638178409, 0, 0, 913, 913, 4, 21.82%, 0, 1, 2, 1.79
1638178450, 0, 0, 915, 915, 4, 21.83%, 0, 1, 2, 3.83
1638178455, 0, 0, 916, 916, 4, 21.83%, 0, 1, 2, 1.77
1638178460, 0, 0, 917, 917, 4, 21.83%, 0, 1, 2, 1.85
1638178471, 0, 0, 925, 925, 4, 21.86%, 0, 1, 2, 1.84
1638178481, 0, 0, 926, 926, 4, 21.86%, 0, 1, 2, 1.77
1638178501, 0, 0, 927, 927, 4, 21.86%, 0, 1, 2, 1.81
1638178899, 0, 0, 928, 928, 4, 21.86%, 0, 1, 2, 500.00
1638178914, 0, 0, 930, 930, 4, 21.86%, 0, 1, 2, 9.03
1638178939, 0, 0, 931, 931, 4, 21.86%, 0, 1, 2, 1.79
1638179172, 0, 0, 933, 933, 4, 21.87%, 0, 1, 2, 527.36
1638179547, 0, 0, 934, 934, 4, 21.87%, 0, 1, 2, 3.53
1638179552, 0, 0, 936, 936, 4, 21.87%, 0, 1, 2, 8.81
1638179558, 0, 0, 938, 938, 4, 21.87%, 0, 1, 2, 3.49
1638179563, 0, 0, 939, 939, 4, 21.87%, 0, 1, 2, 10.45
1638179568, 0, 0, 940, 940, 4, 21.87%, 0, 1, 2, 1.81
1638179594, 0, 0, 941, 941, 4, 21.87%, 0, 1, 2, 1.80
1638179829, 0, 0, 945, 945, 4, 21.87%, 0, 1, 2, 10.50
1638179840, 0, 0, 946, 946, 4, 21.87%, 0, 1, 2, 1.77
1638179855, 0, 0, 947, 947, 4, 21.87%, 0, 1, 2, 1.77
1638179892, 0, 0, 948, 948, 4, 21.87%, 0, 1, 2, 1.77
1638180337, 0, 0, 949, 949, 4, 21.87%, 0, 1, 2, 1.68
1638180378, 0, 0, 950, 950, 4, 21.87%, 0, 1, 2, 1.72
1638180383, 0, 0, 951, 951, 4, 21.87%, 0, 1, 2, 1.73
1638180399, 0, 0, 952, 952, 4, 21.87%, 0, 1, 2, 1.84
1638180482, 0, 0, 953, 953, 4, 21.87%, 0, 1, 2, 2.01
1638180513, 0, 0, 954, 954, 4, 21.87%, 0, 1, 2, 3.55
1638180679, 0, 0, 955, 955, 4, 21.87%, 0, 1, 2, 18.83
1638180736, 0, 0, 956, 956, 4, 21.87%, 0, 1, 2, 1.81
1638180751, 0, 0, 957, 957, 4, 21.87%, 0, 1, 2, 1.80
1638180756, 0, 0, 958, 958, 4, 21.87%, 0, 1, 2, 1.78
1638180777, 0, 0, 959, 959, 4, 21.87%, 0, 1, 2, 1.82
1638180787, 0, 0, 960, 960, 4, 21.87%, 0, 1, 2, 1.81
1638180826, 0, 0, 961, 961, 4, 21.88%, 0, 1, 2, 0.28
1638180832, 0, 0, 961, 961, 4, 21.88%, 0, 2, 2, 0.19
1638180837, 0, 0, 961, 961, 4, 21.88%, 0, 3, 2, 0.19
1638180877, 0, 0, 962, 962, 4, 21.88%, 0, 3, 2, 3.20
1638180882, 0, 0, 963, 963, 4, 21.88%, 0, 3, 2, 2.66
1638180892, 0, 0, 964, 964, 4, 21.88%, 0, 3, 2, 2.73
1638180938, 0, 0, 965, 965, 4, 21.88%, 0, 3, 2, 3.13
1638180959, 0, 0, 966, 966, 4, 21.88%, 0, 3, 2, 2.83
1638180964, 0, 0, 967, 967, 4, 21.88%, 0, 3, 2, 2.64
1638180985, 0, 0, 968, 968, 4, 21.88%, 0, 3, 2, 2.58
1638181008, 0, 0, 970, 970, 4, 21.88%, 0, 3, 2, 0.49
1638181046, 0, 0, 971, 971, 4, 21.88%, 0, 3, 2, 2.45
1638181098, 0, 0, 972, 972, 4, 21.88%, 0, 3, 2, 2.21
1638181104, 0, 0, 973, 973, 4, 21.88%, 0, 3, 2, 2.84
1638181124, 0, 0, 974, 974, 4, 21.88%, 0, 3, 2, 8.14
1638181135, 0, 0, 975, 975, 4, 21.88%, 0, 3, 2, 4.61
1638181145, 0, 0, 976, 976, 4, 21.88%, 0, 3, 2, 14.82
1638181379, 0, 0, 980, 980, 4, 21.88%, 0, 3, 2, 10.48
1638181389, 0, 0, 981, 981, 4, 21.88%, 0, 3, 2, 1.81
1638181585, 0, 0, 982, 982, 4, 21.88%, 0, 3, 2, 15.06
1638181620, 0, 0, 983, 983, 4, 21.88%, 0, 3, 2, 1.77
1638181693, 0, 0, 984, 984, 4, 21.88%, 0, 3, 2, 1.92
1638181760, 0, 0, 985, 985, 4, 21.88%, 0, 3, 2, 15.02
1638181787, 0, 0, 986, 986, 4, 21.89%, 0, 3, 2, 12.90
1638181792, 0, 0, 987, 987, 4, 21.89%, 0, 3, 2, 14.21
1638181797, 0, 0, 988, 988, 4, 21.89%, 0, 3, 2, 1.77
1638181855, 0, 0, 989, 989, 4, 21.89%, 0, 3, 2, 1.81
1638181901, 0, 0, 990, 990, 4, 21.89%, 0, 3, 2, 30.99
1638181906, 0, 0, 991, 991, 4, 21.89%, 0, 3, 2, 4.77
1638182178, 0, 0, 992, 992, 4, 21.89%, 0, 3, 2, 1.77
1638182286, 0, 0, 993, 993, 4, 21.89%, 0, 3, 2, 2.14
1638182308, 0, 0, 994, 994, 4, 21.89%, 0, 3, 2, 1.77
1638182406, 0, 0, 995, 995, 4, 21.89%, 0, 3, 2, 11.44
1638182673, 0, 0, 997, 997, 4, 21.90%, 0, 3, 2, 136.25
1638182678, 0, 0, 999, 999, 4, 21.90%, 0, 3, 2, 128.37
1638182715, 0, 0, 1000, 1000, 4, 21.91%, 0, 3, 2, 1.75
1638182881, 0, 0, 1001, 1001, 4, 21.91%, 0, 3, 2, 1.80
1638182907, 0, 0, 1002, 1002, 4, 21.92%, 0, 3, 2, 1.94
1638182917, 0, 0, 1003, 1003, 4, 21.92%, 0, 3, 2, 1.83
1638182927, 0, 0, 1004, 1004, 4, 21.92%, 0, 3, 2, 1.79
1638182968, 0, 0, 1005, 1005, 4, 21.92%, 0, 3, 2, 1.77
1638182994, 0, 0, 1006, 1006, 4, 21.92%, 0, 3, 2, 1.93
1638183082, 0, 0, 1007, 1007, 4, 21.92%, 0, 3, 2, 1.78
1638183112, 0, 0, 1008, 1008, 4, 21.92%, 0, 3, 2, 1.98
1638183158, 0, 0, 1009, 1009, 4, 21.92%, 0, 3, 2, 15.48
1638183189, 0, 0, 1010, 1010, 4, 21.92%, 0, 3, 2, 1.98
1638183215, 0, 0, 1011, 1011, 4, 21.92%, 0, 3, 2, 1.86
1638183282, 0, 0, 1012, 1012, 4, 21.92%, 0, 3, 2, 1.79
1638183307, 0, 0, 1013, 1013, 4, 21.92%, 0, 3, 2, 1.92
1638183323, 0, 0, 1014, 1014, 4, 21.92%, 0, 3, 2, 1.78
1638183364, 0, 0, 1015, 1015, 4, 21.92%, 0, 3, 2, 1.77
1638183390, 0, 0, 1016, 1016, 4, 21.92%, 0, 3, 2, 1.95
1638183478, 0, 0, 1017, 1017, 4, 21.92%, 0, 3, 2, 1.76
1638183509, 0, 0, 1018, 1018, 4, 21.93%, 0, 3, 2, 1.92
1638183524, 0, 0, 1019, 1019, 4, 21.93%, 0, 3, 2, 1.78
1638183675, 0, 0, 1020, 1020, 4, 21.93%, 0, 3, 2, 1.74
1638183705, 0, 0, 1021, 1021, 4, 21.94%, 0, 3, 2, 1.90
1638183846, 0, 0, 1022, 1022, 4, 21.94%, 0, 3, 2, 1.79
1638184027, 0, 0, 1023, 1023, 4, 21.94%, 0, 3, 2, 1.80
1638184089, 0, 0, 1024, 1024, 4, 21.94%, 0, 3, 2, 1.78
1638184279, 0, 0, 1025, 1025, 4, 21.94%, 0, 3, 2, 1.77
1638184458, 0, 0, 1026, 1026, 4, 21.95%, 0, 3, 2, 2.17
1638184463, 0, 0, 1027, 1027, 4, 21.95%, 0, 3, 2, 135.36
1638184473, 0, 0, 1029, 1029, 4, 21.95%, 0, 3, 2, 125.48
1638184484, 0, 0, 1030, 1030, 4, 21.95%, 0, 3, 2, 16.52
1638184489, 0, 0, 1031, 1031, 4, 21.95%, 0, 3, 2, 165.05
1638184504, 0, 0, 1032, 1032, 4, 21.95%, 0, 3, 2, 14.30
1638184520, 0, 0, 1036, 1036, 4, 21.97%, 0, 3, 2, 12.12
1638184531, 0, 0, 1037, 1037, 4, 21.97%, 0, 3, 2, 1.92
1638184734, 0, 0, 1038, 1038, 4, 21.97%, 0, 3, 2, 4.58
1638184740, 0, 0, 1039, 1039, 4, 21.97%, 0, 3, 2, 3.25
1638187583, 0, 0, 1044, 1044, 4, 21.98%, 0, 3, 2, 14.45
1638187588, 0, 0, 1046, 1046, 4, 21.99%, 0, 3, 2, 1.80
1638187593, 0, 0, 1047, 1047, 4, 21.99%, 0, 3, 2, 3.67
1638187598, 0, 0, 1048, 1048, 4, 21.99%, 0, 3, 2, 4.11
1638187604, 0, 0, 1049, 1049, 4, 22.00%, 0, 3, 2, 3.15
1638187609, 0, 0, 1051, 1051, 4, 22.00%, 0, 3, 2, 1.81
1638188011, 0, 0, 1052, 1052, 4, 22.03%, 0, 3, 2, 1.79
1638188457, 0, 0, 1053, 1053, 4, 22.03%, 0, 3, 2, 1.80
1638188477, 0, 0, 1054, 1054, 4, 22.03%, 0, 3, 2, 1.82
1638188540, 0, 0, 1055, 1055, 4, 22.03%, 0, 3, 2, 1.79
1638188576, 0, 0, 1056, 1056, 4, 22.03%, 0, 3, 2, 1.75
1638189553, 0, 0, 1057, 1057, 4, 22.03%, 0, 3, 2, 1.78
1638191360, 0, 0, 1058, 1058, 4, 22.03%, 0, 3, 2, 1.80
1638191891, 0, 0, 1059, 1059, 4, 22.03%, 0, 3, 2, 1.77
1638192035, 0, 0, 1060, 1060, 4, 22.03%, 0, 3, 2, 1.79
1638192050, 0, 0, 1061, 1061, 4, 22.03%, 0, 3, 2, 1.81
1638192966, 0, 0, 1062, 1062, 4, 22.03%, 0, 3, 2, 1.82
1638193110, 0, 0, 1063, 1063, 4, 22.03%, 0, 3, 2, 1.84
1638197883, 0, 0, 1064, 1064, 4, 22.03%, 0, 3, 2, 1.82
1638197925, 0, 0, 1065, 1065, 4, 22.03%, 0, 3, 2, 1.88
1638198147, 0, 0, 1066, 1066, 4, 22.03%, 0, 3, 2, 1.84
1638198152, 0, 0, 1067, 1067, 4, 22.03%, 0, 3, 2, 1.81
1638198288, 0, 0, 1068, 1068, 4, 22.03%, 0, 3, 2, 1.90
1638200704, 0, 0, 1069, 1069, 4, 22.55%, 0, 3, 2, 1.79
1638202495, 0, 0, 1070, 1070, 4, 22.55%, 0, 3, 2, 1.78
1638204283, 0, 0, 1071, 1071, 4, 22.56%, 0, 3, 2, 1.84
1638204417, 0, 0, 1072, 1072, 4, 22.56%, 0, 3, 2, 1.80
1638204703, 0, 0, 1073, 1073, 4, 22.56%, 0, 3, 2, 6.01
1638204708, 0, 0, 1074, 1074, 4, 22.56%, 0, 3, 2, 5.80
1638205339, 0, 0, 1075, 1075, 4, 22.57%, 0, 3, 2, 1.81
1638205385, 0, 0, 1076, 1076, 4, 22.57%, 0, 3, 2, 1.78
1638205415, 0, 0, 1077, 1077, 4, 22.57%, 0, 3, 2, 1.78
1638206497, 0, 0, 1078, 1078, 4, 22.57%, 0, 3, 2, 1.77
1638206857, 0, 0, 1079, 1079, 4, 22.57%, 0, 3, 2, 1.64
1638206872, 0, 0, 1080, 1080, 4, 22.57%, 0, 3, 2, 1.65
1638206979, 0, 0, 1081, 1081, 4, 22.57%, 0, 3, 2, 1.78
1638207005, 0, 0, 1082, 1082, 4, 22.57%, 0, 3, 2, 1.89
1638207020, 0, 0, 1083, 1083, 4, 22.57%, 0, 3, 2, 1.78
1638207170, 0, 0, 1084, 1084, 4, 22.57%, 0, 3, 2, 1.68
1638207223, 0, 0, 1085, 1085, 4, 22.58%, 0, 3, 2, 1.84
1638207233, 0, 0, 1086, 1086, 4, 22.58%, 0, 3, 2, 1.87
1638207238, 0, 0, 1087, 1087, 4, 22.58%, 0, 3, 2, 1.83
1638207249, 0, 0, 1088, 1088, 4, 22.58%, 0, 3, 2, 1.82
1638207254, 0, 0, 1089, 1089, 4, 22.59%, 0, 3, 2, 1.81
1638207259, 0, 0, 1090, 1090, 4, 22.59%, 0, 3, 2, 1.77
1638207264, 0, 0, 1091, 1091, 4, 22.63%, 0, 3, 2, 1.78
1638207275, 0, 0, 1092, 1092, 4, 22.64%, 0, 3, 2, 1.81
1638207280, 0, 0, 1093, 1093, 4, 22.64%, 0, 3, 2, 1.80
1638207286, 0, 0, 1094, 1094, 4, 22.64%, 0, 3, 2, 1.81
1638207340, 0, 0, 1095, 1095, 4, 22.64%, 0, 3, 2, 1.87
1638207345, 0, 0, 1096, 1096, 4, 22.64%, 0, 3, 2, 1.86
1638207388, 0, 0, 1097, 1097, 4, 22.64%, 0, 3, 2, 1.96
1638207393, 0, 0, 1098, 1098, 4, 22.65%, 0, 3, 2, 1.97
1638207410, 0, 0, 1099, 1099, 4, 22.65%, 0, 3, 2, 1.91
1638207442, 0, 0, 1100, 1100, 4, 22.65%, 0, 3, 2, 1.92
1638207502, 0, 0, 1101, 1101, 4, 22.65%, 0, 3, 2, 1.87
1638207523, 0, 0, 1102, 1102, 4, 22.65%, 0, 3, 2, 1.89
1638207534, 0, 0, 1103, 1103, 4, 22.66%, 0, 3, 2, 1.83
1638207539, 0, 0, 1104, 1104, 4, 22.67%, 0, 3, 2, 1.80
1638207571, 0, 0, 1105, 1105, 4, 22.67%, 0, 3, 2, 1.78
1638207576, 0, 0, 1106, 1106, 4, 22.67%, 0, 3, 2, 1.77
1638207581, 0, 0, 1107, 1107, 4, 22.67%, 0, 3, 2, 1.78
1638207586, 0, 0, 1108, 1108, 4, 22.67%, 0, 3, 2, 1.77
1638207651, 0, 0, 1111, 1111, 4, 22.67%, 0, 3, 2, 1.84
1638207656, 0, 0, 1116, 1116, 4, 22.71%, 0, 3, 2, 39.14
1638207661, 0, 0, 1117, 1117, 4, 22.72%, 0, 3, 2, 3.58
1638207728, 0, 0, 1118, 1118, 4, 22.72%, 0, 3, 2, 1.76
1638207733, 0, 0, 1119, 1119, 4, 22.72%, 0, 3, 2, 1.77
1638208001, 0, 0, 1120, 1120, 4, 22.72%, 0, 3, 2, 1.74
1638208682, 0, 0, 1121, 1121, 4, 22.72%, 0, 3, 2, 1.76
1638208780, 0, 0, 1122, 1122, 4, 22.72%, 0, 3, 2, 1.75
1638208811, 0, 0, 1123, 1123, 4, 22.72%, 0, 3, 2, 1.75
1638208913, 0, 0, 1124, 1124, 4, 22.72%, 0, 3, 2, 1.78
1638208953, 0, 0, 1125, 1125, 4, 22.72%, 0, 3, 2, 1.78
1638208964, 0, 0, 1126, 1126, 4, 22.72%, 0, 3, 2, 1.87
1638209046, 0, 0, 1127, 1127, 4, 22.72%, 0, 3, 2, 1.78
1638209303, 0, 0, 1128, 1128, 4, 22.72%, 0, 3, 2, 1.75
1638209668, 0, 0, 1130, 1130, 4, 22.72%, 0, 3, 2, 1.80
1638209698, 0, 0, 1131, 1131, 4, 22.72%, 0, 3, 2, 2.06
1638216752, 0, 0, 1132, 1132, 4, 22.72%, 0, 3, 2, 1.74
1638217540, 0, 0, 1133, 1133, 4, 22.72%, 0, 3, 2, 1.79
1638219266, 0, 0, 1134, 1134, 4, 22.73%, 0, 3, 2, 1.76
1638219722, 0, 0, 1135, 1135, 4, 22.73%, 0, 3, 2, 1.77
1638219941, 0, 0, 1136, 1136, 4, 22.73%, 0, 3, 2, 1.83
1638220315, 0, 0, 1137, 1137, 4, 22.73%, 0, 3, 2, 3.16
1638220414, 0, 0, 1138, 1138, 4, 22.73%, 0, 3, 2, 1.99
1638220826, 0, 0, 1139, 1139, 4, 22.73%, 0, 3, 2, 2.03
1638225034, 0, 0, 1140, 1140, 4, 22.73%, 0, 3, 2, 1.75
1638230816, 0, 0, 1141, 1141, 4, 22.73%, 0, 3, 2, 2.19
1638230821, 0, 0, 1142, 1142, 4, 22.74%, 0, 3, 2, 2.01
1638231015, 0, 0, 1143, 1143, 4, 22.74%, 0, 3, 2, 1.82
1638231047, 0, 0, 1144, 1144, 4, 22.74%, 0, 3, 2, 1.81
1638231072, 0, 0, 1145, 1145, 4, 22.74%, 0, 3, 2, 1.75
1638231093, 0, 0, 1146, 1146, 4, 22.75%, 0, 3, 2, 1.75
1638231205, 0, 0, 1147, 1147, 4, 22.75%, 0, 3, 2, 1.79
1638231210, 0, 0, 1148, 1148, 4, 22.75%, 0, 3, 2, 1.78
1638231709, 0, 0, 1149, 1149, 4, 22.75%, 0, 3, 2, 1.74
1638231720, 0, 0, 1150, 1150, 4, 22.75%, 0, 3, 2, 1.76
1638231740, 0, 0, 1151, 1151, 4, 22.76%, 0, 3, 2, 1.74
1638231761, 0, 0, 1152, 1152, 4, 22.76%, 0, 3, 2, 1.75
1638231972, 0, 0, 1153, 1153, 4, 22.76%, 0, 3, 2, 1.59
1638231983, 0, 0, 1154, 1154, 4, 22.76%, 0, 3, 2, 1.59
1638232020, 0, 0, 1155, 1155, 4, 22.76%, 0, 3, 2, 1.73
1638232082, 0, 0, 1156, 1156, 4, 22.76%, 0, 3, 2, 1.74
1638232123, 0, 0, 1157, 1157, 4, 22.77%, 0, 3, 2, 1.79
1638232214, 0, 0, 1158, 1158, 4, 22.77%, 0, 3, 2, 1.82
1638232311, 0, 0, 1159, 1159, 4, 22.77%, 0, 3, 2, 245.00
1638233110, 0, 0, 1160, 1160, 4, 22.77%, 0, 3, 2, 1.76
1638234205, 0, 0, 1161, 1161, 4, 22.77%, 0, 3, 2, 2.68
1638234226, 0, 0, 1162, 1162, 4, 22.77%, 0, 3, 2, 2.18
1638234313, 0, 0, 1163, 1163, 4, 22.77%, 0, 3, 2, 2.81
1638234574, 0, 0, 1164, 1164, 4, 22.77%, 0, 3, 2, 1.74
1638235747, 0, 0, 1165, 1165, 4, 22.78%, 0, 3, 2, 1.75
1638237733, 0, 0, 1166, 1166, 4, 22.78%, 0, 3, 2, 75.18
1638238353, 0, 0, 1167, 1167, 4, 22.78%, 0, 3, 2, 1.77
1638238364, 0, 0, 1168, 1168, 4, 22.78%, 0, 3, 2, 1.76
1638238375, 0, 0, 1170, 1170, 4, 22.78%, 0, 3, 2, 1.81
1638238602, 0, 0, 1171, 1171, 4, 22.78%, 0, 3, 2, 1.74
