# unix_time, cycles_done, cur_path, paths_total, pending_total, pending_favs, map_size, unique_crashes, unique_hangs, max_depth, execs_per_sec
1633321150, 0, 0, 1, 1, 1, 0.91%, 0, 0, 1, 533.33
1633321155, 0, 0, 107, 107, 1, 1.14%, 0, 0, 2, 1834.10
1633321161, 0, 0, 111, 111, 1, 1.15%, 0, 0, 2, 28.29
1633321166, 0, 0, 132, 132, 1, 1.19%, 0, 0, 2, 2069.39
1633321180, 0, 0, 141, 141, 1, 1.19%, 0, 0, 2, 16.73
1633321199, 0, 0, 156, 156, 1, 1.21%, 0, 0, 2, 52.89
1633321205, 0, 0, 157, 157, 1, 1.21%, 0, 0, 2, 3.25
1633321210, 0, 0, 160, 160, 1, 1.22%, 0, 0, 2, 13.44
1633321239, 0, 0, 163, 163, 1, 1.22%, 0, 0, 2, 4.81
1633321280, 0, 0, 164, 164, 1, 1.22%, 0, 0, 2, 74.00
1633321285, 0, 0, 165, 165, 1, 1.22%, 0, 0, 2, 890.00
1633321392, 0, 0, 166, 166, 1, 1.23%, 0, 0, 2, 55.30
1633321403, 0, 0, 167, 167, 1, 1.23%, 0, 0, 2, 21.32
1633321415, 0, 0, 168, 168, 1, 1.24%, 0, 0, 2, 9.28
1633321440, 0, 0, 169, 169, 1, 1.24%, 0, 0, 2, 74.01
1633321453, 0, 0, 169, 169, 1, 1.24%, 0, 1, 2, 7.54
1633321458, 0, 0, 171, 171, 1, 1.24%, 0, 1, 2, 5.83
1633321463, 0, 0, 172, 172, 1, 1.24%, 0, 1, 2, 40.54
1633321469, 0, 0, 173, 173, 1, 1.25%, 0, 1, 2, 218.58
1633321480, 0, 0, 174, 174, 1, 1.25%, 0, 1, 2, 13.53
1633321540, 0, 0, 175, 175, 1, 1.25%, 0, 1, 2, 11.64
1633321547, 0, 0, 176, 176, 1, 1.25%, 0, 1, 2, 12.29
1633321565, 0, 0, 177, 177, 1, 1.26%, 0, 1, 2, 124.22
1633321659, 0, 0, 178, 178, 1, 1.26%, 0, 1, 2, 40.87
1633321715, 0, 0, 179, 179, 1, 1.26%, 0, 1, 2, 62.27
1633321776, 0, 0, 180, 180, 1, 1.26%, 0, 1, 2, 40.73
1633321809, 0, 0, 181, 181, 1, 1.26%, 0, 1, 2, 9.54
1633321843, 0, 0, 182, 182, 1, 1.26%, 0, 1, 2, 22.80
1633321937, 0, 0, 183, 183, 1, 1.26%, 0, 1, 2, 24.62
1633322136, 0, 0, 184, 184, 1, 1.26%, 0, 1, 2, 17.35
1633322236, 0, 0, 185, 185, 1, 1.26%, 0, 1, 2, 39.86
1633322266, 0, 0, 186, 186, 1, 1.26%, 0, 1, 2, 65.06
1633322346, 0, 0, 187, 187, 1, 1.26%, 0, 1, 2, 34.73
1633322373, 0, 1, 192, 191, 44, 1.27%, 0, 1, 3, 395.85
1633322384, 0, 1, 193, 192, 44, 1.27%, 0, 1, 3, 258.76
1633322390, 0, 1, 194, 193, 44, 1.27%, 0, 1, 3, 18.86
1633322457, 0, 9, 201, 199, 46, 1.28%, 0, 1, 3, 1296.19
1633322467, 0, 9, 202, 200, 46, 1.28%, 0, 2, 3, 0.19
1633322472, 0, 9, 204, 202, 46, 1.29%, 0, 2, 3, 2221.13
1633322485, 0, 9, 206, 204, 46, 1.29%, 0, 3, 3, 0.19
1633322524, 0, 9, 207, 205, 46, 1.29%, 0, 3, 3, 0.20
1633322614, 0, 9, 208, 206, 46, 1.29%, 0, 3, 3, 61.23
1633322749, 0, 9, 209, 207, 46, 1.29%, 0, 3, 3, 2.70
1633323154, 0, 9, 210, 208, 46, 1.29%, 0, 3, 3, 14.16
1633323159, 0, 32, 210, 207, 49, 1.29%, 0, 3, 3, 2057.31
1633323218, 0, 32, 211, 208, 49, 1.29%, 0, 3, 3, 15.17
1633323454, 0, 41, 211, 207, 49, 1.29%, 0, 3, 3, 2126.77
1633323481, 0, 41, 212, 208, 49, 1.29%, 0, 3, 3, 4.86
1633323611, 0, 77, 212, 207, 49, 1.29%, 0, 3, 3, 1856.68
1633323638, 0, 77, 212, 207, 49, 1.29%, 0, 4, 3, 32.01
1633323756, 0, 79, 212, 206, 48, 1.29%, 0, 4, 3, 1949.79
1633323887, 0, 85, 212, 205, 47, 1.29%, 0, 4, 3, 28.60
1633323924, 0, 85, 213, 206, 47, 1.29%, 0, 4, 3, 14.63
1633323949, 0, 85, 215, 208, 47, 1.29%, 0, 4, 3, 34.06
1633324008, 0, 85, 216, 209, 47, 1.29%, 0, 4, 3, 203.38
1633324090, 0, 85, 217, 210, 47, 1.30%, 0, 4, 3, 9.50
1633324096, 0, 85, 218, 211, 47, 1.30%, 0, 4, 3, 1.23
1633324166, 0, 85, 219, 212, 47, 1.30%, 0, 4, 3, 0.75
1633324179, 0, 85, 220, 213, 47, 1.30%, 0, 4, 3, 5.52
1633324231, 0, 85, 221, 214, 47, 1.30%, 0, 4, 3, 28.02
1633324621, 0, 108, 222, 214, 52, 1.30%, 0, 4, 3, 1960.88
1633324753, 0, 110, 225, 216, 51, 1.30%, 0, 4, 3, 2121.15
1633324764, 0, 110, 227, 218, 51, 1.30%, 0, 4, 3, 1939.47
1633324823, 0, 110, 228, 219, 51, 1.30%, 0, 4, 3, 136.31
1633325004, 0, 114, 230, 220, 50, 1.31%, 0, 4, 3, 11.00
1633325016, 0, 114, 231, 221, 50, 1.31%, 0, 4, 3, 4.33
1633325129, 0, 116, 235, 224, 51, 1.31%, 0, 4, 3, 2102.19
1633325285, 0, 124, 235, 223, 51, 1.31%, 0, 4, 3, 2001.12
1633325427, 0, 124, 236, 224, 51, 1.31%, 0, 4, 3, 53.56
1633325521, 0, 124, 237, 225, 51, 1.31%, 0, 4, 3, 4.28
1633325527, 0, 124, 238, 226, 51, 1.31%, 0, 4, 3, 3.68
1633325657, 0, 124, 239, 227, 51, 1.31%, 0, 4, 3, 12.45
1633326033, 0, 124, 240, 228, 51, 1.31%, 0, 4, 3, 4.00
1633326064, 0, 124, 241, 229, 51, 1.31%, 0, 4, 3, 5.82
1633326217, 0, 125, 241, 228, 50, 1.31%, 0, 4, 3, 1939.63
1633326379, 0, 126, 241, 227, 49, 1.31%, 0, 4, 3, 44.21
1633326487, 0, 127, 241, 226, 48, 1.31%, 0, 4, 3, 52.07
1633326825, 0, 128, 241, 225, 47, 1.31%, 0, 4, 3, 18.98
1633326913, 0, 128, 242, 226, 47, 1.31%, 0, 4, 3, 20.08
1633327057, 0, 136, 242, 225, 45, 1.31%, 0, 4, 3, 2161.43
1633327222, 0, 143, 242, 224, 44, 1.31%, 0, 4, 3, 1955.71
1633327375, 0, 145, 242, 223, 43, 1.31%, 0, 4, 3, 1801.40
1633327527, 0, 149, 242, 222, 42, 1.31%, 0, 4, 3, 1645.00
1633327535, 0, 149, 243, 223, 42, 1.31%, 0, 4, 3, 65.85
1633327673, 0, 156, 243, 222, 41, 1.31%, 0, 4, 3, 1701.37
1633327832, 0, 157, 243, 221, 40, 1.31%, 0, 4, 3, 9.33
1633327977, 0, 158, 243, 220, 39, 1.31%, 0, 4, 3, 1949.15
1633328169, 0, 159, 243, 219, 38, 1.31%, 0, 4, 3, 2165.00
1633328296, 0, 167, 243, 218, 37, 1.31%, 0, 4, 3, 17.00
1633329003, 0, 168, 243, 217, 36, 1.31%, 0, 4, 3, 31.71
1633329064, 0, 170, 243, 216, 35, 1.31%, 0, 4, 3, 2072.14
1633329103, 0, 170, 244, 217, 35, 1.31%, 0, 4, 3, 74.99
1633329169, 0, 171, 244, 216, 34, 1.31%, 0, 4, 3, 3.45
1633329803, 0, 172, 244, 215, 33, 1.31%, 0, 4, 3, 300.63
1633329808, 0, 174, 244, 214, 32, 1.31%, 0, 4, 3, 4.41
1633330014, 0, 174, 245, 215, 32, 1.31%, 0, 4, 3, 4.25
1633332518, 0, 174, 246, 216, 32, 1.31%, 0, 4, 3, 4.30
1633333032, 0, 175, 246, 215, 33, 1.31%, 0, 4, 3, 22.09
1633333164, 0, 176, 246, 214, 32, 1.31%, 0, 4, 3, 2046.40
1633333320, 0, 183, 246, 213, 31, 1.31%, 0, 4, 3, 16.39
1633333435, 0, 183, 247, 214, 31, 1.31%, 0, 4, 3, 0.82
1633333541, 0, 186, 247, 213, 31, 1.31%, 0, 4, 3, 1858.87
1633333708, 0, 187, 247, 212, 30, 1.31%, 0, 4, 3, 599.86
1633333713, 0, 188, 247, 211, 29, 1.31%, 0, 4, 3, 71.54
1633333725, 0, 189, 247, 210, 28, 1.31%, 0, 4, 3, 37.80
1633333755, 0, 190, 247, 209, 27, 1.31%, 0, 4, 3, 1.56
1633333838, 0, 191, 247, 208, 26, 1.31%, 0, 4, 3, 15.38
1633334066, 0, 193, 247, 207, 25, 1.31%, 0, 4, 3, 32.07
1633334205, 0, 197, 248, 207, 24, 1.31%, 0, 4, 4, 1997.87
1633334230, 0, 197, 249, 208, 24, 1.31%, 0, 4, 4, 2.22
1633334439, 0, 198, 249, 207, 23, 1.31%, 0, 4, 4, 1790.36
1633334448, 0, 198, 249, 207, 23, 1.31%, 0, 5, 4, 21.03
1633334483, 0, 198, 250, 208, 23, 1.31%, 0, 5, 4, 2.28
1633334563, 0, 198, 251, 209, 23, 1.31%, 0, 5, 4, 45.10
1633334641, 0, 198, 252, 210, 23, 1.31%, 0, 5, 4, 69.33
1633335163, 0, 200, 252, 209, 23, 1.31%, 0, 5, 4, 1984.97
1633335196, 0, 200, 253, 210, 23, 1.31%, 0, 5, 4, 1.64
1633335435, 0, 203, 256, 212, 22, 1.31%, 0, 5, 4, 7.61
1633335440, 0, 203, 259, 215, 22, 1.31%, 0, 5, 4, 1692.91
1633335447, 0, 203, 264, 220, 22, 1.31%, 0, 5, 4, 3.68
1633335584, 0, 207, 264, 219, 24, 1.31%, 0, 5, 4, 763.23
1633335911, 0, 210, 264, 218, 23, 1.31%, 0, 5, 4, 39.05
1633336039, 0, 211, 264, 217, 22, 1.31%, 0, 5, 4, 2066.31
1633336181, 0, 213, 264, 216, 21, 1.31%, 0, 5, 4, 23.66
1633336308, 0, 216, 264, 215, 20, 1.31%, 0, 5, 4, 18.14
1633336408, 0, 217, 264, 214, 19, 1.31%, 0, 5, 4, 1311.03
1633336504, 0, 218, 264, 213, 18, 1.31%, 0, 5, 4, 67.49
1633336619, 0, 219, 264, 212, 17, 1.31%, 0, 5, 4, 11.52
1633336717, 0, 220, 264, 211, 16, 1.31%, 0, 5, 4, 72.21
1633336826, 0, 221, 264, 210, 15, 1.31%, 0, 5, 4, 34.32
1633336925, 0, 229, 264, 209, 14, 1.31%, 0, 5, 4, 73.95
1633337056, 0, 230, 264, 208, 13, 1.31%, 0, 5, 4, 10.81
1633337068, 0, 230, 265, 209, 13, 1.31%, 0, 5, 4, 5.45
1633337142, 0, 232, 265, 208, 13, 1.31%, 0, 5, 4, 1568.22
1633337270, 0, 232, 266, 209, 13, 1.31%, 0, 5, 4, 0.86
1633337329, 0, 232, 267, 210, 13, 1.31%, 0, 5, 4, 12.77
1633337639, 0, 235, 269, 211, 12, 1.31%, 0, 5, 4, 1974.97
1633337803, 0, 241, 270, 211, 11, 1.32%, 0, 5, 4, 70.90
1633337927, 0, 242, 270, 210, 11, 1.32%, 0, 5, 4, 20.09
1633338094, 0, 243, 270, 209, 10, 1.32%, 0, 5, 4, 22.24
1633338176, 0, 243, 271, 210, 10, 1.32%, 0, 5, 4, 42.22
1633338311, 0, 244, 271, 209, 10, 1.32%, 0, 5, 4, 4.36
1633341558, 0, 246, 274, 211, 9, 1.32%, 0, 5, 4, 23.52
1633341621, 0, 246, 275, 212, 9, 1.32%, 0, 5, 4, 7.25
1633341686, 0, 246, 276, 213, 9, 1.32%, 0, 5, 4, 3.18
1633342008, 0, 250, 276, 212, 11, 1.32%, 0, 5, 4, 1936.34
1633342242, 0, 259, 279, 214, 10, 1.32%, 0, 5, 5, 15.13
1633342247, 0, 259, 280, 215, 10, 1.32%, 0, 5, 5, 1914.04
1633342265, 0, 259, 283, 218, 10, 1.32%, 0, 5, 5, 1.71
1633342363, 0, 259, 284, 219, 10, 1.32%, 0, 5, 5, 3.80
1633342519, 0, 259, 285, 220, 10, 1.32%, 0, 5, 5, 4.92
1633342585, 0, 259, 286, 221, 10, 1.32%, 0, 5, 5, 34.93
1633343021, 0, 263, 290, 224, 9, 1.32%, 0, 5, 5, 4.45
1633343073, 0, 263, 290, 224, 9, 1.32%, 0, 6, 5, 6.57
1633343107, 0, 263, 291, 225, 9, 1.32%, 0, 6, 5, 29.78
1633344412, 0, 264, 291, 224, 10, 1.32%, 0, 6, 5, 2165.56
1633344474, 0, 264, 292, 225, 10, 1.32%, 0, 6, 5, 41.28
1633344710, 0, 269, 293, 225, 9, 1.32%, 0, 6, 5, 64.65
1633344900, 0, 270, 293, 224, 8, 1.32%, 0, 6, 5, 38.73
1633344915, 0, 270, 294, 225, 8, 1.32%, 0, 6, 5, 26.91
1633345125, 0, 271, 294, 224, 8, 1.32%, 0, 6, 5, 12.50
1633345359, 0, 272, 294, 223, 7, 1.32%, 0, 6, 5, 43.44
1633345592, 0, 275, 294, 222, 6, 1.32%, 0, 6, 5, 1983.38
1633345850, 0, 286, 297, 224, 5, 1.32%, 0, 6, 6, 2.03
1633345929, 0, 286, 298, 225, 5, 1.32%, 0, 6, 6, 32.81
1633347270, 0, 289, 298, 224, 5, 1.32%, 0, 6, 6, 38.35
1633347566, 0, 289, 299, 225, 5, 1.32%, 0, 6, 6, 0.19
1633348709, 0, 293, 299, 224, 4, 1.32%, 0, 6, 6, 48.76
1633348721, 0, 293, 300, 225, 4, 1.32%, 0, 6, 6, 10.85
1633348843, 0, 293, 301, 226, 4, 1.32%, 0, 6, 6, 33.63
1633349033, 0, 296, 301, 225, 4, 1.32%, 0, 6, 6, 7.35
1633350530, 0, 299, 301, 224, 3, 1.32%, 0, 6, 6, 1421.26
1633350732, 1, 148, 301, 223, 2, 1.32%, 0, 6, 6, 1982.32
1633350769, 1, 148, 302, 224, 2, 1.32%, 0, 6, 6, 1734.90
1633350862, 1, 196, 302, 223, 1, 1.32%, 0, 6, 6, 1793.20
1633350957, 1, 196, 303, 224, 1, 1.32%, 0, 6, 6, 60.66
1633351203, 1, 202, 303, 223, 0, 1.32%, 0, 6, 6, 1905.90
1633351385, 1, 202, 304, 224, 0, 1.32%, 0, 6, 6, 7.71
1633351576, 1, 204, 304, 223, 0, 1.32%, 0, 6, 6, 1.34
1633351592, 1, 204, 306, 225, 0, 1.32%, 0, 6, 6, 67.58
1633352654, 1, 204, 307, 226, 0, 1.32%, 0, 6, 6, 101.83
1633353219, 1, 204, 308, 227, 0, 1.32%, 0, 6, 6, 108.67
1633353382, 1, 205, 308, 226, 0, 1.32%, 0, 6, 6, 85.85
1633355400, 1, 205, 309, 227, 0, 1.32%, 0, 6, 6, 74.38
1633355518, 1, 206, 309, 226, 0, 1.32%, 0, 6, 6, 18.21
1633364072, 1, 206, 310, 227, 0, 1.32%, 0, 6, 6, 18.52
1633364110, 1, 207, 310, 226, 0, 1.32%, 0, 6, 6, 6.47
1633364143, 1, 209, 313, 229, 0, 1.32%, 0, 6, 6, 1726.24
1633364154, 1, 209, 315, 231, 0, 1.32%, 0, 6, 6, 6.97
1633364159, 1, 209, 316, 232, 0, 1.32%, 0, 6, 6, 1867.37
1633364164, 1, 209, 317, 233, 0, 1.32%, 0, 6, 6, 1835.54
1633364211, 1, 209, 319, 235, 0, 1.32%, 0, 6, 6, 1.75
1633364239, 1, 209, 320, 236, 0, 1.32%, 0, 6, 6, 19.16
1633364262, 1, 209, 321, 237, 0, 1.32%, 0, 6, 6, 27.54
1633364336, 1, 209, 322, 238, 0, 1.32%, 0, 6, 6, 13.94
1633364399, 1, 209, 323, 239, 0, 1.32%, 0, 6, 6, 3.13
1633364429, 1, 209, 324, 240, 0, 1.32%, 0, 6, 6, 2.74
1633364469, 1, 209, 325, 241, 0, 1.32%, 0, 6, 6, 3.41
1633364531, 1, 209, 326, 242, 0, 1.32%, 0, 6, 6, 14.85
1633364548, 1, 209, 327, 243, 0, 1.32%, 0, 6, 6, 10.65
1633364622, 1, 209, 329, 245, 0, 1.32%, 0, 6, 6, 0.81
1633364665, 1, 209, 330, 246, 0, 1.32%, 0, 6, 6, 33.91
1633364782, 1, 209, 331, 247, 0, 1.32%, 0, 6, 6, 101.56
1633364787, 1, 209, 332, 248, 0, 1.32%, 0, 6, 6, 1.86
1633364853, 1, 209, 333, 249, 0, 1.32%, 0, 6, 6, 2.94
1633364877, 1, 209, 334, 250, 0, 1.32%, 0, 6, 6, 42.07
1633364925, 1, 210, 334, 249, 0, 1.32%, 0, 6, 6, 106.79
1633364938, 1, 211, 334, 249, 0, 1.32%, 0, 6, 6, 39.07
1633364961, 1, 213, 334, 249, 0, 1.32%, 0, 6, 6, 19.83
1633364980, 1, 216, 334, 249, 0, 1.32%, 0, 6, 6, 23.42
1633364997, 1, 217, 334, 249, 0, 1.32%, 0, 6, 6, 6.48
1633365020, 1, 218, 334, 249, 0, 1.32%, 0, 6, 6, 0.75
1633365032, 1, 219, 334, 249, 0, 1.32%, 0, 6, 6, 32.17
1633365043, 1, 220, 334, 249, 0, 1.32%, 0, 6, 6, 104.08
1633365048, 1, 221, 334, 249, 0, 1.32%, 0, 6, 6, 42.73
1633365053, 1, 223, 334, 249, 0, 1.32%, 0, 6, 6, 1778.01
1633365064, 1, 223, 335, 250, 0, 1.32%, 0, 6, 6, 11.37
1633365080, 1, 223, 336, 251, 0, 1.32%, 0, 6, 6, 18.01
1633365182, 1, 224, 336, 250, 0, 1.32%, 0, 6, 6, 2094.88
1633365328, 1, 227, 336, 249, 0, 1.32%, 0, 6, 6, 1789.70
1633365342, 1, 227, 337, 250, 0, 1.32%, 0, 6, 6, 2157.00
1633365483, 1, 230, 337, 249, 0, 1.32%, 0, 6, 6, 8.61
1633365499, 1, 233, 337, 249, 0, 1.32%, 0, 6, 6, 1779.61
1633365637, 1, 235, 337, 248, 0, 1.32%, 0, 6, 6, 88.62
1633365667, 1, 237, 340, 251, 0, 1.32%, 0, 6, 6, 56.11
1633365812, 1, 239, 340, 250, 0, 1.32%, 0, 6, 6, 27.11
1633367390, 1, 239, 341, 251, 0, 1.32%, 0, 6, 6, 0.42
1633367476, 1, 239, 342, 252, 0, 1.32%, 0, 6, 6, 0.42
1633367906, 1, 239, 343, 253, 0, 1.32%, 0, 6, 6, 0.42
1633389544, 1, 239, 344, 254, 0, 1.32%, 0, 6, 6, 0.41
1633389565, 1, 239, 345, 255, 0, 1.32%, 0, 6, 6, 0.41
1633399099, 1, 239, 345, 255, 0, 1.32%, 0, 7, 6, 0.40
