# unix_time, cycles_done, cur_path, paths_total, pending_total, pending_favs, map_size, unique_crashes, unique_hangs, max_depth, execs_per_sec
1637040009, 0, 0, 1, 1, 1, 0.91%, 0, 0, 1, 2000.00
1637040016, 0, 0, 111, 111, 1, 1.15%, 0, 0, 2, 15.58
1637040021, 0, 0, 126, 126, 1, 1.18%, 0, 0, 2, 126.13
1637040026, 0, 0, 141, 141, 1, 1.19%, 0, 0, 2, 1291.44
1637040050, 0, 0, 156, 156, 1, 1.21%, 0, 0, 2, 34.70
1637040061, 0, 0, 158, 158, 1, 1.22%, 0, 0, 2, 28.80
1637040067, 0, 0, 159, 159, 1, 1.22%, 0, 0, 2, 28.50
1637040072, 0, 0, 160, 160, 1, 1.22%, 0, 0, 2, 117.37
1637040077, 0, 0, 161, 161, 1, 1.22%, 0, 0, 2, 8.30
1637040088, 0, 0, 166, 166, 1, 1.24%, 0, 0, 2, 46.24
1637040099, 0, 0, 169, 169, 1, 1.24%, 0, 0, 2, 105.57
1637040137, 0, 0, 170, 170, 1, 1.24%, 0, 0, 2, 41.34
1637040153, 0, 0, 172, 172, 1, 1.24%, 0, 0, 2, 4.86
1637040174, 0, 0, 173, 173, 1, 1.25%, 0, 0, 2, 6.52
1637040207, 0, 0, 174, 174, 1, 1.25%, 0, 0, 2, 211.55
1637040223, 0, 0, 176, 176, 1, 1.25%, 0, 0, 2, 74.27
1637040250, 0, 0, 178, 178, 1, 1.25%, 0, 0, 2, 250.25
1637040255, 0, 0, 179, 179, 1, 1.25%, 0, 0, 2, 47.06
1637040295, 0, 0, 181, 181, 1, 1.25%, 0, 0, 2, 27.48
1637040311, 0, 0, 182, 182, 1, 1.25%, 0, 0, 2, 316.27
1637040322, 0, 0, 183, 183, 1, 1.25%, 0, 0, 2, 71.89
1637040327, 0, 0, 186, 186, 1, 1.26%, 0, 0, 2, 83.07
1637040344, 0, 0, 187, 187, 1, 1.26%, 0, 0, 2, 27.65
1637040349, 0, 0, 188, 188, 1, 1.26%, 0, 0, 2, 275.33
1637040354, 0, 0, 189, 189, 1, 1.26%, 0, 0, 2, 9.18
1637040377, 0, 0, 190, 190, 1, 1.26%, 0, 0, 2, 4.49
1637040427, 0, 0, 191, 191, 1, 1.26%, 0, 0, 2, 1.53
1637040439, 0, 0, 192, 192, 1, 1.26%, 0, 0, 2, 15.61
1637040451, 0, 0, 193, 193, 1, 1.26%, 0, 0, 2, 5.46
1637040473, 0, 0, 194, 194, 1, 1.26%, 0, 0, 2, 43.34
1637040484, 0, 0, 195, 195, 1, 1.26%, 0, 0, 2, 38.78
1637040506, 0, 0, 196, 196, 1, 1.26%, 0, 0, 2, 2.09
1637040544, 0, 0, 197, 197, 1, 1.26%, 0, 0, 2, 199.24
1637040555, 0, 0, 198, 198, 1, 1.26%, 0, 0, 2, 23.34
1637040621, 0, 0, 199, 199, 1, 1.28%, 0, 0, 2, 79.44
1637040631, 0, 0, 200, 200, 1, 1.28%, 0, 0, 2, 105.63
1637040654, 0, 0, 201, 201, 1, 1.28%, 0, 0, 2, 39.04
1637040744, 0, 0, 202, 202, 1, 1.28%, 0, 0, 2, 9.42
1637040936, 0, 0, 203, 203, 1, 1.28%, 0, 0, 2, 168.87
1637041027, 0, 0, 204, 204, 1, 1.28%, 0, 0, 2, 14.68
1637041058, 0, 0, 205, 205, 1, 1.28%, 0, 0, 2, 39.16
1637041166, 0, 0, 206, 206, 1, 1.28%, 0, 0, 2, 62.44
1637041183, 0, 0, 207, 207, 1, 1.28%, 0, 0, 2, 604.76
1637041229, 0, 0, 208, 208, 1, 1.28%, 0, 0, 2, 1.22
1637041337, 0, 5, 210, 208, 50, 1.28%, 0, 0, 3, 113.34
1637041342, 0, 5, 212, 210, 50, 1.28%, 0, 0, 3, 13.13
1637041348, 0, 5, 214, 212, 50, 1.29%, 0, 0, 3, 4.06
1637041353, 0, 5, 216, 214, 50, 1.29%, 0, 0, 3, 160.67
1637041364, 0, 5, 217, 215, 50, 1.29%, 0, 0, 3, 0.59
1637041466, 0, 8, 217, 214, 53, 1.29%, 0, 0, 3, 13.58
1637041488, 0, 9, 218, 214, 52, 1.30%, 0, 0, 3, 17.88
1637041521, 0, 9, 219, 215, 52, 1.30%, 0, 0, 3, 35.26
1637041527, 0, 9, 220, 216, 52, 1.30%, 0, 0, 3, 33.20
1637041544, 0, 9, 221, 217, 52, 1.31%, 0, 0, 3, 23.34
1637041555, 0, 9, 222, 218, 52, 1.31%, 0, 0, 3, 6.50
1637041584, 0, 9, 223, 219, 52, 1.31%, 0, 0, 3, 27.26
1637041611, 0, 9, 224, 220, 52, 1.31%, 0, 0, 3, 17.32
1637041634, 0, 9, 225, 221, 52, 1.31%, 0, 0, 3, 190.72
1637041672, 0, 9, 226, 222, 52, 1.31%, 0, 0, 3, 3.10
1637041752, 0, 14, 230, 225, 56, 1.31%, 0, 0, 3, 10.58
1637042099, 0, 19, 230, 224, 55, 1.31%, 0, 0, 3, 43.48
1637042106, 0, 19, 232, 226, 55, 1.31%, 0, 0, 3, 17.17
1637042122, 0, 19, 233, 227, 55, 1.32%, 0, 0, 3, 10.98
1637042128, 0, 19, 234, 228, 55, 1.32%, 0, 0, 3, 114.57
1637042188, 0, 19, 235, 229, 55, 1.32%, 0, 0, 3, 60.40
1637042194, 0, 19, 236, 230, 55, 1.32%, 0, 0, 3, 19.03
1637042286, 0, 19, 237, 231, 55, 1.32%, 0, 0, 3, 69.47
1637042304, 0, 51, 238, 231, 58, 1.32%, 0, 0, 3, 52.39
1637042349, 0, 55, 238, 230, 58, 1.32%, 0, 0, 3, 23.05
1637042392, 0, 77, 238, 229, 57, 1.32%, 0, 0, 3, 74.24
1637042441, 0, 79, 238, 228, 56, 1.32%, 0, 0, 3, 55.77
1637042475, 0, 83, 238, 227, 55, 1.32%, 0, 0, 3, 925.37
1637042480, 0, 83, 239, 228, 55, 1.32%, 0, 0, 3, 18.35
1637042507, 0, 83, 241, 230, 55, 1.32%, 0, 0, 3, 7.13
1637042520, 0, 83, 242, 231, 55, 1.32%, 0, 0, 3, 38.67
1637042561, 0, 83, 243, 232, 55, 1.32%, 0, 0, 3, 10.72
1637042600, 0, 83, 244, 233, 55, 1.32%, 0, 0, 3, 131.24
1637042839, 0, 83, 245, 234, 55, 1.32%, 0, 0, 3, 144.74
1637042850, 0, 85, 245, 233, 54, 1.32%, 0, 0, 3, 30.96
1637042877, 0, 91, 245, 232, 53, 1.32%, 0, 0, 3, 143.82
1637042899, 0, 108, 245, 231, 52, 1.32%, 0, 0, 3, 57.16
1637042916, 0, 108, 246, 232, 52, 1.32%, 0, 0, 3, 38.23
1637042961, 0, 113, 246, 231, 52, 1.32%, 0, 0, 3, 48.34
1637042979, 0, 114, 246, 230, 51, 1.32%, 0, 0, 3, 60.39
1637043002, 0, 115, 246, 229, 50, 1.32%, 0, 0, 3, 48.13
1637043031, 0, 116, 247, 229, 49, 1.32%, 0, 0, 3, 28.14
1637043037, 0, 116, 248, 230, 49, 1.32%, 0, 0, 3, 14.33
1637043042, 0, 116, 249, 231, 49, 1.32%, 0, 0, 3, 3.09
1637043053, 0, 116, 250, 232, 49, 1.32%, 0, 0, 3, 147.20
1637043069, 0, 116, 251, 233, 49, 1.32%, 0, 0, 3, 257.04
1637043075, 0, 116, 252, 234, 49, 1.32%, 0, 0, 3, 24.35
1637043103, 0, 116, 253, 235, 49, 1.32%, 0, 0, 3, 1.65
1637043216, 0, 116, 254, 236, 49, 1.32%, 0, 0, 3, 29.51
1637043244, 0, 116, 255, 237, 49, 1.32%, 0, 0, 3, 25.66
1637043305, 0, 117, 255, 236, 48, 1.32%, 0, 0, 3, 3.37
1637043342, 0, 124, 255, 235, 47, 1.32%, 0, 0, 3, 25.03
1637043369, 0, 125, 255, 234, 46, 1.32%, 0, 0, 3, 10.57
1637043380, 0, 126, 255, 233, 45, 1.32%, 0, 0, 3, 54.95
1637043396, 0, 127, 255, 232, 44, 1.32%, 0, 0, 3, 20.03
1637043424, 0, 128, 255, 231, 43, 1.32%, 0, 0, 3, 139.28
1637043446, 0, 130, 255, 230, 42, 1.32%, 0, 0, 3, 56.66
1637043470, 0, 132, 255, 229, 41, 1.32%, 0, 0, 3, 1.77
1637043493, 0, 137, 255, 228, 40, 1.32%, 0, 0, 3, 23.86
1637043525, 0, 138, 255, 227, 39, 1.32%, 0, 0, 3, 7.58
1637043553, 0, 144, 255, 226, 38, 1.32%, 0, 0, 3, 32.54
1637043559, 0, 144, 256, 227, 38, 1.32%, 0, 0, 3, 53.03
1637043631, 0, 146, 256, 226, 38, 1.32%, 0, 0, 3, 3.00
1637043671, 0, 148, 256, 225, 37, 1.32%, 0, 0, 3, 14.51
1637043710, 0, 149, 256, 224, 36, 1.32%, 0, 0, 3, 11.20
1637043738, 0, 150, 256, 223, 35, 1.32%, 0, 0, 3, 20.70
1637043761, 0, 157, 256, 222, 34, 1.32%, 0, 0, 3, 13.83
1637043822, 0, 165, 256, 221, 33, 1.32%, 0, 0, 3, 88.62
1637043854, 0, 167, 256, 220, 33, 1.32%, 0, 0, 3, 40.59
1637043871, 0, 172, 256, 219, 32, 1.32%, 0, 0, 3, 197.94
1637043887, 0, 176, 257, 219, 31, 1.32%, 0, 0, 3, 28.32
1637043936, 0, 176, 258, 220, 31, 1.32%, 0, 0, 3, 6.56
1637043969, 0, 176, 259, 221, 31, 1.32%, 0, 0, 3, 4.76
1637044029, 0, 176, 260, 222, 31, 1.32%, 0, 0, 3, 2.13
1637044097, 0, 178, 260, 221, 30, 1.32%, 0, 0, 3, 349.93
1637044141, 0, 181, 260, 220, 29, 1.32%, 0, 0, 3, 10.99
1637044157, 0, 185, 260, 219, 28, 1.32%, 0, 0, 3, 22.61
1637044197, 0, 187, 260, 218, 27, 1.32%, 0, 0, 3, 5.48
1637044214, 0, 188, 260, 217, 26, 1.32%, 0, 0, 3, 26.87
1637044250, 0, 189, 260, 216, 25, 1.32%, 0, 0, 3, 41.61
1637044267, 0, 194, 260, 215, 24, 1.32%, 0, 0, 3, 39.61
1637044303, 0, 198, 261, 215, 23, 1.32%, 0, 0, 3, 73.88
1637044371, 0, 199, 261, 214, 22, 1.32%, 0, 0, 3, 30.65
1637044404, 0, 201, 261, 213, 21, 1.32%, 0, 0, 3, 31.19
1637044448, 0, 210, 261, 210, 18, 1.32%, 0, 0, 3, 213.65
1637044469, 0, 211, 261, 209, 17, 1.32%, 0, 0, 3, 81.52
1637044474, 0, 213, 261, 207, 15, 1.32%, 0, 0, 3, 32.93
1637044492, 0, 218, 261, 205, 13, 1.32%, 0, 0, 3, 645.65
1637044536, 0, 219, 261, 204, 12, 1.32%, 0, 0, 3, 7.25
1637044541, 0, 219, 262, 205, 12, 1.32%, 0, 0, 4, 10.53
1637044552, 0, 219, 263, 206, 12, 1.32%, 0, 0, 4, 8.34
1637044557, 0, 219, 264, 207, 12, 1.32%, 0, 1, 4, 9.06
1637044573, 0, 219, 266, 209, 12, 1.32%, 0, 1, 4, 6.08
1637044579, 0, 219, 267, 210, 12, 1.32%, 0, 1, 4, 9.20
1637044591, 0, 219, 268, 211, 12, 1.32%, 0, 1, 4, 3.00
1637044608, 0, 219, 269, 212, 12, 1.32%, 0, 1, 4, 179.59
1637044613, 0, 219, 270, 213, 12, 1.32%, 0, 1, 4, 10.63
1637044624, 0, 219, 271, 214, 12, 1.32%, 0, 1, 4, 0.60
1637044668, 0, 219, 272, 215, 12, 1.32%, 0, 1, 4, 16.19
1637044735, 0, 219, 272, 215, 12, 1.32%, 0, 2, 4, 6.71
1637044740, 0, 219, 273, 216, 12, 1.32%, 0, 2, 4, 1.62
1637044795, 0, 220, 273, 215, 13, 1.32%, 0, 2, 4, 7.20
1637044834, 0, 222, 273, 214, 12, 1.32%, 0, 2, 4, 19.78
1637044864, 0, 222, 273, 214, 12, 1.32%, 0, 3, 4, 27.14
1637044871, 0, 222, 274, 215, 12, 1.32%, 0, 3, 4, 7.71
1637044938, 0, 230, 274, 214, 11, 1.32%, 0, 3, 4, 10.94
1637044954, 0, 232, 274, 213, 10, 1.32%, 0, 3, 4, 54.66
1637044976, 0, 235, 274, 212, 9, 1.32%, 0, 3, 4, 5.17
1637045000, 0, 236, 274, 211, 8, 1.32%, 0, 3, 4, 138.61
1637045027, 0, 237, 274, 210, 7, 1.32%, 0, 3, 4, 123.24
1637045044, 0, 239, 274, 209, 6, 1.32%, 0, 3, 4, 86.94
1637045091, 0, 239, 275, 210, 6, 1.32%, 0, 3, 4, 11.14
1637045124, 0, 244, 275, 209, 6, 1.32%, 0, 3, 4, 3.05
1637045162, 0, 244, 276, 210, 6, 1.32%, 0, 3, 4, 39.78
1637045200, 0, 244, 277, 211, 6, 1.32%, 0, 3, 4, 1.95
1637045285, 0, 244, 278, 212, 6, 1.32%, 0, 3, 4, 15.36
1637045296, 0, 244, 279, 213, 6, 1.32%, 0, 3, 4, 68.34
1637045375, 0, 244, 280, 214, 6, 1.32%, 0, 3, 4, 18.69
1637045453, 0, 245, 280, 213, 6, 1.32%, 0, 3, 4, 41.35
1637045481, 0, 254, 280, 212, 5, 1.32%, 0, 3, 4, 14.89
1637045508, 0, 255, 280, 211, 4, 1.32%, 0, 3, 4, 159.42
1637045534, 0, 267, 280, 210, 3, 1.32%, 0, 4, 4, 45.20
1637045540, 0, 267, 282, 212, 3, 1.32%, 0, 4, 5, 189.87
1637045547, 0, 267, 283, 213, 3, 1.32%, 0, 4, 5, 23.41
1637045759, 0, 267, 284, 214, 3, 1.32%, 0, 4, 5, 816.83
1637045783, 0, 267, 285, 215, 3, 1.32%, 0, 4, 5, 1.30
1637045806, 0, 269, 285, 214, 2, 1.32%, 0, 4, 5, 36.73
1637045825, 0, 269, 285, 214, 2, 1.32%, 0, 5, 5, 5.24
1637045899, 0, 271, 288, 216, 2, 1.32%, 0, 5, 5, 609.02
1637045950, 0, 271, 289, 217, 2, 1.32%, 0, 5, 5, 10.49
1637045982, 0, 271, 290, 218, 2, 1.32%, 0, 5, 5, 9.02
1637046017, 0, 271, 291, 219, 2, 1.32%, 0, 5, 5, 48.66
1637046113, 0, 271, 292, 220, 2, 1.32%, 0, 5, 5, 22.77
1637046208, 0, 283, 292, 219, 3, 1.32%, 0, 5, 5, 365.08
1637046219, 0, 283, 293, 220, 3, 1.32%, 0, 5, 6, 13.48
1637046229, 0, 283, 294, 221, 3, 1.32%, 0, 5, 6, 25.84
1637046347, 0, 283, 295, 222, 3, 1.32%, 0, 5, 6, 15.36
1637046479, 0, 286, 295, 221, 3, 1.32%, 0, 5, 6, 140.51
1637046539, 0, 289, 295, 220, 2, 1.32%, 0, 5, 6, 85.22
1637046544, 0, 289, 296, 221, 2, 1.32%, 0, 5, 6, 11.25
1637046616, 0, 289, 296, 221, 2, 1.32%, 0, 6, 6, 7.31
1637046652, 0, 294, 296, 220, 1, 1.32%, 0, 6, 6, 10.83
1637046663, 0, 294, 297, 221, 1, 1.32%, 0, 6, 7, 91.08
1637046737, 1, 3, 297, 220, 0, 1.32%, 0, 6, 7, 133.27
1637046743, 1, 5, 297, 219, 0, 1.32%, 0, 6, 7, 140.29
1637046749, 1, 8, 297, 219, 0, 1.32%, 0, 6, 7, 35.61
1637046754, 1, 9, 297, 219, 0, 1.32%, 0, 6, 7, 171.32
1637046777, 1, 13, 297, 219, 0, 1.32%, 0, 6, 7, 13.94
1637046788, 1, 13, 298, 220, 0, 1.32%, 0, 6, 7, 348.00
1637046817, 1, 14, 298, 219, 0, 1.32%, 0, 6, 7, 5.68
1637046834, 1, 15, 298, 219, 0, 1.32%, 0, 6, 7, 244.62
1637046841, 1, 15, 299, 220, 0, 1.32%, 0, 6, 7, 15.09
1637046858, 1, 17, 299, 219, 0, 1.32%, 0, 6, 7, 16.28
1637046875, 1, 19, 299, 218, 0, 1.32%, 0, 6, 7, 6.12
1637046887, 1, 20, 299, 218, 0, 1.32%, 0, 6, 7, 52.22
1637046898, 1, 31, 299, 217, 0, 1.32%, 0, 6, 7, 70.62
1637046914, 1, 33, 299, 216, 0, 1.32%, 0, 6, 7, 1.84
1637046931, 1, 40, 299, 215, 0, 1.32%, 0, 6, 7, 39.82
1637046936, 1, 40, 300, 216, 0, 1.32%, 0, 6, 7, 41.93
1637046966, 1, 41, 300, 215, 0, 1.32%, 0, 6, 7, 119.45
1637046982, 1, 44, 300, 214, 0, 1.32%, 0, 6, 7, 92.87
1637046993, 1, 47, 300, 213, 0, 1.32%, 0, 6, 7, 88.87
1637047012, 1, 57, 300, 212, 0, 1.32%, 0, 6, 7, 8.32
1637047018, 1, 57, 301, 213, 0, 1.32%, 0, 6, 7, 152.75
1637047036, 1, 58, 301, 212, 0, 1.32%, 0, 6, 7, 52.06
1637047053, 1, 64, 301, 211, 0, 1.32%, 0, 6, 7, 9.29
1637047058, 1, 64, 302, 212, 0, 1.32%, 0, 6, 7, 146.51
1637047079, 1, 66, 302, 211, 0, 1.32%, 0, 6, 7, 83.61
1637047095, 1, 71, 302, 210, 0, 1.32%, 0, 6, 7, 20.22
1637047119, 1, 73, 302, 209, 0, 1.32%, 0, 6, 7, 54.06
1637047124, 1, 76, 302, 208, 0, 1.32%, 0, 6, 7, 26.55
1637047135, 1, 77, 302, 207, 0, 1.32%, 0, 6, 7, 65.56
1637047145, 1, 79, 302, 207, 0, 1.32%, 0, 6, 7, 17.70
1637047157, 1, 85, 302, 207, 0, 1.32%, 0, 6, 7, 11.56
1637047168, 1, 90, 302, 207, 0, 1.32%, 0, 6, 7, 71.25
1637047183, 1, 93, 302, 206, 0, 1.32%, 0, 6, 7, 10.71
1637047195, 1, 96, 302, 205, 0, 1.32%, 0, 6, 7, 163.45
1637047211, 1, 96, 303, 206, 0, 1.32%, 0, 6, 7, 119.37
1637047228, 1, 96, 304, 207, 0, 1.32%, 0, 6, 7, 30.64
1637047235, 1, 96, 305, 208, 0, 1.32%, 0, 6, 7, 39.86
1637047241, 1, 96, 307, 210, 0, 1.32%, 0, 6, 7, 38.59
1637047258, 1, 96, 308, 211, 0, 1.32%, 0, 6, 7, 11.78
1637047275, 1, 96, 310, 213, 0, 1.32%, 0, 6, 7, 125.23
1637047280, 1, 96, 311, 214, 0, 1.32%, 0, 6, 7, 86.34
1637047297, 1, 96, 312, 215, 0, 1.32%, 0, 6, 7, 43.98
1637047341, 1, 96, 313, 216, 0, 1.32%, 0, 6, 7, 43.10
1637047397, 1, 96, 314, 217, 0, 1.32%, 0, 6, 7, 24.69
1637047419, 1, 97, 314, 216, 0, 1.32%, 0, 6, 7, 14.46
1637047435, 1, 99, 314, 215, 0, 1.32%, 0, 6, 7, 29.56
1637047446, 1, 102, 314, 214, 0, 1.32%, 0, 6, 7, 11.51
1637047458, 1, 106, 314, 213, 0, 1.32%, 0, 6, 7, 49.03
1637047479, 1, 107, 314, 212, 0, 1.32%, 0, 6, 7, 80.31
1637047494, 1, 108, 314, 211, 0, 1.32%, 0, 6, 7, 18.63
1637047512, 1, 109, 314, 211, 0, 1.32%, 0, 6, 7, 2.05
1637047523, 1, 113, 314, 210, 0, 1.32%, 0, 6, 7, 244.15
1637047535, 1, 114, 314, 210, 0, 1.32%, 0, 6, 7, 6.10
1637047541, 1, 115, 314, 210, 0, 1.32%, 0, 6, 7, 47.01
1637047563, 1, 116, 314, 210, 0, 1.32%, 0, 6, 7, 4.58
1637047579, 1, 117, 314, 210, 0, 1.32%, 0, 6, 7, 506.14
1637047597, 1, 118, 314, 210, 0, 1.32%, 0, 6, 7, 70.48
1637047616, 1, 119, 315, 210, 0, 1.32%, 0, 6, 7, 24.42
1637047655, 1, 123, 315, 209, 0, 1.32%, 0, 6, 7, 56.19
1637047673, 1, 124, 315, 208, 0, 1.32%, 0, 6, 7, 26.87
1637047689, 1, 125, 315, 208, 0, 1.32%, 0, 6, 7, 163.86
1637047695, 1, 126, 315, 208, 0, 1.32%, 0, 6, 7, 26.37
1637047705, 1, 127, 315, 208, 0, 1.32%, 0, 6, 7, 9.76
1637047711, 1, 130, 315, 208, 0, 1.32%, 0, 6, 7, 100.90
1637047716, 1, 131, 315, 208, 0, 1.32%, 0, 6, 7, 43.80
1637047732, 1, 132, 315, 207, 0, 1.32%, 0, 6, 7, 2.46
1637047743, 1, 134, 315, 207, 0, 1.32%, 0, 6, 7, 124.17
1637047755, 1, 135, 315, 206, 0, 1.32%, 0, 6, 7, 26.77
1637047766, 1, 137, 315, 205, 0, 1.32%, 0, 6, 7, 57.38
1637047776, 1, 138, 315, 205, 0, 1.32%, 0, 6, 7, 276.97
1637047787, 1, 140, 315, 205, 0, 1.32%, 0, 6, 7, 21.96
1637047804, 1, 141, 315, 204, 0, 1.32%, 0, 6, 7, 7.82
1637047815, 1, 144, 315, 203, 0, 1.32%, 0, 6, 7, 13.62
1637047825, 1, 146, 315, 203, 0, 1.32%, 0, 6, 7, 7.43
1637047841, 1, 148, 315, 203, 0, 1.32%, 0, 6, 7, 176.99
1637047858, 1, 149, 315, 203, 0, 1.32%, 0, 6, 7, 21.57
1637047870, 1, 150, 315, 203, 0, 1.32%, 0, 6, 7, 114.43
1637047880, 1, 152, 315, 203, 0, 1.32%, 0, 6, 7, 267.94
1637047892, 1, 154, 315, 202, 0, 1.32%, 0, 6, 7, 43.35
1637047910, 1, 155, 315, 201, 0, 1.32%, 0, 6, 7, 3.53
1637047915, 1, 156, 315, 200, 0, 1.32%, 0, 6, 7, 442.92
1637047940, 1, 157, 315, 199, 0, 1.32%, 0, 6, 7, 17.54
1637047966, 1, 159, 315, 199, 0, 1.32%, 0, 6, 7, 163.53
1637047976, 1, 167, 315, 198, 0, 1.32%, 0, 6, 7, 62.76
1637047982, 1, 171, 315, 198, 0, 1.32%, 0, 6, 7, 17.02
1637048005, 1, 231, 315, 197, 1, 1.32%, 0, 6, 7, 10.04
1637048021, 2, 87, 315, 196, 1, 1.32%, 0, 6, 7, 51.85
1637048032, 2, 101, 315, 195, 1, 1.32%, 0, 6, 7, 10.28
1637048038, 2, 101, 316, 196, 1, 1.32%, 0, 6, 7, 21.20
1637048044, 2, 101, 317, 197, 1, 1.32%, 0, 6, 7, 23.19
1637048049, 2, 101, 318, 198, 1, 1.32%, 0, 6, 7, 15.23
1637048149, 2, 145, 318, 197, 1, 1.32%, 0, 6, 7, 179.73
1637048159, 2, 148, 318, 196, 0, 1.32%, 0, 6, 7, 14.22
1637048182, 2, 149, 319, 197, 0, 1.32%, 0, 6, 7, 36.64
1637048210, 2, 150, 319, 197, 0, 1.32%, 0, 6, 7, 104.67
1637048226, 2, 151, 319, 197, 0, 1.32%, 0, 6, 7, 10.43
1637048232, 2, 153, 319, 196, 0, 1.32%, 0, 6, 7, 6.70
1637048243, 2, 157, 319, 195, 0, 1.32%, 0, 6, 7, 25.38
1637048271, 2, 157, 321, 197, 0, 1.33%, 0, 6, 7, 0.75
1637048354, 2, 319, 321, 197, 2, 1.33%, 0, 6, 7, 14.77
1637048370, 2, 319, 322, 198, 2, 1.33%, 0, 6, 7, 2.35
1637048375, 2, 319, 324, 200, 2, 1.33%, 0, 6, 7, 93.47
1637048397, 2, 319, 325, 201, 2, 1.33%, 0, 6, 7, 8.71
1637048407, 2, 319, 326, 202, 2, 1.33%, 0, 6, 7, 1.01
1637048413, 2, 319, 327, 203, 2, 1.33%, 0, 6, 7, 46.88
1637048445, 2, 319, 328, 204, 2, 1.33%, 0, 6, 7, 66.97
1637048645, 2, 319, 329, 205, 2, 1.33%, 0, 6, 7, 16.32
1637048678, 2, 320, 329, 204, 3, 1.33%, 0, 6, 7, 5.96
1637048699, 2, 321, 329, 203, 2, 1.33%, 0, 6, 7, 2.43
1637048766, 2, 321, 330, 204, 2, 1.33%, 0, 6, 7, 9.84
1637048866, 2, 325, 330, 203, 1, 1.33%, 0, 6, 7, 282.59
1637048878, 2, 325, 331, 204, 1, 1.33%, 0, 6, 7, 14.36
1637049026, 2, 326, 331, 203, 0, 1.33%, 0, 6, 7, 26.85
1637049036, 2, 326, 332, 204, 0, 1.33%, 0, 6, 7, 42.66
1637049051, 2, 330, 332, 203, 0, 1.33%, 0, 6, 7, 51.12
1637049072, 2, 330, 333, 204, 0, 1.33%, 0, 6, 7, 9.86
1637049077, 2, 330, 334, 205, 0, 1.33%, 0, 6, 7, 115.50
1637049126, 2, 330, 335, 206, 0, 1.33%, 0, 6, 7, 207.47
1637049147, 2, 330, 336, 207, 0, 1.33%, 0, 6, 7, 10.58
1637049231, 2, 330, 337, 208, 0, 1.33%, 0, 6, 7, 7.21
1637049334, 2, 336, 337, 207, 1, 1.33%, 0, 6, 7, 32.79
1637049405, 2, 336, 338, 208, 1, 1.33%, 0, 6, 7, 30.19
1637049421, 2, 336, 339, 209, 1, 1.33%, 0, 6, 7, 12.20
1637049482, 2, 336, 340, 210, 1, 1.33%, 0, 6, 7, 84.71
1637049563, 2, 336, 341, 211, 1, 1.33%, 0, 6, 7, 64.16
1637049601, 2, 340, 341, 210, 0, 1.33%, 0, 6, 7, 35.80
1637049669, 2, 340, 342, 211, 0, 1.33%, 0, 6, 8, 10.85
1637049697, 2, 340, 343, 212, 0, 1.33%, 0, 6, 8, 63.58
1637049702, 2, 340, 344, 213, 0, 1.33%, 0, 6, 8, 26.19
1637049708, 2, 340, 345, 214, 0, 1.33%, 0, 6, 8, 41.75
1637049824, 2, 344, 345, 213, 1, 1.33%, 0, 6, 8, 16.39
1637049834, 2, 344, 347, 215, 1, 1.33%, 0, 6, 9, 68.69
1637049915, 2, 344, 348, 216, 1, 1.33%, 0, 6, 9, 8.02
1637049933, 2, 344, 348, 216, 1, 1.33%, 0, 7, 9, 0.39
1637050053, 2, 344, 349, 217, 1, 1.33%, 0, 7, 9, 160.14
1637050092, 2, 344, 350, 218, 1, 1.33%, 0, 7, 9, 46.30
1637050149, 2, 344, 351, 219, 1, 1.33%, 0, 7, 9, 24.08
1637050165, 2, 346, 351, 218, 1, 1.33%, 0, 7, 9, 45.58
1637050214, 2, 346, 352, 219, 1, 1.33%, 0, 7, 10, 27.86
1637050230, 2, 346, 353, 220, 1, 1.33%, 0, 7, 10, 346.53
1637050256, 2, 346, 354, 221, 1, 1.33%, 0, 7, 10, 16.58
1637050283, 2, 346, 355, 222, 1, 1.33%, 0, 7, 10, 35.88
1637050305, 2, 346, 356, 223, 1, 1.33%, 0, 7, 10, 51.18
1637050566, 2, 351, 356, 222, 1, 1.33%, 0, 7, 10, 23.08
1637050581, 2, 351, 357, 223, 1, 1.33%, 0, 7, 11, 34.06
1637050691, 2, 351, 358, 224, 1, 1.33%, 0, 7, 11, 24.30
1637050713, 2, 351, 359, 225, 1, 1.33%, 0, 7, 11, 14.08
1637050845, 2, 351, 360, 226, 1, 1.33%, 0, 7, 11, 69.35
1637050938, 2, 358, 360, 225, 1, 1.33%, 0, 7, 11, 76.78
1637050960, 2, 358, 361, 226, 1, 1.33%, 0, 7, 12, 7.10
1637050999, 2, 358, 362, 227, 1, 1.33%, 0, 7, 12, 86.48
1637051004, 2, 358, 363, 228, 1, 1.33%, 0, 7, 12, 8.27
1637051042, 2, 358, 364, 229, 1, 1.33%, 0, 7, 12, 10.10
1637051047, 2, 358, 365, 230, 1, 1.33%, 0, 7, 12, 8.00
1637051069, 2, 358, 366, 231, 1, 1.33%, 0, 7, 12, 12.59
1637051300, 2, 363, 366, 230, 0, 1.33%, 0, 7, 12, 286.48
1637051305, 2, 363, 367, 231, 0, 1.33%, 0, 7, 13, 17.75
1637051310, 2, 363, 368, 232, 0, 1.33%, 0, 7, 13, 8.80
1637051321, 2, 363, 369, 233, 0, 1.33%, 0, 7, 13, 172.49
1637051332, 2, 363, 370, 234, 0, 1.33%, 0, 7, 13, 31.86
1637051376, 2, 363, 371, 235, 0, 1.33%, 0, 7, 13, 147.11
1637051522, 2, 363, 372, 236, 0, 1.33%, 0, 7, 13, 28.72
1637051576, 2, 363, 373, 237, 0, 1.33%, 0, 7, 13, 19.94
1637051604, 2, 363, 374, 238, 0, 1.33%, 0, 7, 13, 62.98
1637051663, 2, 365, 375, 238, 0, 1.33%, 0, 7, 13, 67.95
1637051690, 2, 365, 376, 239, 0, 1.33%, 0, 7, 13, 5.30
1637051713, 2, 365, 377, 240, 0, 1.33%, 0, 7, 13, 110.28
1637051723, 2, 365, 378, 241, 0, 1.33%, 0, 7, 13, 26.97
1637051729, 2, 365, 379, 242, 0, 1.33%, 0, 7, 13, 233.46
1637051756, 2, 365, 380, 243, 0, 1.33%, 0, 7, 13, 19.65
1637051824, 2, 365, 381, 244, 0, 1.33%, 0, 7, 13, 378.11
1637051896, 2, 365, 382, 245, 0, 1.33%, 0, 7, 13, 20.63
1637052016, 2, 367, 382, 244, 0, 1.33%, 0, 7, 13, 224.74
1637052078, 2, 367, 383, 245, 0, 1.33%, 0, 7, 14, 94.88
1637052262, 2, 367, 384, 246, 0, 1.33%, 0, 7, 14, 65.51
1637052279, 2, 381, 384, 245, 0, 1.33%, 0, 7, 14, 382.26
1637052295, 2, 381, 385, 246, 0, 1.33%, 0, 7, 14, 3.41
1637052344, 2, 381, 386, 247, 0, 1.34%, 0, 7, 14, 0.98
1637052541, 2, 381, 387, 248, 0, 1.34%, 0, 7, 14, 34.26
1637052612, 2, 385, 387, 247, 1, 1.34%, 0, 7, 14, 1.33
1637052655, 2, 385, 388, 248, 1, 1.34%, 0, 7, 15, 21.88
1637053048, 2, 387, 388, 247, 1, 1.34%, 0, 7, 15, 116.90
1637053123, 2, 387, 388, 247, 1, 1.34%, 0, 8, 15, 1.17
1637053198, 3, 7, 388, 246, 0, 1.34%, 0, 8, 15, 18.86
1637053210, 3, 8, 388, 245, 0, 1.34%, 0, 8, 15, 1.58
1637053215, 3, 9, 388, 245, 0, 1.34%, 0, 8, 15, 48.79
1637053231, 3, 11, 388, 245, 0, 1.34%, 0, 8, 15, 71.86
1637053248, 3, 11, 389, 246, 0, 1.34%, 0, 8, 15, 62.38
1637053264, 3, 14, 389, 245, 0, 1.34%, 0, 8, 15, 2.68
1637053280, 3, 17, 389, 245, 0, 1.34%, 0, 8, 15, 97.08
1637053286, 3, 18, 389, 245, 0, 1.34%, 0, 8, 15, 1395.00
1637053298, 3, 19, 389, 244, 0, 1.34%, 0, 8, 15, 97.52
1637053311, 3, 30, 389, 244, 0, 1.34%, 0, 8, 15, 39.03
1637053327, 3, 39, 389, 243, 0, 1.34%, 0, 8, 15, 19.59
1637053339, 3, 42, 389, 242, 0, 1.34%, 0, 8, 15, 117.62
1637053355, 3, 47, 389, 241, 0, 1.34%, 0, 8, 15, 23.57
1637053366, 3, 50, 389, 241, 0, 1.34%, 0, 8, 15, 269.40
1637053383, 3, 54, 389, 240, 0, 1.34%, 0, 8, 15, 3.21
1637053394, 3, 58, 389, 239, 0, 1.34%, 0, 8, 15, 120.60
1637053405, 3, 77, 389, 239, 0, 1.34%, 0, 8, 15, 120.47
1637053417, 3, 79, 389, 239, 0, 1.34%, 0, 8, 15, 94.39
1637053433, 3, 85, 389, 239, 0, 1.34%, 0, 8, 15, 242.25
1637053451, 3, 87, 389, 239, 0, 1.34%, 0, 8, 15, 13.63
1637053468, 3, 105, 389, 239, 0, 1.34%, 0, 8, 15, 42.08
1637053484, 3, 113, 389, 238, 0, 1.34%, 0, 8, 15, 5.82
1637053494, 3, 114, 389, 238, 0, 1.34%, 0, 8, 15, 47.40
1637053499, 3, 115, 389, 238, 0, 1.34%, 0, 8, 15, 47.59
1637053504, 3, 115, 390, 239, 0, 1.34%, 0, 8, 15, 54.17
1637053532, 3, 116, 390, 239, 0, 1.34%, 0, 8, 15, 351.93
1637053538, 3, 117, 390, 239, 0, 1.34%, 0, 8, 15, 206.83
1637053549, 3, 117, 391, 240, 0, 1.34%, 0, 8, 15, 50.27
1637053561, 3, 124, 391, 240, 0, 1.34%, 0, 8, 15, 18.79
1637053566, 3, 125, 391, 240, 0, 1.34%, 0, 8, 15, 19.13
1637053579, 3, 126, 391, 240, 0, 1.34%, 0, 8, 15, 23.86
1637053585, 3, 127, 391, 240, 0, 1.34%, 0, 8, 15, 5.95
1637053590, 3, 132, 391, 240, 0, 1.34%, 0, 8, 15, 74.04
1637053606, 3, 138, 391, 240, 0, 1.34%, 0, 8, 15, 5.36
1637053624, 3, 144, 391, 240, 0, 1.34%, 0, 8, 15, 25.08
1637053640, 3, 145, 391, 240, 0, 1.34%, 0, 8, 15, 23.72
1637053645, 3, 148, 391, 240, 0, 1.34%, 0, 8, 15, 40.00
1637053667, 3, 150, 391, 240, 0, 1.34%, 0, 8, 15, 107.11
1637053677, 3, 151, 391, 240, 0, 1.34%, 0, 8, 15, 28.53
1637053688, 3, 157, 391, 240, 0, 1.34%, 0, 8, 15, 21.62
1637053710, 3, 161, 391, 240, 0, 1.34%, 0, 8, 15, 19.75
1637053720, 3, 167, 391, 239, 0, 1.34%, 0, 8, 15, 12.20
1637053726, 3, 168, 391, 239, 0, 1.34%, 0, 8, 15, 909.57
1637053742, 3, 170, 391, 238, 0, 1.34%, 0, 8, 15, 552.51
1637053748, 3, 171, 391, 237, 0, 1.34%, 0, 8, 15, 45.88
1637053759, 3, 172, 391, 237, 0, 1.34%, 0, 8, 15, 2.32
1637053764, 3, 174, 391, 237, 0, 1.34%, 0, 8, 15, 14.77
1637053775, 3, 176, 391, 236, 0, 1.34%, 0, 8, 15, 14.70
1637053785, 3, 178, 391, 236, 0, 1.34%, 0, 8, 15, 44.58
1637053790, 3, 179, 391, 236, 0, 1.34%, 0, 8, 15, 28.58
1637053800, 3, 180, 391, 235, 0, 1.34%, 0, 8, 15, 61.59
1637053812, 3, 185, 391, 234, 0, 1.34%, 0, 8, 15, 14.09
1637053830, 3, 188, 391, 234, 0, 1.34%, 0, 8, 15, 69.24
1637053841, 3, 189, 391, 234, 0, 1.34%, 0, 8, 15, 69.94
1637053851, 3, 193, 392, 235, 0, 1.34%, 0, 8, 15, 80.52
1637053873, 3, 194, 392, 234, 0, 1.34%, 0, 8, 15, 20.00
1637053889, 3, 198, 393, 235, 0, 1.34%, 0, 8, 15, 412.32
1637053923, 3, 199, 393, 235, 0, 1.34%, 0, 8, 15, 33.73
1637053939, 3, 202, 394, 236, 0, 1.34%, 0, 8, 15, 139.06
1637053955, 3, 204, 394, 235, 0, 1.34%, 0, 8, 15, 454.85
1637053973, 3, 210, 394, 234, 0, 1.34%, 0, 8, 15, 67.07
1637053984, 3, 211, 394, 234, 0, 1.34%, 0, 8, 15, 211.47
1637053990, 3, 213, 394, 234, 0, 1.34%, 0, 8, 15, 191.48
1637053995, 3, 216, 394, 234, 0, 1.34%, 0, 8, 15, 56.66
1637054001, 3, 220, 394, 234, 0, 1.34%, 0, 8, 15, 14.80
1637054012, 3, 223, 394, 234, 0, 1.34%, 0, 8, 15, 3.36
1637054046, 3, 225, 394, 233, 0, 1.34%, 0, 8, 15, 42.85
1637054051, 3, 226, 394, 232, 0, 1.34%, 0, 8, 15, 199.66
1637054074, 3, 230, 394, 231, 0, 1.34%, 0, 8, 15, 103.00
1637054084, 3, 232, 394, 231, 0, 1.34%, 0, 8, 15, 57.89
1637054090, 3, 235, 394, 231, 0, 1.34%, 0, 8, 15, 130.51
1637054108, 3, 236, 394, 231, 0, 1.34%, 0, 8, 15, 23.01
1637054113, 3, 237, 394, 231, 0, 1.34%, 0, 8, 15, 392.12
1637054120, 3, 243, 394, 231, 0, 1.34%, 0, 8, 15, 53.49
1637054135, 3, 245, 394, 230, 0, 1.34%, 0, 8, 15, 93.89
1637054142, 3, 247, 394, 230, 0, 1.34%, 0, 8, 15, 114.47
1637054159, 3, 249, 394, 229, 0, 1.34%, 0, 8, 15, 0.95
1637054175, 3, 254, 394, 228, 0, 1.34%, 0, 8, 15, 46.89
1637054185, 3, 255, 394, 228, 0, 1.34%, 0, 8, 15, 27.87
1637054192, 3, 258, 394, 228, 0, 1.34%, 0, 8, 15, 7.82
1637054197, 3, 258, 395, 229, 0, 1.34%, 0, 8, 15, 20.79
1637054221, 3, 263, 395, 228, 0, 1.34%, 0, 8, 15, 88.42
1637054259, 3, 270, 395, 227, 0, 1.34%, 0, 8, 15, 1.17
1637054284, 3, 273, 395, 226, 0, 1.34%, 0, 8, 15, 11.89
1637054295, 3, 274, 395, 225, 0, 1.34%, 0, 8, 15, 111.76
1637054328, 3, 279, 395, 224, 0, 1.34%, 0, 8, 15, 107.65
1637054352, 3, 285, 395, 223, 0, 1.34%, 0, 8, 15, 6.63
1637054376, 3, 286, 395, 222, 0, 1.34%, 0, 8, 15, 11.35
1637054414, 3, 289, 395, 222, 0, 1.34%, 0, 8, 15, 1.47
1637054438, 3, 291, 395, 222, 0, 1.34%, 0, 8, 15, 104.41
1637054466, 3, 294, 395, 221, 0, 1.34%, 0, 8, 15, 194.45
1637054482, 3, 301, 395, 221, 0, 1.34%, 0, 8, 15, 163.16
1637054516, 3, 303, 395, 220, 0, 1.34%, 0, 8, 15, 73.98
1637054544, 3, 307, 395, 219, 0, 1.34%, 0, 8, 15, 53.88
1637054550, 3, 307, 396, 220, 0, 1.34%, 0, 8, 15, 13.42
1637054572, 3, 307, 397, 221, 0, 1.34%, 0, 8, 15, 97.68
1637054630, 3, 307, 398, 222, 0, 1.34%, 0, 8, 15, 99.29
1637054636, 3, 307, 399, 223, 0, 1.34%, 0, 8, 15, 58.18
1637054761, 3, 313, 399, 222, 0, 1.34%, 0, 8, 15, 105.47
1637054778, 3, 313, 399, 222, 0, 1.34%, 0, 9, 15, 9.03
1637054784, 3, 315, 399, 221, 0, 1.34%, 0, 9, 15, 243.39
1637054805, 3, 320, 399, 219, 0, 1.34%, 0, 9, 15, 47.71
1637054822, 3, 321, 399, 219, 0, 1.34%, 0, 9, 15, 3.52
1637054923, 3, 323, 399, 219, 0, 1.34%, 0, 9, 15, 22.77
1637054995, 3, 325, 399, 218, 0, 1.34%, 0, 9, 15, 10.09
1637055068, 3, 326, 399, 218, 0, 1.34%, 0, 9, 15, 7.60
1637055078, 3, 335, 399, 218, 0, 1.34%, 0, 9, 15, 213.92
1637055099, 3, 335, 400, 219, 0, 1.34%, 0, 9, 15, 240.00
1637055164, 3, 338, 400, 218, 0, 1.34%, 0, 9, 15, 51.39
1637055195, 3, 339, 400, 217, 0, 1.34%, 0, 9, 15, 403.98
1637055239, 3, 343, 400, 216, 0, 1.34%, 0, 9, 15, 277.40
1637055270, 3, 343, 401, 217, 0, 1.34%, 0, 9, 15, 261.54
1637055342, 3, 346, 401, 216, 0, 1.34%, 0, 9, 15, 4.56
1637055452, 3, 349, 401, 216, 0, 1.34%, 0, 9, 15, 19.72
1637055506, 3, 353, 401, 215, 0, 1.34%, 0, 9, 15, 16.99
1637055602, 3, 355, 401, 214, 0, 1.34%, 0, 9, 15, 128.20
1637055672, 3, 355, 402, 215, 0, 1.34%, 0, 9, 15, 21.20
1637055772, 3, 358, 402, 214, 0, 1.34%, 0, 9, 15, 23.43
1637055886, 3, 361, 402, 214, 0, 1.34%, 0, 9, 15, 9.09
1637056011, 3, 362, 402, 213, 0, 1.34%, 0, 9, 15, 13.38
1637056090, 3, 368, 402, 212, 0, 1.34%, 0, 9, 15, 55.45
1637056123, 3, 368, 403, 213, 0, 1.34%, 0, 9, 15, 77.65
1637056180, 3, 368, 404, 214, 0, 1.34%, 0, 9, 15, 189.31
1637056287, 3, 370, 404, 213, 0, 1.34%, 0, 9, 15, 126.66
1637056352, 3, 370, 405, 214, 0, 1.34%, 0, 9, 15, 66.98
1637056553, 3, 371, 405, 213, 0, 1.34%, 0, 9, 15, 13.98
1637056729, 3, 375, 405, 212, 0, 1.34%, 0, 9, 15, 5.96
1637056889, 3, 383, 405, 211, 0, 1.34%, 0, 9, 15, 175.99
1637056894, 3, 383, 406, 212, 0, 1.34%, 0, 9, 15, 288.01
1637056905, 3, 383, 407, 213, 0, 1.34%, 0, 9, 15, 19.66
1637056931, 3, 383, 409, 215, 0, 1.34%, 0, 9, 15, 38.39
1637057058, 3, 383, 410, 216, 0, 1.34%, 0, 9, 15, 92.82
1637057200, 3, 383, 411, 217, 0, 1.34%, 0, 9, 15, 27.55
1637057221, 3, 383, 412, 218, 0, 1.34%, 0, 9, 15, 44.14
1637057237, 3, 387, 412, 217, 0, 1.34%, 0, 9, 15, 46.02
1637057385, 3, 388, 412, 217, 0, 1.34%, 0, 9, 15, 14.49
1637057391, 3, 388, 413, 218, 0, 1.34%, 0, 9, 15, 35.80
1637057440, 3, 392, 413, 217, 0, 1.34%, 0, 9, 15, 2.53
1637057467, 3, 393, 413, 216, 0, 1.34%, 0, 9, 15, 324.32
1637057496, 3, 396, 413, 215, 0, 1.34%, 0, 9, 15, 1.44
1637057507, 3, 396, 414, 216, 0, 1.34%, 0, 9, 15, 11.12
1637057613, 3, 406, 414, 215, 0, 1.34%, 0, 9, 15, 1.20
1637058368, 3, 413, 414, 214, 0, 1.34%, 0, 9, 15, 42.56
1637058374, 3, 413, 415, 215, 0, 1.34%, 0, 9, 15, 15.95
1637058401, 3, 413, 416, 216, 0, 1.34%, 0, 9, 15, 223.40
1637058541, 3, 413, 417, 217, 0, 1.35%, 0, 9, 15, 2.81
1637058573, 3, 416, 417, 216, 1, 1.35%, 0, 9, 15, 111.48
1637058652, 4, 5, 417, 215, 0, 1.35%, 0, 9, 15, 24.32
1637058658, 4, 8, 417, 215, 0, 1.35%, 0, 9, 15, 177.93
1637058669, 4, 9, 417, 215, 0, 1.35%, 0, 9, 15, 108.23
1637058691, 4, 19, 417, 215, 0, 1.35%, 0, 9, 15, 93.65
1637058696, 4, 24, 417, 215, 0, 1.35%, 0, 9, 15, 10.20
1637058713, 4, 30, 417, 214, 0, 1.35%, 0, 9, 15, 3.94
1637058729, 4, 45, 417, 214, 0, 1.35%, 0, 9, 15, 28.11
1637058746, 4, 49, 417, 213, 0, 1.35%, 0, 9, 15, 3.24
1637058757, 4, 51, 417, 212, 0, 1.35%, 0, 9, 15, 14.11
1637058768, 4, 54, 417, 212, 0, 1.35%, 0, 9, 15, 18.08
1637058779, 4, 58, 417, 212, 0, 1.35%, 0, 9, 15, 30.06
1637058795, 4, 59, 417, 212, 0, 1.35%, 0, 9, 15, 14.31
1637058812, 4, 60, 417, 211, 0, 1.35%, 0, 9, 15, 185.62
1637058834, 4, 63, 417, 210, 0, 1.35%, 0, 9, 15, 5.85
1637058845, 4, 70, 417, 209, 0, 1.35%, 0, 9, 15, 104.61
1637058862, 4, 77, 417, 208, 0, 1.35%, 0, 9, 15, 9.36
1637058878, 4, 79, 417, 208, 0, 1.35%, 0, 9, 15, 98.94
1637058889, 4, 85, 417, 208, 0, 1.35%, 0, 9, 15, 15.08
1637058907, 4, 86, 417, 208, 0, 1.35%, 0, 9, 15, 52.40
1637058923, 4, 87, 417, 207, 0, 1.35%, 0, 9, 15, 67.33
1637058935, 4, 95, 417, 207, 0, 1.35%, 0, 9, 15, 73.37
1637058941, 4, 98, 417, 206, 0, 1.35%, 0, 9, 15, 46.02
1637058952, 4, 113, 417, 205, 0, 1.35%, 0, 9, 15, 122.99
1637058965, 4, 114, 417, 205, 0, 1.35%, 0, 9, 15, 2.77
1637058976, 4, 116, 417, 205, 0, 1.35%, 0, 9, 15, 40.36
1637058994, 4, 117, 417, 205, 0, 1.35%, 0, 9, 15, 41.67
1637059010, 4, 124, 417, 205, 0, 1.35%, 0, 9, 15, 4.75
1637059039, 4, 125, 417, 205, 0, 1.35%, 0, 9, 15, 33.64
1637059044, 4, 126, 417, 205, 0, 1.35%, 0, 9, 15, 47.43
1637059062, 4, 127, 417, 205, 0, 1.35%, 0, 9, 15, 8.25
1637059080, 4, 132, 417, 205, 0, 1.35%, 0, 9, 15, 3.39
1637059103, 4, 134, 417, 205, 0, 1.35%, 0, 9, 15, 8.52
1637059114, 4, 138, 417, 205, 0, 1.35%, 0, 9, 15, 163.35
1637059125, 4, 144, 417, 205, 0, 1.35%, 0, 9, 15, 251.48
1637059137, 4, 145, 417, 205, 0, 1.35%, 0, 9, 15, 21.58
1637059149, 4, 148, 417, 205, 0, 1.35%, 0, 9, 15, 9.72
1637059166, 4, 150, 417, 205, 0, 1.35%, 0, 9, 15, 49.53
1637059179, 4, 151, 417, 205, 0, 1.35%, 0, 9, 15, 15.35
1637059201, 4, 157, 417, 205, 0, 1.35%, 0, 9, 15, 15.48
1637059223, 4, 158, 417, 205, 0, 1.35%, 0, 9, 15, 15.80
1637059239, 4, 160, 417, 204, 0, 1.35%, 0, 9, 15, 7.96
1637059252, 4, 163, 417, 203, 0, 1.35%, 0, 9, 15, 60.56
1637059272, 4, 171, 417, 202, 0, 1.35%, 0, 9, 15, 2.42
1637059288, 4, 172, 417, 202, 0, 1.35%, 0, 9, 15, 2.26
1637059299, 4, 173, 417, 202, 0, 1.35%, 0, 9, 15, 12.39
1637059317, 4, 176, 417, 201, 0, 1.35%, 0, 9, 15, 16.02
1637059334, 4, 178, 417, 201, 0, 1.35%, 0, 9, 15, 6.92
1637059362, 4, 182, 417, 201, 0, 1.35%, 0, 9, 15, 191.74
1637059384, 4, 185, 417, 200, 0, 1.35%, 0, 9, 15, 16.95
1637059399, 4, 188, 417, 200, 0, 1.35%, 0, 9, 15, 3.02
1637059420, 4, 189, 417, 200, 0, 1.35%, 0, 9, 15, 77.64
1637059443, 4, 191, 417, 200, 0, 1.35%, 0, 9, 15, 14.58
1637059465, 4, 192, 417, 199, 0, 1.35%, 0, 9, 15, 65.43
1637059482, 4, 194, 417, 198, 0, 1.35%, 0, 9, 15, 55.87
1637059516, 4, 199, 417, 198, 0, 1.35%, 0, 9, 15, 21.15
1637059531, 4, 209, 417, 198, 0, 1.35%, 0, 9, 15, 166.91
1637059538, 4, 210, 417, 198, 0, 1.35%, 0, 9, 15, 4.56
1637059557, 4, 211, 417, 198, 0, 1.35%, 0, 9, 15, 28.65
1637059563, 4, 213, 417, 198, 0, 1.35%, 0, 9, 15, 8.65
1637059576, 4, 220, 417, 198, 0, 1.35%, 0, 9, 15, 4.34
1637059601, 4, 222, 417, 198, 0, 1.35%, 0, 9, 15, 0.73
1637059618, 4, 226, 417, 198, 0, 1.35%, 0, 9, 15, 45.69
1637059646, 4, 229, 417, 198, 0, 1.35%, 0, 9, 15, 120.00
1637059663, 4, 230, 417, 197, 0, 1.35%, 0, 9, 15, 4.78
1637059669, 4, 232, 417, 197, 0, 1.35%, 0, 9, 15, 6.50
1637059680, 4, 234, 417, 197, 0, 1.35%, 0, 9, 15, 715.00
1637059704, 4, 235, 417, 196, 0, 1.35%, 0, 9, 15, 60.33
1637059720, 4, 236, 417, 196, 0, 1.35%, 0, 9, 15, 3.70
1637059739, 4, 237, 417, 196, 0, 1.35%, 0, 9, 15, 24.64
1637059756, 4, 238, 417, 196, 0, 1.35%, 0, 9, 15, 54.98
1637059769, 4, 243, 417, 195, 0, 1.35%, 0, 9, 15, 9.17
1637059791, 4, 245, 417, 195, 0, 1.35%, 0, 9, 15, 31.24
1637059808, 4, 250, 417, 195, 0, 1.35%, 0, 9, 15, 20.49
1637059813, 4, 252, 417, 194, 0, 1.35%, 0, 9, 15, 550.00
1637059836, 4, 254, 417, 193, 0, 1.35%, 0, 9, 15, 15.11
1637059859, 4, 255, 417, 193, 0, 1.35%, 0, 9, 15, 0.51
1637059870, 4, 258, 417, 193, 0, 1.35%, 0, 9, 15, 41.04
1637059877, 4, 258, 418, 194, 0, 1.35%, 0, 9, 15, 88.93
1637059910, 4, 264, 418, 194, 0, 1.35%, 0, 9, 15, 45.74
1637059954, 4, 266, 418, 193, 0, 1.35%, 0, 9, 15, 570.14
1637059984, 4, 280, 418, 192, 0, 1.35%, 0, 9, 15, 10.24
1637060044, 4, 281, 419, 192, 0, 1.35%, 0, 9, 15, 51.86
1637060092, 4, 281, 420, 193, 0, 1.35%, 0, 9, 15, 39.02
1637060262, 4, 281, 420, 193, 0, 1.35%, 0, 10, 15, 1.62
1637060504, 4, 286, 420, 192, 0, 1.35%, 0, 10, 15, 52.24
1637060543, 4, 287, 420, 192, 0, 1.35%, 0, 10, 15, 25.12
1637060576, 4, 288, 421, 192, 0, 1.35%, 0, 10, 15, 123.55
1637060730, 4, 289, 421, 191, 0, 1.35%, 0, 10, 15, 5.02
1637060757, 4, 292, 421, 191, 0, 1.35%, 0, 10, 15, 38.42
1637060823, 4, 293, 421, 190, 0, 1.35%, 0, 10, 15, 18.08
1637060828, 4, 293, 422, 191, 0, 1.35%, 0, 10, 15, 84.44
1637060841, 4, 293, 424, 193, 0, 1.35%, 0, 10, 15, 3.96
1637061084, 4, 294, 424, 192, 0, 1.35%, 0, 10, 15, 66.60
1637061115, 4, 295, 424, 192, 0, 1.35%, 0, 10, 15, 11.25
1637061192, 4, 296, 424, 191, 0, 1.35%, 0, 10, 15, 13.08
1637061243, 4, 299, 424, 190, 0, 1.35%, 0, 10, 15, 19.51
1637061266, 4, 302, 424, 189, 0, 1.35%, 0, 10, 15, 50.72
1637061300, 4, 308, 424, 188, 0, 1.35%, 0, 10, 15, 12.78
1637061334, 4, 311, 424, 187, 0, 1.35%, 0, 10, 15, 187.37
1637061369, 4, 312, 424, 186, 0, 1.35%, 0, 10, 15, 21.48
1637061416, 4, 314, 424, 185, 0, 1.35%, 0, 10, 15, 11.67
1637061438, 4, 317, 424, 184, 0, 1.35%, 0, 10, 15, 1626.04
1637061461, 4, 320, 424, 183, 0, 1.35%, 0, 10, 15, 53.73
1637061467, 4, 321, 424, 183, 0, 1.35%, 0, 10, 15, 5.34
1637061523, 4, 325, 424, 183, 0, 1.35%, 0, 10, 15, 1.98
1637061569, 4, 328, 424, 183, 0, 1.35%, 0, 10, 15, 85.29
1637061663, 4, 331, 424, 182, 0, 1.35%, 0, 10, 15, 58.24
1637061724, 4, 331, 426, 184, 0, 1.35%, 0, 10, 15, 36.47
1637061729, 4, 331, 427, 185, 0, 1.35%, 0, 10, 15, 35.05
1637061744, 4, 331, 428, 186, 0, 1.35%, 0, 10, 15, 37.17
1637061894, 4, 337, 428, 185, 0, 1.35%, 0, 10, 15, 419.62
1637061972, 4, 346, 428, 184, 0, 1.35%, 0, 10, 15, 18.51
1637062031, 4, 347, 428, 184, 0, 1.35%, 0, 10, 15, 26.03
1637062131, 4, 352, 428, 183, 0, 1.35%, 0, 10, 15, 20.29
1637062269, 4, 356, 428, 182, 0, 1.35%, 0, 10, 15, 29.38
1637062378, 4, 359, 428, 181, 0, 1.35%, 0, 10, 15, 24.34
1637062463, 4, 360, 428, 180, 0, 1.35%, 0, 10, 15, 8.57
1637062596, 4, 364, 428, 179, 0, 1.35%, 0, 10, 15, 8.83
1637062698, 4, 373, 428, 178, 0, 1.35%, 0, 10, 15, 389.14
1637062904, 4, 377, 428, 177, 0, 1.35%, 0, 10, 15, 48.01
1637063095, 4, 378, 428, 176, 0, 1.35%, 0, 10, 15, 464.07
1637063295, 4, 386, 428, 175, 0, 1.35%, 0, 10, 15, 389.67
1637063345, 4, 386, 429, 176, 0, 1.35%, 0, 10, 15, 224.88
1637063542, 4, 387, 429, 175, 0, 1.35%, 0, 10, 15, 160.39
1637063646, 4, 389, 433, 179, 0, 1.35%, 0, 10, 15, 56.39
1637063859, 4, 389, 435, 181, 0, 1.35%, 0, 10, 15, 59.10
1637063891, 4, 389, 436, 182, 0, 1.35%, 0, 10, 15, 6.27
1637064059, 4, 392, 436, 181, 0, 1.35%, 0, 10, 15, 27.75
1637064096, 4, 398, 436, 181, 0, 1.35%, 0, 10, 15, 153.18
1637064142, 4, 409, 436, 180, 0, 1.35%, 0, 10, 15, 42.45
1637064241, 4, 411, 436, 179, 0, 1.35%, 0, 10, 15, 195.19
1637064247, 4, 411, 439, 182, 0, 1.35%, 0, 10, 16, 12.38
1637064503, 4, 411, 440, 183, 0, 1.35%, 0, 10, 16, 10.14
1637064682, 4, 416, 440, 182, 0, 1.35%, 0, 10, 16, 82.86
1637064771, 4, 417, 440, 182, 0, 1.35%, 0, 10, 16, 143.88
1637064778, 4, 417, 442, 184, 0, 1.35%, 0, 10, 16, 136.35
1637064808, 4, 417, 443, 185, 0, 1.35%, 0, 10, 16, 343.08
1637065047, 4, 424, 443, 184, 0, 1.35%, 0, 10, 16, 36.77
1637065098, 4, 425, 443, 183, 0, 1.35%, 0, 10, 16, 36.17
1637065154, 4, 427, 443, 182, 0, 1.35%, 0, 10, 16, 37.56
1637065205, 4, 428, 443, 181, 0, 1.35%, 0, 10, 16, 380.60
1637065216, 4, 428, 444, 182, 0, 1.35%, 0, 10, 16, 41.78
1637065297, 4, 428, 445, 183, 0, 1.35%, 0, 10, 16, 136.89
1637065425, 4, 428, 446, 184, 0, 1.35%, 0, 10, 16, 56.32
1637065431, 4, 430, 446, 183, 0, 1.35%, 0, 10, 16, 79.12
1637065574, 4, 430, 447, 184, 0, 1.35%, 0, 10, 16, 119.40
1637065842, 4, 431, 447, 183, 0, 1.35%, 0, 10, 16, 37.62
1637065894, 4, 432, 447, 182, 0, 1.35%, 0, 10, 16, 67.94
1637066098, 4, 436, 447, 181, 0, 1.35%, 0, 10, 16, 33.58
1637066286, 4, 438, 447, 180, 0, 1.35%, 0, 10, 16, 49.16
1637066574, 4, 442, 447, 179, 0, 1.35%, 0, 10, 16, 312.10
1637066579, 4, 442, 448, 180, 0, 1.35%, 0, 10, 16, 8.35
1637066780, 5, 2, 448, 179, 0, 1.35%, 0, 10, 16, 102.75
1637066803, 5, 4, 448, 178, 0, 1.35%, 0, 10, 16, 30.44
1637066814, 5, 5, 448, 177, 0, 1.35%, 0, 10, 16, 16.54
1637066819, 5, 8, 448, 177, 0, 1.35%, 0, 10, 16, 309.90
1637066831, 5, 9, 448, 177, 0, 1.35%, 0, 10, 16, 18.19
1637066847, 5, 21, 448, 177, 0, 1.35%, 0, 10, 16, 42.44
1637066870, 5, 27, 448, 176, 0, 1.35%, 0, 10, 16, 22.19
1637066887, 5, 29, 448, 175, 0, 1.35%, 0, 10, 16, 111.12
1637066904, 5, 34, 448, 174, 0, 1.35%, 0, 10, 16, 14.66
1637066921, 5, 48, 448, 173, 0, 1.35%, 0, 10, 16, 87.92
1637066934, 5, 58, 448, 172, 0, 1.35%, 0, 10, 16, 36.20
1637066951, 5, 67, 448, 172, 0, 1.35%, 0, 10, 16, 13.41
1637066968, 5, 77, 448, 171, 0, 1.35%, 0, 10, 16, 21.43
1637066990, 5, 79, 448, 171, 0, 1.35%, 0, 10, 16, 29.44
1637067010, 5, 84, 448, 171, 0, 1.35%, 0, 10, 16, 17.39
1637067027, 5, 85, 448, 170, 0, 1.35%, 0, 10, 16, 46.85
1637067051, 5, 100, 448, 170, 0, 1.35%, 0, 10, 16, 21.48
1637067072, 5, 104, 448, 169, 0, 1.35%, 0, 10, 16, 1.45
1637067093, 5, 113, 448, 168, 0, 1.35%, 0, 10, 16, 3.71
1637067104, 5, 114, 448, 168, 0, 1.35%, 0, 10, 16, 134.69
1637067115, 5, 117, 448, 168, 0, 1.35%, 0, 10, 16, 13.05
1637067141, 5, 122, 448, 168, 0, 1.35%, 0, 10, 16, 27.28
1637067154, 5, 124, 448, 167, 0, 1.35%, 0, 10, 16, 13.35
1637067177, 5, 125, 448, 167, 0, 1.35%, 0, 10, 16, 5.00
1637067183, 5, 126, 448, 167, 0, 1.35%, 0, 10, 16, 7.36
1637067194, 5, 127, 448, 167, 0, 1.35%, 0, 10, 16, 9.66
1637067201, 5, 132, 448, 167, 0, 1.35%, 0, 10, 16, 11.70
1637067212, 5, 136, 448, 167, 0, 1.35%, 0, 10, 16, 3.82
1637067236, 5, 138, 448, 166, 0, 1.35%, 0, 10, 16, 56.81
1637067241, 5, 139, 448, 166, 0, 1.35%, 0, 10, 16, 350.58
1637067258, 5, 144, 448, 165, 0, 1.35%, 0, 10, 16, 6.92
1637067281, 5, 145, 448, 165, 0, 1.35%, 0, 10, 16, 29.62
1637067304, 5, 148, 448, 165, 0, 1.35%, 0, 10, 16, 39.05
1637067328, 5, 150, 448, 165, 0, 1.35%, 0, 10, 16, 34.19
1637067350, 5, 151, 448, 165, 0, 1.35%, 0, 10, 16, 5.69
1637067367, 5, 157, 448, 165, 0, 1.35%, 0, 10, 16, 8.52
1637067398, 5, 171, 448, 165, 0, 1.35%, 0, 10, 16, 3.88
1637067415, 5, 176, 448, 165, 0, 1.35%, 0, 10, 16, 6.83
1637067428, 5, 177, 448, 165, 0, 1.35%, 0, 10, 16, 52.48
1637067442, 5, 178, 448, 164, 0, 1.35%, 0, 10, 16, 13.17
1637067469, 5, 185, 448, 164, 0, 1.35%, 0, 10, 16, 0.80
1637067481, 5, 188, 448, 164, 0, 1.35%, 0, 10, 16, 4.62
1637067491, 5, 189, 448, 164, 0, 1.35%, 0, 10, 16, 183.28
1637067508, 5, 191, 448, 164, 0, 1.35%, 0, 10, 16, 54.54
1637067521, 5, 194, 448, 164, 0, 1.35%, 0, 10, 16, 6.67
1637067544, 5, 199, 448, 164, 0, 1.35%, 0, 10, 16, 16.58
1637067560, 5, 209, 448, 164, 0, 1.35%, 0, 10, 16, 1844.65
1637067565, 5, 210, 448, 164, 0, 1.35%, 0, 10, 16, 62.29
1637067590, 5, 212, 448, 164, 0, 1.35%, 0, 10, 16, 15.42
1637067595, 5, 213, 448, 164, 0, 1.35%, 0, 10, 16, 232.40
1637067606, 5, 216, 448, 164, 0, 1.35%, 0, 10, 16, 27.07
1637067611, 5, 220, 448, 164, 0, 1.35%, 0, 10, 16, 14.68
1637067634, 5, 226, 448, 164, 0, 1.35%, 0, 10, 16, 14.73
1637067645, 5, 227, 448, 164, 0, 1.35%, 0, 10, 16, 479.55
1637067656, 5, 230, 448, 163, 0, 1.35%, 0, 10, 16, 283.64
1637067674, 5, 232, 448, 163, 0, 1.35%, 0, 10, 16, 4.70
1637067690, 5, 235, 448, 163, 0, 1.35%, 0, 10, 16, 27.44
1637067702, 5, 236, 448, 163, 0, 1.35%, 0, 10, 16, 46.99
1637067713, 5, 237, 448, 163, 0, 1.35%, 0, 10, 16, 31.64
1637067724, 5, 240, 448, 163, 0, 1.35%, 0, 10, 16, 106.56
1637067741, 5, 241, 448, 162, 0, 1.35%, 0, 10, 16, 146.32
1637067791, 5, 243, 448, 161, 0, 1.35%, 0, 10, 16, 7.31
1637067809, 5, 245, 448, 161, 0, 1.35%, 0, 10, 16, 64.48
1637067827, 5, 248, 448, 161, 0, 1.35%, 0, 10, 16, 19.98
1637067843, 5, 251, 448, 160, 0, 1.35%, 0, 10, 16, 47.17
1637067870, 5, 254, 448, 159, 0, 1.35%, 0, 10, 16, 1.50
1637067876, 5, 255, 448, 159, 0, 1.35%, 0, 10, 16, 91.08
1637067893, 5, 258, 448, 159, 0, 1.35%, 0, 10, 16, 1.65
1637067898, 5, 259, 448, 159, 0, 1.35%, 0, 10, 16, 768.47
1637067915, 5, 277, 448, 158, 0, 1.35%, 0, 10, 16, 17.10
1637067949, 5, 284, 448, 157, 0, 1.35%, 0, 10, 16, 13.13
1637067980, 5, 285, 448, 156, 0, 1.35%, 0, 10, 16, 11.95
1637068002, 5, 286, 448, 156, 0, 1.35%, 0, 10, 16, 49.41
1637068050, 5, 289, 448, 156, 0, 1.35%, 0, 10, 16, 39.42
1637068084, 5, 294, 448, 156, 0, 1.35%, 0, 10, 16, 17.33
1637068113, 5, 302, 448, 156, 0, 1.35%, 0, 10, 16, 5.91
1637068130, 5, 310, 448, 156, 0, 1.35%, 0, 10, 16, 119.22
1637068165, 5, 314, 448, 155, 0, 1.35%, 0, 10, 16, 48.57
1637068183, 5, 320, 448, 155, 0, 1.35%, 0, 10, 16, 39.02
1637068195, 5, 321, 448, 155, 0, 1.35%, 0, 10, 16, 23.18
1637068245, 5, 322, 448, 155, 0, 1.35%, 0, 10, 16, 45.74
1637068322, 5, 325, 448, 154, 0, 1.35%, 0, 10, 16, 22.02
1637068366, 5, 333, 448, 154, 0, 1.35%, 0, 10, 16, 37.77
1637068392, 5, 338, 448, 153, 0, 1.35%, 0, 10, 16, 72.61
1637068415, 5, 342, 448, 153, 0, 1.35%, 0, 10, 16, 33.41
1637068502, 5, 350, 448, 152, 0, 1.35%, 0, 10, 16, 30.53
1637068659, 5, 351, 448, 151, 0, 1.35%, 0, 10, 16, 97.04
1637068789, 5, 352, 448, 151, 0, 1.35%, 0, 10, 16, 9.52
1637068912, 5, 357, 448, 151, 0, 1.35%, 0, 10, 16, 59.93
1637069031, 5, 359, 448, 150, 0, 1.35%, 0, 10, 16, 1.71
1637069155, 5, 360, 448, 150, 0, 1.35%, 0, 10, 16, 48.46
1637069296, 5, 363, 448, 150, 0, 1.35%, 0, 10, 16, 24.00
1637069408, 5, 366, 448, 150, 0, 1.35%, 0, 10, 16, 55.19
1637069529, 5, 374, 448, 149, 0, 1.35%, 0, 10, 16, 22.67
1637069659, 5, 380, 448, 148, 0, 1.35%, 0, 10, 16, 222.36
1637069765, 5, 383, 448, 147, 0, 1.35%, 0, 10, 16, 13.83
1637069950, 5, 387, 448, 147, 0, 1.35%, 0, 10, 16, 8.43
1637070036, 5, 391, 448, 147, 0, 1.35%, 0, 10, 16, 17.75
1637070076, 5, 392, 448, 146, 0, 1.35%, 0, 10, 16, 11.14
1637070127, 5, 395, 448, 146, 0, 1.35%, 0, 10, 16, 136.78
1637070210, 5, 398, 448, 145, 0, 1.35%, 0, 10, 16, 78.94
1637070254, 5, 404, 448, 145, 0, 1.35%, 0, 10, 16, 403.38
1637070452, 5, 410, 448, 144, 0, 1.35%, 0, 10, 16, 19.86
1637070670, 5, 415, 448, 143, 0, 1.35%, 0, 10, 16, 684.67
1637070675, 5, 415, 449, 144, 0, 1.35%, 0, 10, 16, 40.21
1637070785, 5, 416, 449, 143, 0, 1.35%, 0, 10, 16, 69.07
1637070882, 5, 423, 449, 143, 0, 1.35%, 0, 10, 16, 15.76
1637071014, 5, 423, 449, 143, 0, 1.35%, 0, 11, 16, 3.27
1637071260, 5, 429, 449, 142, 0, 1.35%, 0, 11, 16, 35.21
1637071283, 5, 429, 450, 143, 0, 1.35%, 0, 11, 16, 58.96
1637071347, 5, 429, 451, 144, 0, 1.35%, 0, 11, 16, 22.02
1637071358, 5, 429, 452, 145, 0, 1.35%, 0, 11, 16, 11.27
1637071376, 5, 429, 453, 146, 0, 1.35%, 0, 11, 16, 103.81
1637071508, 5, 429, 454, 147, 0, 1.35%, 0, 11, 16, 18.44
1637071591, 5, 429, 455, 148, 0, 1.35%, 0, 11, 16, 25.20
1637071679, 5, 454, 455, 147, 1, 1.35%, 0, 11, 16, 138.20
1637071689, 5, 454, 458, 150, 1, 1.35%, 0, 11, 16, 133.89
1637071695, 5, 454, 461, 153, 1, 1.35%, 0, 11, 16, 16.01
1637071700, 5, 454, 465, 157, 1, 1.35%, 0, 11, 16, 138.23
1637071705, 5, 454, 466, 158, 1, 1.35%, 0, 11, 16, 184.22
1637071711, 5, 454, 469, 161, 1, 1.35%, 0, 11, 16, 131.55
1637071721, 5, 454, 470, 162, 1, 1.35%, 0, 11, 16, 6.54
1637071748, 5, 454, 472, 164, 1, 1.35%, 0, 11, 16, 180.59
1637071758, 5, 454, 473, 165, 1, 1.35%, 0, 11, 16, 185.00
1637071773, 5, 454, 474, 166, 1, 1.35%, 0, 11, 16, 186.11
1637071783, 5, 454, 475, 167, 1, 1.35%, 0, 11, 16, 183.17
1637071800, 5, 454, 476, 168, 1, 1.35%, 0, 11, 16, 36.70
1637071848, 5, 462, 476, 167, 3, 1.35%, 0, 11, 16, 23.16
1637071876, 5, 462, 477, 168, 3, 1.35%, 0, 11, 16, 14.81
1637071913, 5, 462, 478, 169, 3, 1.35%, 0, 11, 16, 12.90
1637072178, 5, 467, 478, 168, 3, 1.35%, 0, 11, 16, 198.33
1637072216, 5, 470, 478, 167, 1, 1.35%, 0, 11, 16, 265.44
1637072271, 6, 3, 478, 166, 0, 1.35%, 0, 11, 16, 107.14
1637072293, 6, 5, 478, 166, 0, 1.35%, 0, 11, 16, 101.85
1637072300, 6, 8, 478, 166, 0, 1.35%, 0, 11, 16, 135.13
1637072311, 6, 9, 478, 166, 0, 1.35%, 0, 11, 16, 15.50
1637072340, 6, 10, 478, 166, 0, 1.35%, 0, 11, 16, 72.53
1637072352, 6, 12, 478, 165, 0, 1.35%, 0, 11, 16, 38.55
1637072380, 6, 37, 478, 164, 0, 1.35%, 0, 11, 16, 253.01
1637072392, 6, 38, 478, 163, 0, 1.35%, 0, 11, 16, 6.55
1637072409, 6, 44, 478, 162, 0, 1.35%, 0, 11, 16, 14.06
1637072433, 6, 52, 478, 162, 0, 1.35%, 0, 11, 16, 64.73
1637072450, 6, 58, 478, 161, 0, 1.35%, 0, 11, 16, 6.28
1637072472, 6, 62, 478, 161, 0, 1.35%, 0, 11, 16, 31.97
1637072490, 6, 65, 478, 160, 0, 1.35%, 0, 11, 16, 630.00
1637072509, 6, 73, 478, 159, 0, 1.35%, 0, 11, 16, 28.20
1637072531, 6, 77, 478, 159, 0, 1.35%, 0, 11, 16, 12.43
1637072556, 6, 79, 478, 159, 0, 1.35%, 0, 11, 16, 45.29
1637072566, 6, 80, 478, 159, 0, 1.35%, 0, 11, 16, 59.87
1637072577, 6, 84, 478, 158, 0, 1.35%, 0, 11, 16, 24.38
1637072593, 6, 85, 478, 158, 0, 1.35%, 0, 11, 16, 10.97
1637072604, 6, 88, 478, 158, 0, 1.35%, 0, 11, 16, 94.18
1637072625, 6, 89, 478, 157, 0, 1.35%, 0, 11, 16, 1.77
1637072648, 6, 97, 478, 156, 0, 1.35%, 0, 11, 16, 3.36
1637072665, 6, 100, 478, 156, 0, 1.35%, 0, 11, 16, 225.19
1637072688, 6, 103, 478, 156, 0, 1.35%, 0, 11, 16, 4.92
1637072707, 6, 110, 478, 155, 0, 1.35%, 0, 11, 16, 60.22
1637072729, 6, 113, 478, 154, 0, 1.35%, 0, 11, 16, 370.00
1637072742, 6, 114, 478, 154, 0, 1.35%, 0, 11, 16, 45.90
1637072753, 6, 117, 478, 154, 0, 1.35%, 0, 11, 16, 14.21
1637072774, 6, 119, 478, 154, 0, 1.35%, 0, 11, 16, 5.42
1637072794, 6, 123, 478, 154, 0, 1.35%, 0, 11, 16, 11.64
1637072805, 6, 124, 478, 154, 0, 1.35%, 0, 11, 16, 9.67
1637072822, 6, 125, 478, 154, 0, 1.35%, 0, 11, 16, 11.72
1637072827, 6, 126, 478, 154, 0, 1.35%, 0, 11, 16, 11.15
1637072838, 6, 127, 478, 154, 0, 1.35%, 0, 11, 16, 195.31
1637072843, 6, 132, 478, 154, 0, 1.35%, 0, 11, 16, 195.65
1637072873, 6, 135, 478, 154, 0, 1.35%, 0, 11, 16, 75.56
1637072879, 6, 137, 478, 154, 0, 1.35%, 0, 11, 16, 61.30
1637072902, 6, 138, 478, 154, 0, 1.35%, 0, 11, 16, 11.34
1637072925, 6, 144, 478, 154, 0, 1.35%, 0, 11, 16, 17.90
1637072943, 6, 145, 478, 154, 0, 1.35%, 0, 11, 16, 13.76
1637072955, 6, 148, 478, 154, 0, 1.35%, 0, 11, 16, 36.08
1637072983, 6, 150, 478, 154, 0, 1.35%, 0, 11, 16, 37.59
1637072999, 6, 151, 478, 154, 0, 1.35%, 0, 11, 16, 43.16
1637073016, 6, 154, 478, 154, 0, 1.35%, 0, 11, 16, 39.32
1637073039, 6, 157, 478, 154, 0, 1.35%, 0, 11, 16, 1.61
1637073066, 6, 164, 478, 154, 0, 1.35%, 0, 11, 16, 228.58
1637073078, 6, 167, 478, 153, 0, 1.35%, 0, 11, 16, 68.84
1637073089, 6, 171, 478, 153, 0, 1.35%, 0, 11, 16, 109.63
1637073112, 6, 172, 478, 153, 0, 1.35%, 0, 11, 16, 2.25
1637073119, 6, 176, 478, 153, 0, 1.35%, 0, 11, 16, 10.14
1637073136, 6, 177, 478, 153, 0, 1.35%, 0, 11, 16, 0.94
1637073164, 6, 178, 478, 153, 0, 1.35%, 0, 11, 16, 25.15
1637073182, 6, 178, 479, 154, 0, 1.35%, 0, 11, 16, 32.11
1637073208, 6, 203, 479, 154, 1, 1.35%, 0, 11, 16, 19.11
1637073236, 6, 319, 479, 153, 1, 1.35%, 0, 11, 16, 14.65
1637073287, 6, 376, 479, 153, 1, 1.35%, 0, 11, 16, 50.37
1637073410, 6, 433, 479, 152, 1, 1.35%, 0, 11, 16, 19.86
1637073620, 6, 478, 479, 151, 1, 1.35%, 0, 11, 16, 41.11
1637073691, 7, 5, 479, 150, 0, 1.35%, 0, 11, 16, 77.91
1637073697, 7, 8, 479, 150, 0, 1.35%, 0, 11, 16, 71.68
1637073702, 7, 9, 479, 150, 0, 1.35%, 0, 11, 16, 97.10
1637073724, 7, 23, 479, 150, 0, 1.35%, 0, 11, 16, 202.11
1637073745, 7, 26, 479, 149, 0, 1.35%, 0, 11, 16, 21.12
1637073763, 7, 35, 479, 148, 0, 1.35%, 0, 11, 16, 0.96
1637073780, 7, 50, 479, 147, 0, 1.35%, 0, 11, 16, 125.95
1637073799, 7, 51, 479, 147, 0, 1.35%, 0, 11, 16, 24.94
1637073811, 7, 58, 479, 147, 0, 1.35%, 0, 11, 16, 37.35
1637073828, 7, 59, 479, 147, 0, 1.35%, 0, 11, 16, 24.73
1637073852, 7, 72, 479, 147, 0, 1.35%, 0, 11, 16, 1.78
1637073869, 7, 76, 479, 146, 0, 1.35%, 0, 11, 16, 19.93
1637073885, 7, 77, 479, 146, 0, 1.35%, 0, 11, 16, 16.04
1637073907, 7, 79, 479, 146, 0, 1.35%, 0, 11, 16, 5.87
1637073924, 7, 85, 479, 146, 0, 1.35%, 0, 11, 16, 94.84
1637073941, 7, 112, 479, 146, 0, 1.35%, 0, 11, 16, 47.44
1637073958, 7, 113, 479, 145, 0, 1.35%, 0, 11, 16, 60.36
1637073977, 7, 114, 479, 145, 0, 1.35%, 0, 11, 16, 65.01
1637073994, 7, 117, 479, 145, 0, 1.35%, 0, 11, 16, 26.99
1637074018, 7, 120, 479, 145, 0, 1.35%, 0, 11, 16, 13.51
1637074036, 7, 122, 479, 144, 0, 1.35%, 0, 11, 16, 13.00
1637074054, 7, 124, 479, 144, 0, 1.35%, 0, 11, 16, 28.65
1637074073, 7, 125, 479, 144, 0, 1.35%, 0, 11, 16, 10.92
1637074078, 7, 126, 479, 144, 0, 1.35%, 0, 11, 16, 116.93
1637074084, 7, 127, 479, 144, 0, 1.35%, 0, 11, 16, 40.46
1637074096, 7, 128, 479, 144, 0, 1.35%, 0, 11, 16, 5.26
1637074114, 7, 129, 479, 144, 0, 1.35%, 0, 11, 16, 54.41
1637074130, 7, 132, 479, 143, 0, 1.35%, 0, 11, 16, 129.97
1637074147, 7, 133, 479, 143, 0, 1.35%, 0, 11, 16, 257.66
1637074171, 7, 134, 479, 142, 0, 1.35%, 0, 11, 16, 67.27
1637074188, 7, 138, 479, 142, 0, 1.35%, 0, 11, 16, 7.10
1637074199, 7, 141, 479, 142, 0, 1.35%, 0, 11, 16, 32.35
1637074220, 7, 142, 479, 142, 0, 1.35%, 0, 11, 16, 297.19
1637074239, 7, 144, 479, 141, 0, 1.35%, 0, 11, 16, 20.90
1637074258, 7, 148, 479, 141, 0, 1.35%, 0, 11, 16, 20.79
1637074282, 7, 150, 479, 141, 0, 1.35%, 0, 11, 16, 25.80
1637074299, 7, 151, 479, 141, 0, 1.35%, 0, 11, 16, 18.63
1637074316, 7, 157, 479, 141, 0, 1.35%, 0, 11, 16, 22.28
1637074344, 7, 167, 479, 140, 0, 1.35%, 0, 11, 16, 13.57
1637074366, 7, 171, 479, 140, 0, 1.35%, 0, 11, 16, 187.62
1637074378, 7, 172, 479, 140, 0, 1.35%, 0, 11, 16, 2.87
1637074383, 7, 176, 479, 140, 0, 1.35%, 0, 11, 16, 200.00
1637074395, 7, 185, 479, 140, 0, 1.35%, 0, 11, 16, 29.81
1637074406, 7, 188, 479, 140, 0, 1.35%, 0, 11, 16, 41.61
1637074429, 7, 189, 479, 140, 0, 1.35%, 0, 11, 16, 167.45
1637074441, 7, 191, 479, 140, 0, 1.35%, 0, 11, 16, 399.43
1637074454, 7, 194, 479, 140, 0, 1.35%, 0, 11, 16, 13.74
1637074475, 7, 196, 479, 140, 0, 1.35%, 0, 11, 16, 34.44
1637074493, 7, 199, 479, 139, 0, 1.35%, 0, 11, 16, 52.94
1637074509, 7, 205, 479, 139, 0, 1.35%, 0, 11, 16, 4.82
1637074537, 7, 206, 479, 138, 0, 1.35%, 0, 11, 16, 8.21
1637074554, 7, 210, 479, 137, 0, 1.35%, 0, 11, 16, 143.65
1637074566, 7, 211, 479, 137, 0, 1.35%, 0, 11, 16, 121.93
1637074577, 7, 213, 479, 137, 0, 1.35%, 0, 11, 16, 53.10
1637074589, 7, 214, 479, 137, 0, 1.35%, 0, 11, 16, 25.42
1637074594, 7, 215, 479, 136, 0, 1.35%, 0, 11, 16, 21.47
1637074611, 7, 217, 479, 135, 0, 1.35%, 0, 11, 16, 92.14
1637074623, 7, 220, 479, 134, 0, 1.35%, 0, 11, 16, 60.59
1637074646, 7, 223, 479, 134, 0, 1.35%, 0, 11, 16, 3.80
1637074680, 7, 226, 479, 134, 0, 1.35%, 0, 11, 16, 27.99
1637074685, 7, 230, 479, 134, 0, 1.35%, 0, 11, 16, 60.79
1637074690, 7, 232, 479, 134, 0, 1.35%, 0, 11, 16, 98.58
1637074697, 7, 235, 479, 134, 0, 1.35%, 0, 11, 16, 86.37
1637074708, 7, 236, 479, 134, 0, 1.35%, 0, 11, 16, 36.36
1637074719, 7, 237, 479, 134, 0, 1.35%, 0, 11, 16, 109.33
1637074730, 7, 242, 479, 134, 0, 1.35%, 0, 11, 16, 56.42
1637074741, 7, 243, 479, 133, 0, 1.35%, 0, 11, 16, 20.80
1637074756, 7, 245, 479, 133, 0, 1.35%, 0, 11, 16, 60.10
1637074767, 7, 254, 479, 133, 0, 1.35%, 0, 11, 16, 151.93
1637074778, 7, 255, 479, 133, 0, 1.35%, 0, 11, 16, 29.16
1637074800, 7, 256, 479, 133, 0, 1.35%, 0, 11, 16, 3.75
1637074812, 7, 259, 479, 132, 0, 1.35%, 0, 11, 16, 3.84
1637074829, 7, 260, 479, 132, 0, 1.35%, 0, 11, 16, 6.32
1637074850, 7, 286, 479, 131, 0, 1.35%, 0, 11, 16, 28.76
1637074874, 7, 289, 479, 131, 0, 1.35%, 0, 11, 16, 7.26
1637074913, 7, 294, 479, 131, 0, 1.35%, 0, 11, 16, 7.04
1637074952, 7, 304, 479, 131, 0, 1.35%, 0, 11, 16, 15.53
1637074987, 7, 305, 479, 130, 0, 1.35%, 0, 11, 16, 122.65
1637075022, 7, 306, 479, 129, 0, 1.35%, 0, 11, 16, 16.65
1637075045, 7, 309, 479, 128, 0, 1.35%, 0, 11, 16, 1.22
1637075075, 7, 314, 479, 127, 0, 1.35%, 0, 11, 16, 37.19
1637075099, 7, 320, 479, 127, 0, 1.35%, 0, 11, 16, 3.52
1637075120, 7, 321, 479, 127, 0, 1.35%, 0, 11, 16, 43.81
1637075171, 7, 325, 479, 127, 0, 1.35%, 0, 11, 16, 38.46
1637075230, 7, 327, 479, 127, 0, 1.35%, 0, 11, 16, 5.40
1637075246, 7, 332, 479, 126, 0, 1.35%, 0, 11, 16, 11.10
1637075293, 7, 340, 479, 125, 0, 1.35%, 0, 11, 16, 66.02
1637075359, 7, 352, 479, 125, 0, 1.35%, 0, 11, 16, 16.65
1637075442, 7, 359, 479, 125, 0, 1.35%, 0, 11, 16, 261.58
1637075490, 7, 360, 479, 125, 0, 1.35%, 0, 11, 16, 22.23
1637075564, 7, 382, 479, 125, 0, 1.35%, 0, 11, 16, 348.01
1637075611, 7, 387, 479, 124, 0, 1.35%, 0, 11, 16, 10.48
1637075702, 7, 392, 479, 124, 0, 1.35%, 0, 11, 16, 55.92
1637075718, 7, 400, 479, 124, 0, 1.35%, 0, 11, 16, 57.49
1637075813, 7, 401, 479, 123, 0, 1.35%, 0, 11, 16, 3.32
1637075836, 7, 401, 480, 124, 0, 1.35%, 0, 11, 16, 3.68
1637075912, 7, 401, 481, 125, 0, 1.35%, 0, 11, 16, 54.39
1637076148, 7, 403, 481, 124, 0, 1.35%, 0, 11, 16, 20.73
1637076248, 7, 403, 482, 125, 0, 1.35%, 0, 11, 16, 51.13
1637076562, 7, 405, 482, 124, 0, 1.35%, 0, 11, 16, 373.13
1637076768, 7, 408, 482, 123, 0, 1.35%, 0, 11, 16, 321.34
1637076976, 7, 416, 482, 122, 0, 1.35%, 0, 11, 16, 19.07
1637076994, 7, 416, 483, 123, 0, 1.35%, 0, 11, 16, 77.36
1637077024, 7, 416, 484, 124, 0, 1.35%, 0, 11, 16, 8.76
1637077162, 7, 483, 484, 124, 1, 1.35%, 0, 11, 16, 10.20
1637077169, 7, 483, 485, 125, 1, 1.35%, 0, 11, 16, 6.83
1637077174, 7, 483, 486, 126, 1, 1.35%, 0, 11, 16, 22.10
1637077179, 7, 483, 487, 127, 1, 1.35%, 0, 12, 16, 23.35
1637077428, 7, 484, 487, 126, 1, 1.35%, 0, 12, 16, 267.73
1637077455, 7, 484, 488, 127, 1, 1.35%, 0, 12, 16, 78.84
1637077710, 7, 487, 488, 126, 0, 1.35%, 0, 12, 16, 120.75
1637077766, 7, 487, 489, 127, 0, 1.35%, 0, 12, 16, 42.07
1637077919, 8, 5, 489, 126, 0, 1.35%, 0, 12, 16, 10.56
1637077924, 8, 8, 489, 126, 0, 1.35%, 0, 12, 16, 2.77
1637077930, 8, 9, 489, 126, 0, 1.35%, 0, 12, 16, 3.88
1637077947, 8, 22, 489, 126, 0, 1.35%, 0, 12, 16, 7.75
1637077969, 8, 26, 489, 125, 0, 1.35%, 0, 12, 16, 162.12
1637077980, 8, 28, 489, 125, 0, 1.35%, 0, 12, 16, 132.10
1637077996, 8, 46, 489, 124, 0, 1.35%, 0, 12, 16, 69.08
1637078013, 8, 56, 489, 123, 0, 1.35%, 0, 12, 16, 289.72
1637078029, 8, 58, 489, 122, 0, 1.35%, 0, 12, 16, 48.13
1637078040, 8, 59, 489, 122, 0, 1.35%, 0, 12, 16, 0.47
1637078057, 8, 66, 489, 122, 0, 1.35%, 0, 12, 16, 5.76
1637078074, 8, 75, 489, 122, 0, 1.35%, 0, 12, 16, 1.47
1637078090, 8, 77, 489, 121, 0, 1.35%, 0, 12, 16, 37.90
1637078106, 8, 79, 489, 121, 0, 1.35%, 0, 12, 16, 200.01
1637078116, 8, 85, 489, 121, 0, 1.35%, 0, 12, 16, 47.93
1637078132, 8, 113, 489, 121, 0, 1.35%, 0, 12, 16, 20.34
1637078153, 8, 114, 489, 121, 0, 1.35%, 0, 12, 16, 7.55
1637078165, 8, 124, 489, 121, 0, 1.35%, 0, 12, 16, 44.79
1637078181, 8, 125, 489, 121, 0, 1.35%, 0, 12, 16, 10.75
1637078192, 8, 126, 489, 121, 0, 1.35%, 0, 12, 16, 115.32
1637078203, 8, 127, 489, 121, 0, 1.35%, 0, 12, 16, 14.42
1637078213, 8, 129, 489, 121, 0, 1.35%, 0, 12, 16, 235.02
1637078230, 8, 132, 489, 121, 0, 1.35%, 0, 12, 16, 17.72
1637078235, 8, 138, 489, 121, 0, 1.35%, 0, 12, 16, 228.18
1637078257, 8, 140, 489, 121, 0, 1.35%, 0, 12, 16, 14.60
1637078269, 8, 144, 489, 121, 0, 1.35%, 0, 12, 16, 1.04
1637078286, 8, 148, 489, 121, 0, 1.35%, 0, 12, 16, 3.75
1637078292, 8, 150, 489, 121, 0, 1.35%, 0, 12, 16, 66.46
1637078304, 8, 151, 489, 121, 0, 1.35%, 0, 12, 16, 22.32
1637078320, 8, 157, 489, 121, 0, 1.35%, 0, 12, 16, 150.99
1637078358, 8, 167, 489, 121, 0, 1.35%, 0, 12, 16, 71.36
1637078371, 8, 171, 489, 121, 0, 1.35%, 0, 12, 16, 15.52
1637078398, 8, 176, 489, 121, 0, 1.35%, 0, 12, 16, 43.48
1637078420, 8, 184, 489, 121, 0, 1.35%, 0, 12, 16, 8.58
1637078432, 8, 185, 489, 120, 0, 1.35%, 0, 12, 16, 42.58
1637078460, 8, 186, 489, 120, 0, 1.35%, 0, 12, 16, 7.39
1637078475, 8, 188, 489, 119, 0, 1.35%, 0, 12, 16, 34.32
1637078487, 8, 189, 489, 119, 0, 1.35%, 0, 12, 16, 78.21
1637078497, 8, 191, 489, 119, 0, 1.35%, 0, 12, 16, 94.83
1637078509, 8, 194, 489, 119, 0, 1.35%, 0, 12, 16, 190.48
1637078525, 8, 199, 489, 119, 0, 1.35%, 0, 12, 16, 74.49
1637078537, 8, 202, 489, 119, 0, 1.35%, 0, 12, 16, 27.34
1637078553, 8, 207, 489, 119, 0, 1.35%, 0, 12, 16, 36.22
1637078559, 8, 208, 489, 118, 0, 1.35%, 0, 12, 16, 1630.00
1637078565, 8, 210, 489, 118, 0, 1.35%, 0, 12, 16, 11.66
1637078583, 8, 211, 489, 118, 0, 1.35%, 0, 12, 16, 134.99
1637078588, 8, 214, 489, 118, 0, 1.35%, 0, 12, 16, 13.85
1637078595, 8, 217, 489, 118, 0, 1.35%, 0, 12, 16, 40.98
1637078606, 8, 220, 489, 118, 0, 1.35%, 0, 12, 16, 3.48
1637078629, 8, 224, 489, 118, 0, 1.35%, 0, 12, 16, 5.09
1637078655, 8, 226, 489, 117, 0, 1.35%, 0, 12, 16, 5.73
1637078678, 8, 230, 489, 117, 0, 1.35%, 0, 12, 16, 25.71
1637078699, 8, 231, 489, 117, 0, 1.35%, 0, 12, 16, 10.63
1637078717, 8, 232, 489, 117, 0, 1.35%, 0, 12, 16, 36.49
1637078730, 8, 235, 489, 117, 0, 1.35%, 0, 12, 16, 11.10
1637078750, 8, 236, 489, 117, 0, 1.35%, 0, 12, 16, 11.30
1637078760, 8, 237, 489, 117, 0, 1.35%, 0, 12, 16, 92.19
1637078765, 8, 243, 489, 117, 0, 1.35%, 0, 12, 16, 113.27
1637078788, 8, 245, 489, 117, 0, 1.35%, 0, 12, 16, 17.77
1637078810, 8, 254, 489, 117, 0, 1.35%, 0, 12, 16, 139.95
1637078826, 8, 255, 489, 117, 0, 1.35%, 0, 12, 16, 7.74
1637078837, 8, 258, 489, 117, 0, 1.35%, 0, 12, 16, 68.64
1637078855, 8, 259, 489, 117, 0, 1.35%, 0, 12, 16, 11.97
1637078871, 8, 262, 489, 117, 0, 1.35%, 0, 12, 16, 12.61
1637078962, 8, 268, 489, 116, 0, 1.35%, 0, 12, 16, 36.42
1637078990, 8, 270, 489, 115, 0, 1.35%, 0, 12, 16, 142.08
1637079001, 8, 271, 489, 115, 0, 1.35%, 0, 12, 16, 4.32
1637079042, 8, 276, 489, 115, 0, 1.35%, 0, 12, 16, 0.48
1637079083, 8, 286, 489, 114, 0, 1.35%, 0, 12, 16, 753.63
1637079106, 8, 289, 489, 114, 0, 1.35%, 0, 12, 16, 1.43
1637079143, 8, 294, 489, 114, 0, 1.35%, 0, 12, 16, 56.32
1637079177, 8, 300, 489, 114, 0, 1.35%, 0, 12, 16, 9.57
1637079212, 8, 303, 489, 113, 0, 1.35%, 0, 12, 16, 4.90
1637079235, 8, 310, 489, 113, 0, 1.35%, 0, 12, 16, 0.97
1637079247, 8, 317, 489, 113, 0, 1.35%, 0, 12, 16, 32.28
1637079282, 8, 318, 489, 113, 0, 1.35%, 0, 12, 16, 292.32
1637079294, 8, 320, 489, 112, 0, 1.35%, 0, 12, 16, 11.41
1637079310, 8, 321, 489, 112, 0, 1.35%, 0, 12, 16, 18.80
1637079365, 8, 322, 489, 112, 0, 1.35%, 0, 12, 16, 53.36
1637079455, 8, 325, 489, 112, 0, 1.35%, 0, 12, 16, 25.57
1637079505, 8, 341, 489, 112, 0, 1.35%, 0, 12, 16, 15.65
1637079589, 8, 345, 489, 111, 0, 1.35%, 0, 12, 16, 241.83
1637079720, 8, 346, 489, 110, 0, 1.35%, 0, 12, 16, 40.12
1637079777, 8, 352, 489, 110, 0, 1.35%, 0, 12, 16, 16.27
1637079861, 8, 369, 489, 110, 0, 1.35%, 0, 12, 16, 283.01
1637079959, 8, 371, 489, 109, 0, 1.35%, 0, 12, 16, 16.07
1637080109, 8, 387, 489, 109, 0, 1.35%, 0, 12, 16, 1.17
1637080175, 8, 390, 489, 109, 0, 1.35%, 0, 12, 16, 101.17
1637080193, 8, 392, 489, 108, 0, 1.35%, 0, 12, 16, 27.40
1637080216, 8, 394, 489, 108, 0, 1.35%, 0, 12, 16, 0.59
1637080261, 8, 395, 489, 107, 0, 1.35%, 0, 12, 16, 67.25
1637080325, 8, 407, 489, 107, 0, 1.35%, 0, 12, 16, 381.09
1637080499, 8, 412, 489, 106, 0, 1.35%, 0, 12, 16, 15.91
1637080555, 8, 426, 489, 105, 0, 1.35%, 0, 12, 16, 36.53
1637080602, 8, 429, 489, 104, 0, 1.35%, 0, 12, 16, 35.84
1637080656, 8, 435, 489, 104, 0, 1.35%, 0, 12, 16, 2.77
1637080878, 8, 436, 489, 103, 0, 1.35%, 0, 12, 16, 22.75
1637081038, 8, 441, 489, 103, 0, 1.35%, 0, 12, 16, 8.10
1637081137, 8, 449, 489, 102, 0, 1.35%, 0, 12, 16, 31.11
1637081299, 8, 452, 489, 101, 0, 1.35%, 0, 12, 16, 13.06
1637081482, 8, 455, 489, 100, 0, 1.35%, 0, 12, 16, 350.04
1637081531, 8, 461, 489, 99, 0, 1.35%, 0, 12, 16, 156.20
1637081562, 8, 466, 489, 98, 0, 1.35%, 0, 12, 16, 174.57
1637081589, 8, 467, 489, 97, 0, 1.35%, 0, 12, 16, 213.21
1637081604, 8, 470, 489, 97, 0, 1.35%, 0, 12, 16, 1.25
1637081620, 8, 475, 489, 97, 0, 1.35%, 0, 12, 16, 150.05
1637081646, 8, 476, 489, 96, 0, 1.35%, 0, 12, 16, 62.45
1637081781, 8, 478, 489, 95, 0, 1.35%, 0, 12, 16, 29.65
1637081815, 8, 479, 489, 95, 0, 1.35%, 0, 12, 16, 6.10
1637082065, 8, 481, 489, 94, 0, 1.35%, 0, 12, 16, 12.65
1637082230, 8, 484, 489, 93, 0, 1.35%, 0, 12, 16, 690.82
1637082333, 9, 1, 489, 93, 0, 1.35%, 0, 12, 16, 192.12
1637082338, 9, 5, 489, 93, 0, 1.35%, 0, 12, 16, 53.21
1637082362, 9, 6, 489, 93, 0, 1.35%, 0, 12, 16, 15.46
1637082384, 9, 8, 489, 92, 0, 1.35%, 0, 12, 16, 168.51
1637082425, 9, 9, 489, 92, 0, 1.35%, 0, 12, 16, 8.07
1637082463, 9, 47, 489, 92, 0, 1.35%, 0, 12, 16, 67.95
1637082492, 9, 58, 489, 92, 0, 1.35%, 0, 12, 16, 95.11
1637082535, 9, 65, 489, 92, 0, 1.35%, 0, 12, 16, 61.24
1637082568, 9, 67, 489, 92, 0, 1.35%, 0, 12, 16, 36.33
1637082619, 9, 77, 489, 92, 0, 1.35%, 0, 12, 16, 1.50
1637082657, 9, 79, 489, 92, 0, 1.35%, 0, 12, 16, 39.04
1637082701, 9, 82, 489, 92, 0, 1.35%, 0, 12, 16, 20.62
1637082725, 9, 85, 489, 91, 0, 1.35%, 0, 12, 16, 38.50
1637082754, 9, 97, 489, 91, 0, 1.35%, 0, 12, 16, 58.21
1637082798, 9, 113, 489, 91, 0, 1.35%, 0, 12, 16, 43.40
1637082837, 9, 114, 489, 91, 0, 1.35%, 0, 12, 16, 17.87
1637082870, 9, 116, 489, 91, 0, 1.35%, 0, 12, 16, 95.77
1637082922, 9, 124, 489, 91, 0, 1.35%, 0, 12, 16, 2.72
1637082967, 9, 125, 489, 91, 0, 1.35%, 0, 12, 16, 118.78
1637082984, 9, 126, 489, 91, 0, 1.35%, 0, 12, 16, 12.55
1637083011, 9, 127, 489, 91, 0, 1.35%, 0, 12, 16, 54.24
1637083034, 9, 129, 489, 91, 0, 1.35%, 0, 12, 16, 65.40
1637083062, 9, 132, 489, 91, 0, 1.35%, 0, 12, 16, 12.22
1637083097, 9, 138, 489, 91, 0, 1.35%, 0, 12, 16, 55.24
1637083151, 9, 144, 489, 91, 0, 1.35%, 0, 12, 16, 12.14
1637083205, 9, 145, 489, 91, 0, 1.35%, 0, 12, 16, 2.14
1637083250, 9, 145, 490, 92, 0, 1.35%, 0, 12, 16, 4.60
1637083272, 9, 148, 490, 92, 0, 1.35%, 0, 12, 16, 166.21
1637083317, 9, 150, 490, 92, 0, 1.35%, 0, 12, 16, 47.35
1637083343, 9, 151, 490, 92, 0, 1.35%, 0, 12, 16, 12.88
1637083385, 9, 157, 490, 92, 0, 1.35%, 0, 12, 16, 7.75
1637083466, 9, 166, 490, 92, 0, 1.35%, 0, 12, 16, 6.15
1637083509, 9, 167, 490, 91, 0, 1.35%, 0, 12, 16, 47.10
1637083557, 9, 171, 490, 91, 0, 1.35%, 0, 12, 16, 83.01
1637083590, 9, 172, 490, 91, 0, 1.35%, 0, 12, 16, 153.27
1637083643, 9, 176, 490, 91, 0, 1.35%, 0, 12, 16, 1.06
1637083670, 9, 185, 490, 91, 0, 1.35%, 0, 12, 16, 6.90
1637083699, 9, 188, 490, 91, 0, 1.35%, 0, 12, 16, 36.21
1637083731, 9, 189, 490, 91, 0, 1.35%, 0, 12, 16, 93.47
1637083778, 9, 190, 490, 91, 0, 1.35%, 0, 12, 16, 1.48
1637083935, 9, 191, 490, 90, 0, 1.35%, 0, 12, 16, 15.88
1637083996, 9, 194, 490, 90, 0, 1.35%, 0, 12, 16, 21.98
1637084055, 9, 199, 490, 90, 0, 1.35%, 0, 12, 16, 27.44
1637084081, 9, 208, 490, 90, 0, 1.35%, 0, 12, 16, 36.64
1637084087, 9, 209, 490, 90, 0, 1.35%, 0, 12, 16, 47.00
1637084105, 9, 210, 490, 90, 0, 1.35%, 0, 12, 16, 21.31
1637084255, 9, 211, 490, 90, 0, 1.35%, 0, 12, 16, 147.09
1637084260, 9, 212, 490, 90, 0, 1.35%, 0, 12, 16, 2.75
1637084272, 9, 213, 490, 90, 0, 1.35%, 0, 12, 16, 191.96
1637084321, 9, 216, 490, 90, 0, 1.35%, 0, 12, 16, 20.50
1637084331, 9, 220, 490, 90, 0, 1.35%, 0, 12, 16, 4.44
1637084416, 9, 221, 490, 90, 0, 1.35%, 0, 12, 16, 123.13
1637084472, 9, 226, 490, 89, 0, 1.35%, 0, 12, 16, 10.52
1637084529, 9, 227, 490, 89, 0, 1.35%, 0, 12, 16, 91.75
1637084570, 9, 230, 490, 89, 0, 1.35%, 0, 12, 16, 112.54
1637084586, 9, 232, 490, 89, 0, 1.35%, 0, 12, 16, 31.51
1637084597, 9, 235, 490, 89, 0, 1.35%, 0, 12, 16, 208.75
1637084627, 9, 236, 490, 89, 0, 1.35%, 0, 12, 16, 59.96
1637084666, 9, 237, 490, 89, 0, 1.35%, 0, 12, 16, 17.09
1637084683, 9, 243, 490, 89, 0, 1.35%, 0, 12, 16, 139.10
1637084732, 9, 245, 490, 89, 0, 1.35%, 0, 12, 16, 57.55
1637084773, 9, 249, 490, 89, 0, 1.35%, 0, 12, 16, 1.99
1637084814, 9, 254, 490, 89, 0, 1.35%, 0, 12, 16, 19.76
1637084843, 9, 255, 490, 89, 0, 1.35%, 0, 12, 16, 16.67
1637084876, 9, 259, 490, 89, 0, 1.35%, 0, 12, 16, 8.51
1637084904, 9, 261, 490, 89, 0, 1.35%, 0, 12, 16, 17.93
1637084971, 9, 263, 490, 88, 0, 1.35%, 0, 12, 16, 52.78
1637085021, 9, 272, 490, 88, 0, 1.35%, 0, 12, 16, 21.44
1637085064, 9, 286, 490, 87, 0, 1.35%, 0, 12, 16, 3.27
1637085117, 9, 289, 491, 88, 0, 1.35%, 0, 12, 16, 21.33
1637085155, 9, 294, 491, 88, 0, 1.35%, 0, 12, 16, 17.16
1637085189, 9, 320, 491, 88, 0, 1.35%, 0, 12, 16, 4.47
1637085227, 9, 321, 491, 88, 0, 1.35%, 0, 12, 16, 97.47
1637085348, 9, 324, 491, 88, 0, 1.35%, 0, 12, 16, 10.08
1637085569, 9, 325, 491, 87, 0, 1.35%, 0, 12, 16, 300.92
1637085665, 9, 352, 491, 87, 0, 1.35%, 0, 12, 16, 24.13
1637085775, 9, 364, 491, 87, 0, 1.35%, 0, 12, 16, 9.88
1637085802, 9, 372, 491, 87, 0, 1.35%, 0, 12, 16, 18.36
1637086201, 9, 376, 491, 86, 0, 1.35%, 0, 12, 16, 55.73
1637086521, 9, 387, 491, 86, 0, 1.35%, 0, 12, 16, 3.50
1637086739, 9, 392, 491, 86, 0, 1.35%, 0, 12, 16, 35.78
1637086806, 9, 397, 491, 86, 0, 1.35%, 0, 12, 16, 121.03
1637086980, 9, 398, 491, 85, 0, 1.35%, 0, 12, 16, 31.70
1637087067, 9, 414, 491, 85, 0, 1.35%, 0, 12, 16, 131.05
1637087202, 9, 418, 491, 84, 0, 1.35%, 0, 12, 16, 5.93
1637087711, 9, 419, 491, 83, 0, 1.35%, 0, 12, 16, 54.29
1637087756, 9, 419, 491, 83, 0, 1.35%, 0, 13, 16, 7.09
1637088066, 9, 419, 491, 83, 0, 1.35%, 0, 14, 16, 2.71
1637088088, 9, 419, 491, 83, 0, 1.35%, 0, 15, 16, 1.53
1637088200, 9, 419, 491, 83, 0, 1.35%, 0, 16, 16, 11.99
1637088518, 9, 438, 491, 82, 0, 1.35%, 0, 16, 16, 29.55
1637089171, 9, 439, 491, 82, 0, 1.35%, 0, 16, 16, 53.28
1637089591, 9, 450, 491, 81, 0, 1.35%, 0, 16, 16, 344.91
1637090214, 9, 464, 491, 80, 0, 1.35%, 0, 16, 16, 244.81
1637090493, 9, 467, 491, 79, 0, 1.35%, 0, 16, 16, 248.63
1637090530, 9, 468, 491, 79, 0, 1.35%, 0, 16, 16, 84.39
1637090681, 9, 470, 491, 78, 0, 1.35%, 0, 16, 16, 18.60
1637090736, 9, 471, 491, 78, 0, 1.35%, 0, 16, 16, 334.30
1637091017, 9, 473, 491, 77, 0, 1.35%, 0, 16, 16, 123.45
1637091327, 9, 477, 491, 76, 0, 1.35%, 0, 16, 16, 19.51
1637091542, 9, 478, 491, 75, 0, 1.35%, 0, 16, 16, 124.30
1637091591, 9, 478, 492, 76, 0, 1.35%, 0, 16, 16, 55.14
1637091614, 9, 491, 493, 77, 1, 1.35%, 0, 16, 16, 37.68
1637091961, 10, 5, 493, 76, 0, 1.35%, 0, 16, 16, 77.52
1637091973, 10, 8, 493, 76, 0, 1.35%, 0, 16, 16, 2.83
1637092013, 10, 9, 493, 76, 0, 1.35%, 0, 16, 16, 8.64
1637092035, 10, 13, 493, 76, 0, 1.35%, 0, 16, 16, 16.55
1637092080, 10, 15, 493, 76, 0, 1.35%, 0, 16, 16, 14.69
1637092126, 10, 16, 493, 76, 0, 1.35%, 0, 16, 16, 26.78
1637092176, 10, 43, 493, 75, 0, 1.35%, 0, 16, 16, 49.87
1637092199, 10, 53, 493, 74, 0, 1.35%, 0, 16, 16, 118.04
1637092226, 10, 57, 493, 73, 0, 1.35%, 0, 16, 16, 81.70
1637092290, 10, 58, 493, 73, 0, 1.35%, 0, 16, 16, 70.61
1637092311, 10, 62, 493, 73, 0, 1.35%, 0, 16, 16, 269.60
1637092354, 10, 69, 493, 73, 0, 1.35%, 0, 16, 16, 4.97
1637092382, 10, 77, 493, 72, 0, 1.35%, 0, 16, 16, 62.47
1637092414, 10, 79, 493, 72, 0, 1.35%, 0, 16, 16, 9.38
1637092441, 10, 85, 493, 72, 0, 1.35%, 0, 16, 16, 57.75
1637092486, 10, 89, 493, 72, 0, 1.35%, 0, 16, 16, 145.19
1637092540, 10, 101, 493, 72, 0, 1.35%, 0, 16, 16, 31.36
1637092567, 10, 102, 493, 72, 0, 1.35%, 0, 16, 16, 17.25
1637092602, 10, 113, 493, 72, 0, 1.35%, 0, 16, 16, 21.13
1637092618, 10, 114, 493, 72, 0, 1.35%, 0, 16, 16, 60.52
1637092651, 10, 124, 493, 72, 0, 1.35%, 0, 16, 16, 86.21
1637092679, 10, 125, 493, 72, 0, 1.35%, 0, 16, 16, 35.55
1637092695, 10, 126, 493, 72, 0, 1.35%, 0, 16, 16, 25.94
1637092739, 10, 127, 493, 72, 0, 1.35%, 0, 16, 16, 25.62
1637092761, 10, 129, 493, 72, 0, 1.35%, 0, 16, 16, 91.62
1637092804, 10, 132, 493, 72, 0, 1.35%, 0, 16, 16, 29.92
1637092838, 10, 133, 493, 72, 0, 1.35%, 0, 16, 16, 15.33
1637092931, 10, 138, 493, 72, 0, 1.35%, 0, 16, 16, 14.62
1637092975, 10, 144, 493, 72, 0, 1.35%, 0, 16, 16, 57.04
1637092985, 10, 147, 493, 72, 0, 1.35%, 0, 16, 16, 20.66
1637093014, 10, 148, 493, 71, 0, 1.35%, 0, 16, 16, 11.66
1637093068, 10, 150, 493, 71, 0, 1.35%, 0, 16, 16, 4.58
1637093095, 10, 151, 493, 71, 0, 1.35%, 0, 16, 16, 16.35
1637093135, 10, 157, 493, 71, 0, 1.35%, 0, 16, 16, 68.91
1637093242, 10, 167, 493, 71, 0, 1.35%, 0, 16, 16, 66.82
1637093264, 10, 169, 493, 71, 0, 1.35%, 0, 16, 16, 11.55
1637093296, 10, 171, 493, 70, 0, 1.35%, 0, 16, 16, 19.59
1637093345, 10, 172, 493, 70, 0, 1.35%, 0, 16, 16, 4.71
1637093399, 10, 176, 493, 70, 0, 1.35%, 0, 16, 16, 18.75
1637093437, 10, 185, 493, 70, 0, 1.35%, 0, 16, 16, 44.35
1637093491, 10, 188, 493, 70, 0, 1.35%, 0, 16, 16, 161.85
1637093523, 10, 189, 493, 70, 0, 1.35%, 0, 16, 16, 1.87
1637093554, 10, 191, 493, 70, 0, 1.35%, 0, 16, 16, 51.73
1637093611, 10, 194, 493, 70, 0, 1.35%, 0, 16, 16, 0.93
1637093656, 10, 199, 493, 70, 0, 1.35%, 0, 16, 16, 12.68
1637093701, 10, 200, 493, 70, 0, 1.35%, 0, 16, 16, 26.78
1637093712, 10, 208, 493, 69, 0, 1.35%, 0, 16, 16, 14.41
1637093717, 10, 209, 493, 69, 0, 1.35%, 0, 16, 16, 188.22
1637093729, 10, 210, 493, 69, 0, 1.35%, 0, 16, 16, 108.24
1637094215, 10, 211, 493, 69, 0, 1.35%, 0, 16, 16, 271.15
1637094239, 10, 212, 493, 69, 0, 1.35%, 0, 16, 16, 26.34
1637094272, 10, 213, 493, 69, 0, 1.35%, 0, 16, 16, 25.38
1637094289, 10, 216, 493, 69, 0, 1.35%, 0, 16, 16, 51.94
1637094306, 10, 220, 493, 69, 0, 1.35%, 0, 16, 16, 24.67
1637094333, 10, 226, 493, 69, 0, 1.35%, 0, 16, 16, 63.28
1637094350, 10, 230, 493, 69, 0, 1.35%, 0, 16, 16, 6.98
1637094373, 10, 232, 493, 69, 0, 1.35%, 0, 16, 16, 40.36
1637094409, 10, 235, 493, 69, 0, 1.35%, 0, 16, 16, 14.65
1637094436, 10, 236, 493, 69, 0, 1.35%, 0, 16, 16, 31.65
1637094463, 10, 237, 493, 69, 0, 1.35%, 0, 16, 16, 22.51
1637094474, 10, 243, 493, 69, 0, 1.35%, 0, 16, 16, 36.46
1637094517, 10, 245, 493, 69, 0, 1.35%, 0, 16, 16, 767.59
1637094560, 10, 254, 493, 69, 0, 1.35%, 0, 16, 16, 23.80
1637094600, 10, 255, 493, 69, 0, 1.35%, 0, 16, 16, 3.35
1637094629, 10, 259, 493, 69, 0, 1.35%, 0, 16, 16, 195.85
1637094661, 10, 272, 493, 69, 0, 1.35%, 0, 16, 16, 2.19
1637094699, 10, 282, 493, 69, 0, 1.35%, 0, 16, 16, 23.09
1637094769, 10, 286, 493, 68, 0, 1.35%, 0, 16, 16, 16.01
1637094810, 10, 289, 493, 68, 0, 1.35%, 0, 16, 16, 51.00
1637094890, 10, 294, 493, 68, 0, 1.35%, 0, 16, 16, 21.50
1637094963, 10, 305, 493, 68, 0, 1.35%, 0, 16, 16, 37.96
1637095001, 10, 312, 493, 68, 0, 1.35%, 0, 16, 16, 21.51
1637095023, 10, 320, 493, 68, 0, 1.35%, 0, 16, 16, 13.32
1637095082, 10, 321, 493, 68, 0, 1.35%, 0, 16, 16, 17.33
1637095280, 10, 325, 493, 68, 0, 1.35%, 0, 16, 16, 46.56
1637095438, 10, 336, 493, 68, 0, 1.35%, 0, 16, 16, 28.08
1637095637, 10, 348, 493, 68, 0, 1.35%, 0, 16, 16, 6.31
1637095835, 10, 348, 494, 69, 0, 1.35%, 0, 16, 16, 100.94
1637096048, 10, 352, 494, 68, 0, 1.35%, 0, 16, 16, 6.92
1637096290, 10, 374, 494, 68, 0, 1.35%, 0, 16, 16, 27.12
1637096470, 10, 386, 494, 68, 0, 1.35%, 0, 16, 16, 69.68
1637097246, 10, 387, 494, 68, 0, 1.35%, 0, 16, 16, 4.10
1637097453, 10, 392, 494, 68, 0, 1.35%, 0, 16, 16, 1.24
1637097533, 10, 399, 494, 68, 0, 1.35%, 0, 16, 16, 5.30
1637097794, 10, 407, 494, 67, 0, 1.35%, 0, 16, 16, 22.44
1637098750, 10, 416, 494, 67, 0, 1.35%, 0, 16, 16, 37.31
1637098850, 10, 421, 494, 67, 0, 1.35%, 0, 16, 16, 2.14
1637099274, 10, 434, 494, 66, 0, 1.35%, 0, 16, 16, 14.04
1637099484, 10, 437, 494, 65, 0, 1.35%, 0, 16, 16, 530.97
1637100073, 10, 438, 494, 64, 0, 1.35%, 0, 16, 16, 7.35
1637100397, 10, 443, 494, 64, 0, 1.35%, 0, 16, 16, 267.45
1637100424, 10, 443, 495, 65, 0, 1.35%, 0, 16, 17, 146.37
1637101287, 10, 446, 495, 64, 0, 1.35%, 0, 16, 17, 12.55
1637101459, 10, 450, 495, 63, 0, 1.35%, 0, 16, 17, 81.75
1637101809, 10, 467, 495, 63, 0, 1.35%, 0, 16, 17, 228.53
1637101838, 10, 470, 495, 63, 0, 1.35%, 0, 16, 17, 29.65
1637101882, 10, 472, 495, 63, 0, 1.35%, 0, 16, 17, 29.45
1637102419, 10, 473, 495, 62, 0, 1.35%, 0, 16, 17, 360.00
1637102502, 10, 485, 495, 62, 0, 1.35%, 0, 16, 17, 1015.00
1637102579, 10, 485, 496, 63, 0, 1.35%, 0, 16, 17, 34.05
1637102624, 10, 485, 497, 64, 0, 1.35%, 0, 16, 17, 81.84
1637102641, 10, 485, 498, 65, 0, 1.35%, 0, 16, 17, 87.26
1637103160, 10, 491, 498, 64, 0, 1.35%, 0, 16, 17, 26.55
1637103482, 10, 496, 498, 64, 0, 1.35%, 0, 16, 17, 1775.00
1637103515, 10, 496, 499, 65, 0, 1.35%, 0, 16, 17, 345.00
1637104150, 11, 5, 499, 64, 0, 1.35%, 0, 16, 17, 3.00
1637104183, 11, 8, 499, 64, 0, 1.35%, 0, 16, 17, 0.46
1637104222, 11, 9, 499, 64, 0, 1.35%, 0, 16, 17, 34.18
1637104279, 11, 25, 499, 64, 0, 1.35%, 0, 16, 17, 126.19
1637104306, 11, 30, 499, 63, 0, 1.35%, 0, 16, 17, 188.00
1637104339, 11, 37, 499, 63, 0, 1.35%, 0, 16, 17, 49.87
1637104369, 11, 51, 499, 63, 0, 1.35%, 0, 16, 17, 7.38
1637104420, 11, 58, 499, 63, 0, 1.35%, 0, 16, 17, 29.33
1637104472, 11, 59, 499, 63, 0, 1.35%, 0, 16, 17, 207.36
1637104511, 11, 61, 499, 63, 0, 1.35%, 0, 16, 17, 1055.38
1637104544, 11, 77, 499, 62, 0, 1.35%, 0, 16, 17, 36.59
1637104590, 11, 79, 499, 62, 0, 1.35%, 0, 16, 17, 89.38
1637104625, 11, 85, 499, 62, 0, 1.35%, 0, 16, 17, 11.58
1637104678, 11, 94, 499, 62, 0, 1.35%, 0, 16, 17, 37.04
1637104735, 11, 96, 499, 61, 0, 1.35%, 0, 16, 17, 47.39
1637104769, 11, 109, 499, 61, 0, 1.35%, 0, 16, 17, 166.63
1637104803, 11, 111, 499, 61, 0, 1.35%, 0, 16, 17, 49.45
1637104839, 11, 112, 499, 60, 0, 1.35%, 0, 16, 17, 12.02
1637104890, 11, 113, 499, 60, 0, 1.35%, 0, 16, 17, 45.55
1637104902, 11, 114, 499, 60, 0, 1.35%, 0, 16, 17, 62.01
1637104945, 11, 115, 499, 60, 0, 1.35%, 0, 16, 17, 4.62
1637104978, 11, 117, 499, 60, 0, 1.35%, 0, 16, 17, 38.11
1637105021, 11, 121, 499, 60, 0, 1.35%, 0, 16, 17, 211.68
1637105073, 11, 124, 499, 59, 0, 1.35%, 0, 16, 17, 43.09
1637105131, 11, 125, 499, 59, 0, 1.35%, 0, 16, 17, 12.60
1637105148, 11, 126, 499, 59, 0, 1.35%, 0, 16, 17, 17.45
1637105172, 11, 127, 499, 59, 0, 1.35%, 0, 16, 17, 0.94
1637105218, 11, 129, 499, 59, 0, 1.35%, 0, 16, 17, 28.54
1637105240, 11, 132, 499, 59, 0, 1.35%, 0, 16, 17, 92.55
1637105276, 11, 138, 499, 59, 0, 1.35%, 0, 16, 17, 43.03
1637105326, 11, 141, 499, 59, 0, 1.35%, 0, 16, 17, 5.91
1637105381, 11, 144, 499, 59, 0, 1.35%, 0, 16, 17, 13.00
1637105424, 11, 148, 499, 59, 0, 1.35%, 0, 16, 17, 25.86
1637105471, 11, 150, 499, 59, 0, 1.35%, 0, 16, 17, 33.14
1637105522, 11, 151, 499, 59, 0, 1.35%, 0, 16, 17, 62.11
1637105571, 11, 153, 499, 59, 0, 1.35%, 0, 16, 17, 19.46
1637105628, 11, 157, 499, 59, 0, 1.35%, 0, 16, 17, 12.57
1637105686, 11, 167, 499, 59, 0, 1.35%, 0, 16, 17, 11.08
1637105719, 11, 171, 499, 59, 0, 1.35%, 0, 16, 17, 13.21
1637105757, 11, 172, 499, 59, 0, 1.35%, 0, 16, 17, 3.26
1637105844, 11, 176, 499, 59, 0, 1.35%, 0, 16, 17, 7.81
1637105879, 11, 185, 499, 59, 0, 1.35%, 0, 16, 17, 16.79
1637105908, 11, 188, 499, 59, 0, 1.35%, 0, 16, 17, 17.08
1637105962, 11, 189, 499, 59, 0, 1.35%, 0, 16, 17, 245.91
1637105996, 11, 191, 499, 59, 0, 1.35%, 0, 16, 17, 152.12
1637106035, 11, 194, 499, 59, 0, 1.35%, 0, 16, 17, 26.39
1637106070, 11, 199, 499, 59, 0, 1.35%, 0, 16, 17, 97.12
1637106098, 11, 208, 499, 59, 0, 1.35%, 0, 16, 17, 1.13
1637106136, 11, 209, 499, 59, 0, 1.35%, 0, 16, 17, 47.29
1637106172, 11, 210, 499, 59, 0, 1.35%, 0, 16, 17, 35.92
1637106284, 11, 210, 499, 59, 0, 1.35%, 0, 17, 17, 0.84
1637106483, 11, 211, 499, 59, 0, 1.35%, 0, 17, 17, 81.94
1637106513, 11, 212, 499, 59, 0, 1.35%, 0, 17, 17, 24.78
1637106541, 11, 213, 499, 59, 0, 1.35%, 0, 17, 17, 63.27
1637106558, 11, 216, 499, 59, 0, 1.35%, 0, 17, 17, 267.86
1637106591, 11, 220, 499, 59, 0, 1.35%, 0, 17, 17, 134.78
1637106679, 11, 226, 499, 59, 0, 1.35%, 0, 17, 17, 6.92
1637106728, 11, 230, 499, 59, 0, 1.35%, 0, 17, 17, 12.85
1637106760, 11, 232, 499, 59, 0, 1.35%, 0, 17, 17, 32.54
1637106794, 11, 235, 499, 59, 0, 1.35%, 0, 17, 17, 78.34
1637106827, 11, 236, 499, 59, 0, 1.35%, 0, 17, 17, 83.97
1637106853, 11, 237, 499, 59, 0, 1.35%, 0, 17, 17, 93.51
1637106881, 11, 243, 499, 59, 0, 1.35%, 0, 17, 17, 128.99
1637106951, 11, 245, 499, 59, 0, 1.35%, 0, 17, 17, 1.62
1637106981, 11, 254, 499, 59, 0, 1.35%, 0, 17, 17, 11.18
1637106997, 11, 255, 499, 59, 0, 1.35%, 0, 17, 17, 17.66
1637107025, 11, 257, 499, 59, 0, 1.35%, 0, 17, 17, 24.16
1637107062, 11, 259, 499, 58, 0, 1.35%, 0, 17, 17, 264.64
1637107086, 11, 266, 499, 58, 0, 1.35%, 0, 17, 17, 12.52
1637107186, 11, 270, 499, 58, 0, 1.35%, 0, 17, 17, 4.70
1637107238, 11, 275, 499, 58, 0, 1.35%, 0, 17, 17, 182.03
1637107305, 11, 286, 499, 57, 0, 1.35%, 0, 17, 17, 38.12
1637107353, 11, 289, 499, 57, 0, 1.35%, 0, 17, 17, 44.53
1637107414, 11, 294, 499, 57, 0, 1.35%, 0, 17, 17, 4.56
1637107469, 11, 305, 499, 57, 0, 1.35%, 0, 17, 17, 17.06
1637107508, 11, 320, 499, 57, 0, 1.35%, 0, 17, 17, 97.97
1637107553, 11, 321, 499, 57, 0, 1.35%, 0, 17, 17, 8.82
1637107757, 11, 325, 499, 57, 0, 1.35%, 0, 17, 17, 17.98
1637107844, 11, 326, 499, 57, 0, 1.35%, 0, 17, 17, 42.88
1637107870, 11, 332, 499, 57, 0, 1.35%, 0, 17, 17, 9.44
1637107896, 11, 335, 499, 57, 0, 1.35%, 0, 17, 17, 39.17
1637108235, 11, 351, 499, 57, 0, 1.35%, 0, 17, 17, 4.38
1637108340, 11, 352, 499, 57, 0, 1.35%, 0, 17, 17, 6.16
1637108536, 11, 353, 499, 57, 0, 1.35%, 0, 17, 17, 206.27
1637108943, 11, 354, 499, 57, 0, 1.35%, 0, 17, 17, 13.34
1637109486, 11, 367, 499, 56, 0, 1.35%, 0, 17, 17, 89.40
1637109866, 11, 369, 499, 56, 0, 1.35%, 0, 17, 17, 21.71
1637110301, 11, 384, 499, 56, 0, 1.35%, 0, 17, 17, 19.35
1637110668, 11, 387, 499, 55, 0, 1.35%, 0, 17, 17, 3.11
1637110891, 11, 390, 499, 55, 0, 1.35%, 0, 17, 17, 26.38
1637110947, 11, 392, 499, 55, 0, 1.35%, 0, 17, 17, 2.55
1637111028, 11, 395, 499, 55, 0, 1.35%, 0, 17, 17, 17.44
1637111322, 11, 416, 499, 55, 0, 1.35%, 0, 17, 17, 35.21
1637111485, 11, 422, 499, 55, 0, 1.35%, 0, 17, 17, 92.24
1637111832, 11, 431, 499, 54, 0, 1.35%, 0, 17, 17, 3.19
1637111860, 11, 440, 499, 54, 0, 1.35%, 0, 17, 17, 22.60
1637112056, 11, 456, 499, 53, 0, 1.35%, 0, 17, 17, 366.81
1637112212, 11, 467, 499, 52, 0, 1.35%, 0, 17, 17, 37.66
1637112250, 11, 469, 499, 52, 0, 1.35%, 0, 17, 17, 278.98
1637112446, 11, 470, 499, 51, 0, 1.35%, 0, 17, 17, 10.47
1637112506, 11, 473, 499, 51, 0, 1.35%, 0, 17, 17, 25.14
1637112549, 11, 474, 499, 51, 0, 1.35%, 0, 17, 17, 146.53
1637112731, 11, 482, 499, 50, 0, 1.35%, 0, 17, 17, 563.83
1637113068, 11, 488, 499, 49, 0, 1.35%, 0, 17, 17, 3.57
1637113464, 11, 491, 499, 48, 0, 1.35%, 0, 17, 17, 17.83
1637113608, 11, 497, 499, 48, 0, 1.35%, 0, 17, 17, 315.29
1637113872, 12, 1, 499, 47, 0, 1.35%, 0, 17, 17, 1990.00
1637113878, 12, 5, 499, 47, 0, 1.35%, 0, 17, 17, 86.00
1637113923, 12, 8, 499, 47, 0, 1.35%, 0, 17, 17, 98.27
1637113958, 12, 9, 499, 47, 0, 1.35%, 0, 17, 17, 18.70
1637113997, 12, 14, 499, 47, 0, 1.35%, 0, 17, 17, 193.21
1637114024, 12, 22, 499, 47, 0, 1.35%, 0, 17, 17, 143.12
1637114042, 12, 27, 499, 47, 0, 1.35%, 0, 17, 17, 240.62
1637114086, 12, 36, 499, 47, 0, 1.35%, 0, 17, 17, 1.21
1637114142, 12, 58, 499, 46, 0, 1.35%, 0, 17, 17, 16.24
1637114177, 12, 74, 499, 46, 0, 1.35%, 0, 17, 17, 28.86
1637114211, 12, 77, 499, 45, 0, 1.35%, 0, 17, 17, 8.97
1637114257, 12, 79, 499, 45, 0, 1.35%, 0, 17, 17, 3.86
1637114297, 12, 80, 499, 45, 0, 1.35%, 0, 17, 17, 197.44
1637114308, 12, 85, 499, 45, 0, 1.35%, 0, 17, 17, 215.08
1637114324, 12, 87, 499, 45, 0, 1.35%, 0, 17, 17, 76.31
1637114384, 12, 113, 499, 45, 0, 1.35%, 0, 17, 17, 34.45
1637114420, 12, 114, 499, 45, 0, 1.35%, 0, 17, 17, 55.16
1637114447, 12, 124, 499, 45, 0, 1.35%, 0, 17, 17, 121.58
1637114504, 12, 125, 499, 45, 0, 1.35%, 0, 17, 17, 1.91
1637114520, 12, 126, 499, 45, 0, 1.35%, 0, 17, 17, 79.85
1637114526, 12, 127, 499, 45, 0, 1.35%, 0, 17, 17, 1.05
1637114549, 12, 129, 499, 45, 0, 1.35%, 0, 17, 17, 38.46
1637114561, 12, 132, 499, 45, 0, 1.35%, 0, 17, 17, 504.59
1637114593, 12, 138, 499, 45, 0, 1.35%, 0, 17, 17, 12.34
1637114643, 12, 141, 499, 45, 0, 1.35%, 0, 17, 17, 0.89
1637114664, 12, 144, 499, 45, 0, 1.35%, 0, 17, 17, 314.79
1637114716, 12, 146, 499, 45, 0, 1.35%, 0, 17, 17, 27.90
1637114759, 12, 148, 499, 45, 0, 1.35%, 0, 17, 17, 56.77
1637114792, 12, 150, 499, 45, 0, 1.35%, 0, 17, 17, 54.01
1637114831, 12, 151, 499, 45, 0, 1.35%, 0, 17, 17, 20.09
1637114866, 12, 157, 499, 45, 0, 1.35%, 0, 17, 17, 5.22
1637114941, 12, 167, 499, 45, 0, 1.35%, 0, 17, 17, 6.56
1637114980, 12, 171, 499, 45, 0, 1.35%, 0, 17, 17, 23.16
1637115053, 12, 172, 499, 45, 0, 1.35%, 0, 17, 17, 2.04
1637115108, 12, 173, 499, 45, 0, 1.35%, 0, 17, 17, 24.97
1637115148, 12, 176, 499, 45, 0, 1.35%, 0, 17, 17, 25.49
1637115200, 12, 185, 499, 45, 0, 1.35%, 0, 17, 17, 27.38
1637115240, 12, 188, 499, 45, 0, 1.35%, 0, 17, 17, 26.62
1637115269, 12, 189, 499, 45, 0, 1.35%, 0, 17, 17, 26.69
1637115378, 12, 191, 499, 45, 0, 1.35%, 0, 17, 17, 15.63
1637115396, 12, 194, 499, 45, 0, 1.35%, 0, 17, 17, 30.45
1637115457, 12, 195, 499, 45, 0, 1.35%, 0, 17, 17, 19.86
1637115505, 12, 196, 499, 44, 0, 1.35%, 0, 17, 17, 22.75
1637115543, 12, 199, 499, 44, 0, 1.35%, 0, 17, 17, 37.55
1637115587, 12, 207, 499, 44, 0, 1.35%, 0, 17, 17, 200.31
1637115607, 12, 208, 499, 44, 0, 1.35%, 0, 17, 17, 20.23
1637115612, 12, 209, 499, 44, 0, 1.35%, 0, 17, 17, 260.40
1637115640, 12, 210, 499, 44, 0, 1.35%, 0, 17, 17, 26.67
1637115929, 12, 211, 499, 44, 0, 1.35%, 0, 17, 17, 63.21
1637115957, 12, 212, 499, 44, 0, 1.35%, 0, 17, 17, 72.83
1637115974, 12, 213, 499, 44, 0, 1.35%, 0, 17, 17, 3.93
1637115990, 12, 216, 499, 44, 0, 1.35%, 0, 17, 17, 31.39
1637116031, 12, 220, 499, 44, 0, 1.35%, 0, 17, 17, 11.39
1637116080, 12, 225, 499, 44, 0, 1.35%, 0, 17, 17, 60.71
1637116091, 12, 226, 499, 44, 0, 1.35%, 0, 17, 17, 126.15
1637116147, 12, 228, 499, 44, 0, 1.35%, 0, 17, 17, 27.14
1637116182, 12, 230, 499, 43, 0, 1.35%, 0, 17, 17, 15.35
1637116205, 12, 232, 499, 43, 0, 1.35%, 0, 17, 17, 26.40
1637116234, 12, 235, 499, 43, 0, 1.35%, 0, 17, 17, 9.57
1637116276, 12, 236, 499, 43, 0, 1.35%, 0, 17, 17, 21.79
1637116316, 12, 237, 499, 43, 0, 1.35%, 0, 17, 17, 41.52
1637116332, 12, 243, 499, 43, 0, 1.35%, 0, 17, 17, 12.61
1637116354, 12, 245, 499, 43, 0, 1.35%, 0, 17, 17, 124.18
1637116388, 12, 253, 499, 43, 0, 1.35%, 0, 17, 17, 4.71
1637116435, 12, 254, 499, 42, 0, 1.35%, 0, 17, 17, 21.05
1637116458, 12, 255, 499, 42, 0, 1.35%, 0, 17, 17, 79.48
1637116493, 12, 259, 499, 42, 0, 1.35%, 0, 17, 17, 122.54
1637116526, 12, 276, 499, 42, 0, 1.35%, 0, 17, 17, 14.23
1637116620, 12, 286, 499, 42, 0, 1.35%, 0, 17, 17, 66.99
1637116721, 12, 289, 499, 42, 0, 1.35%, 0, 17, 17, 51.87
1637116809, 12, 294, 499, 42, 0, 1.35%, 0, 17, 17, 23.86
1637116904, 12, 305, 499, 42, 0, 1.35%, 0, 17, 17, 72.93
1637116967, 12, 320, 499, 42, 0, 1.35%, 0, 17, 17, 15.77
1637117012, 12, 321, 499, 42, 0, 1.35%, 0, 17, 17, 72.46
1637117171, 12, 323, 499, 42, 0, 1.35%, 0, 17, 17, 6.55
1637117576, 12, 325, 499, 42, 0, 1.35%, 0, 17, 17, 35.04
1637117660, 12, 334, 499, 42, 0, 1.35%, 0, 17, 17, 420.81
1637118015, 12, 352, 499, 41, 0, 1.35%, 0, 17, 17, 71.69
1637118257, 12, 362, 499, 41, 0, 1.35%, 0, 17, 17, 14.90
1637118547, 12, 365, 499, 41, 0, 1.35%, 0, 17, 17, 22.51
1637119067, 12, 387, 499, 41, 0, 1.35%, 0, 17, 17, 70.39
1637119265, 12, 392, 499, 41, 0, 1.35%, 0, 17, 17, 21.07
1637119351, 12, 402, 499, 41, 0, 1.35%, 0, 17, 17, 333.25
1637119571, 12, 404, 499, 40, 0, 1.35%, 0, 17, 17, 27.44
1637119806, 12, 411, 499, 40, 0, 1.35%, 0, 17, 17, 40.16
1637120241, 12, 414, 499, 40, 0, 1.35%, 0, 17, 17, 75.42
1637120321, 12, 414, 500, 41, 0, 1.35%, 0, 17, 17, 100.65
1637120421, 12, 415, 500, 41, 0, 1.35%, 0, 17, 17, 96.58
1637120614, 12, 416, 500, 41, 0, 1.35%, 0, 17, 17, 12.12
1637120693, 12, 458, 500, 41, 0, 1.35%, 0, 17, 17, 51.84
1637120925, 12, 460, 500, 40, 0, 1.35%, 0, 17, 17, 342.54
1637121041, 12, 467, 500, 39, 0, 1.35%, 0, 17, 17, 179.37
1637121078, 12, 470, 500, 39, 0, 1.35%, 0, 17, 17, 384.24
1637121162, 12, 473, 500, 39, 0, 1.35%, 0, 17, 17, 46.05
1637121184, 12, 491, 500, 39, 0, 1.35%, 0, 17, 17, 34.86
1637121236, 12, 491, 501, 40, 0, 1.35%, 0, 17, 17, 72.36
1637121241, 12, 494, 501, 40, 0, 1.35%, 0, 17, 17, 326.15
1637121863, 12, 495, 501, 39, 0, 1.35%, 0, 17, 17, 304.00
1637122316, 13, 1, 501, 38, 0, 1.35%, 0, 17, 17, 10.86
1637122321, 13, 5, 501, 38, 0, 1.35%, 0, 17, 17, 17.37
1637122348, 13, 8, 501, 38, 0, 1.35%, 0, 17, 17, 65.15
1637122369, 13, 9, 501, 38, 0, 1.35%, 0, 17, 17, 12.87
1637122391, 13, 16, 501, 38, 0, 1.35%, 0, 17, 17, 85.77
1637122435, 13, 17, 501, 38, 0, 1.35%, 0, 17, 17, 68.80
1637122481, 13, 19, 501, 38, 0, 1.35%, 0, 17, 17, 44.97
1637122504, 13, 24, 501, 38, 0, 1.35%, 0, 17, 17, 118.38
1637122526, 13, 32, 501, 38, 0, 1.35%, 0, 17, 17, 10.17
1637122573, 13, 36, 501, 37, 0, 1.35%, 0, 17, 17, 3.04
1637122605, 13, 58, 501, 37, 0, 1.35%, 0, 17, 17, 40.00
1637122639, 13, 77, 501, 37, 0, 1.35%, 0, 17, 17, 136.22
1637122691, 13, 78, 501, 37, 0, 1.35%, 0, 17, 17, 63.83
1637122769, 13, 79, 501, 36, 0, 1.35%, 0, 17, 17, 35.02
1637122814, 13, 85, 501, 36, 0, 1.35%, 0, 17, 17, 10.93
1637122844, 13, 90, 501, 36, 0, 1.35%, 0, 17, 17, 57.92
1637122893, 13, 90, 501, 36, 0, 1.35%, 0, 18, 17, 1.34
1637122898, 13, 102, 501, 36, 0, 1.35%, 0, 18, 17, 182.95
1637122925, 13, 105, 501, 36, 0, 1.35%, 0, 18, 17, 103.36
1637122965, 13, 113, 501, 36, 0, 1.35%, 0, 18, 17, 41.55
1637122994, 13, 114, 501, 36, 0, 1.35%, 0, 18, 17, 27.03
1637123011, 13, 124, 501, 36, 0, 1.35%, 0, 18, 17, 11.00
1637123046, 13, 125, 501, 36, 0, 1.35%, 0, 18, 17, 41.33
1637123069, 13, 126, 501, 36, 0, 1.35%, 0, 18, 17, 18.61
1637123085, 13, 127, 501, 36, 0, 1.35%, 0, 18, 17, 83.86
1637123120, 13, 129, 501, 36, 0, 1.35%, 0, 18, 17, 9.21
1637123161, 13, 132, 501, 36, 0, 1.35%, 0, 18, 17, 4.83
1637123198, 13, 138, 501, 36, 0, 1.35%, 0, 18, 17, 25.66
1637123248, 13, 140, 501, 36, 0, 1.35%, 0, 18, 17, 61.93
1637123276, 13, 144, 501, 36, 0, 1.35%, 0, 18, 17, 16.59
1637123314, 13, 148, 501, 36, 0, 1.35%, 0, 18, 17, 16.73
1637123366, 13, 150, 501, 36, 0, 1.35%, 0, 18, 17, 10.05
1637123430, 13, 151, 501, 36, 0, 1.35%, 0, 18, 17, 27.18
1637123476, 13, 157, 501, 36, 0, 1.35%, 0, 18, 17, 187.62
1637123560, 13, 167, 501, 36, 0, 1.35%, 0, 18, 17, 5.88
1637123585, 13, 171, 501, 36, 0, 1.35%, 0, 18, 17, 59.57
1637123635, 13, 172, 501, 36, 0, 1.35%, 0, 18, 17, 0.57
1637123662, 13, 176, 501, 36, 0, 1.35%, 0, 18, 17, 17.62
1637123697, 13, 183, 501, 36, 0, 1.35%, 0, 18, 17, 26.32
1637123730, 13, 185, 501, 35, 0, 1.35%, 0, 18, 17, 18.31
1637123773, 13, 187, 501, 35, 0, 1.35%, 0, 18, 17, 7.37
1637123811, 13, 188, 501, 35, 0, 1.35%, 0, 18, 17, 23.18
1637123835, 13, 189, 501, 35, 0, 1.35%, 0, 18, 17, 23.56
1637123886, 13, 191, 501, 35, 0, 1.35%, 0, 18, 17, 34.23
1637123918, 13, 194, 501, 35, 0, 1.35%, 0, 18, 17, 50.98
1637123941, 13, 199, 501, 35, 0, 1.35%, 0, 18, 17, 66.36
1637123974, 13, 208, 501, 35, 0, 1.35%, 0, 18, 17, 28.30
1637123986, 13, 209, 501, 35, 0, 1.35%, 0, 18, 17, 43.49
1637124008, 13, 210, 501, 35, 0, 1.35%, 0, 18, 17, 95.89
1637124907, 13, 211, 501, 35, 0, 1.35%, 0, 18, 17, 50.32
1637124926, 13, 212, 501, 35, 0, 1.35%, 0, 18, 17, 9.29
1637124938, 13, 213, 501, 35, 0, 1.35%, 0, 18, 17, 53.78
1637124960, 13, 215, 501, 35, 0, 1.35%, 0, 18, 17, 19.47
1637125050, 13, 216, 501, 35, 0, 1.35%, 0, 18, 17, 51.71
1637125078, 13, 220, 501, 35, 0, 1.35%, 0, 18, 17, 19.53
1637125155, 13, 226, 501, 35, 0, 1.35%, 0, 18, 17, 4.37
1637125208, 13, 230, 501, 35, 0, 1.35%, 0, 18, 17, 158.52
1637125233, 13, 232, 501, 35, 0, 1.35%, 0, 18, 17, 48.34
1637125281, 13, 235, 501, 35, 0, 1.35%, 0, 18, 17, 35.55
1637125320, 13, 236, 501, 35, 0, 1.35%, 0, 18, 17, 29.69
1637125349, 13, 237, 501, 35, 0, 1.35%, 0, 18, 17, 6.22
1637125381, 13, 243, 501, 35, 0, 1.35%, 0, 18, 17, 94.17
1637125437, 13, 245, 501, 35, 0, 1.35%, 0, 18, 17, 115.65
