# unix_time, cycles_done, cur_path, paths_total, pending_total, pending_favs, map_size, unique_crashes, unique_hangs, max_depth, execs_per_sec
1636694947, 0, 0, 1, 1, 1, 0.91%, 0, 0, 1, 2000.00
1636694955, 0, 0, 111, 111, 1, 1.15%, 0, 0, 2, 109.67
1636694973, 0, 0, 141, 141, 1, 1.19%, 0, 0, 2, 31.46
1636694978, 0, 0, 156, 156, 1, 1.21%, 0, 0, 2, 1314.49
1636694996, 0, 0, 157, 157, 1, 1.21%, 0, 0, 2, 75.98
1636695001, 0, 0, 158, 158, 1, 1.21%, 0, 0, 2, 73.60
1636695024, 0, 0, 160, 160, 1, 1.21%, 0, 0, 2, 17.71
1636695030, 0, 0, 161, 161, 1, 1.21%, 0, 0, 2, 13.26
1636695047, 0, 0, 162, 162, 1, 1.21%, 0, 0, 2, 55.59
1636695058, 0, 0, 163, 163, 1, 1.21%, 0, 0, 2, 196.88
1636695064, 0, 0, 165, 165, 1, 1.24%, 0, 0, 2, 40.45
1636695075, 0, 0, 167, 167, 1, 1.25%, 0, 0, 2, 7.55
1636695086, 0, 0, 168, 168, 1, 1.25%, 0, 0, 2, 66.51
1636695092, 0, 0, 170, 170, 1, 1.25%, 0, 0, 2, 31.51
1636695103, 0, 0, 171, 171, 1, 1.25%, 0, 0, 2, 18.09
1636695120, 0, 0, 172, 172, 1, 1.25%, 0, 0, 2, 69.84
1636695133, 0, 0, 174, 174, 1, 1.25%, 0, 0, 2, 2.66
1636695199, 0, 0, 175, 175, 1, 1.25%, 0, 0, 2, 49.43
1636695205, 0, 0, 177, 177, 1, 1.25%, 0, 0, 2, 160.54
1636695244, 0, 0, 178, 178, 1, 1.25%, 0, 0, 2, 468.63
1636695267, 0, 0, 179, 179, 1, 1.25%, 0, 0, 2, 9.11
1636695274, 0, 0, 180, 180, 1, 1.25%, 0, 0, 2, 0.48
1636695290, 0, 0, 181, 181, 1, 1.25%, 0, 0, 2, 110.99
1636695307, 0, 0, 182, 182, 1, 1.25%, 0, 0, 2, 2.25
1636695343, 0, 0, 183, 183, 1, 1.25%, 0, 0, 2, 49.11
1636695373, 0, 0, 184, 184, 1, 1.25%, 0, 0, 2, 60.00
1636695397, 0, 0, 185, 185, 1, 1.25%, 0, 0, 2, 35.28
1636695415, 0, 0, 186, 186, 1, 1.25%, 0, 0, 2, 7.39
1636695432, 0, 0, 187, 187, 1, 1.25%, 0, 0, 2, 63.13
1636695449, 0, 0, 188, 188, 1, 1.25%, 0, 0, 2, 35.80
1636695459, 0, 0, 189, 189, 1, 1.25%, 0, 0, 2, 20.47
1636695505, 0, 0, 190, 190, 1, 1.26%, 0, 0, 2, 7.72
1636695551, 0, 0, 191, 191, 1, 1.26%, 0, 0, 2, 68.27
1636695665, 0, 0, 192, 192, 1, 1.26%, 0, 0, 2, 31.28
1636695691, 0, 0, 193, 193, 1, 1.26%, 0, 0, 2, 4.22
1636695830, 0, 0, 194, 194, 1, 1.26%, 0, 0, 2, 7.95
1636695858, 0, 0, 195, 195, 1, 1.26%, 0, 0, 2, 31.73
1636695911, 0, 0, 196, 196, 1, 1.26%, 0, 0, 2, 7.01
1636695982, 0, 0, 197, 197, 1, 1.26%, 0, 0, 2, 41.58
1636696006, 0, 0, 198, 198, 1, 1.26%, 0, 0, 2, 0.53
1636696079, 0, 0, 200, 200, 1, 1.26%, 0, 0, 2, 203.83
1636696278, 0, 0, 201, 201, 1, 1.26%, 0, 0, 2, 15.63
1636696407, 0, 0, 202, 202, 1, 1.26%, 0, 0, 2, 7.78
1636696549, 0, 0, 203, 203, 1, 1.26%, 0, 0, 2, 3.24
1636696645, 0, 0, 204, 204, 1, 1.26%, 0, 0, 2, 6.71
1636696689, 0, 1, 206, 205, 47, 1.27%, 0, 0, 3, 2608.52
1636696694, 0, 8, 207, 205, 47, 1.27%, 0, 0, 3, 2278.31
1636696728, 0, 8, 209, 207, 47, 1.27%, 0, 0, 3, 14.00
1636696734, 0, 8, 211, 209, 47, 1.27%, 0, 0, 3, 16.93
1636696745, 0, 8, 212, 210, 47, 1.27%, 0, 0, 3, 152.89
1636697403, 0, 9, 212, 209, 48, 1.27%, 0, 0, 3, 37.01
1636697415, 0, 9, 213, 210, 48, 1.28%, 0, 0, 3, 0.33
1636697440, 0, 9, 214, 211, 48, 1.28%, 0, 0, 3, 30.77
1636697496, 0, 9, 215, 212, 48, 1.28%, 0, 0, 3, 28.25
1636697550, 0, 9, 216, 213, 48, 1.28%, 0, 0, 3, 7.97
1636697564, 0, 9, 216, 213, 48, 1.28%, 0, 1, 3, 10.62
1636697666, 0, 9, 216, 213, 48, 1.28%, 0, 2, 3, 2.45
1636697754, 0, 9, 217, 214, 48, 1.28%, 0, 2, 3, 1.44
1636697777, 0, 14, 218, 214, 50, 1.28%, 0, 2, 3, 5.68
1636697782, 0, 14, 221, 217, 50, 1.28%, 0, 2, 3, 154.57
1636697794, 0, 14, 222, 218, 50, 1.28%, 0, 2, 3, 47.09
1636697806, 0, 14, 223, 219, 50, 1.28%, 0, 2, 3, 1.46
1636697862, 0, 14, 224, 220, 50, 1.28%, 0, 2, 3, 48.64
1636697880, 0, 14, 225, 221, 50, 1.28%, 0, 2, 3, 33.54
1636698052, 0, 14, 226, 222, 50, 1.28%, 0, 2, 3, 27.73
1636698148, 0, 19, 227, 222, 49, 1.28%, 0, 2, 3, 27.47
1636698153, 0, 19, 230, 225, 49, 1.28%, 0, 2, 3, 164.74
1636698159, 0, 19, 231, 226, 49, 1.28%, 0, 2, 3, 104.17
1636698169, 0, 19, 232, 227, 49, 1.29%, 0, 2, 3, 120.14
1636698198, 0, 19, 233, 228, 49, 1.29%, 0, 2, 3, 3.35
1636698252, 0, 19, 234, 229, 49, 1.29%, 0, 2, 3, 28.61
1636698259, 0, 19, 235, 230, 49, 1.29%, 0, 2, 3, 10.53
1636698344, 0, 19, 236, 231, 49, 1.29%, 0, 2, 3, 2.65
1636698350, 0, 33, 236, 230, 54, 1.29%, 0, 2, 3, 58.72
1636698394, 0, 48, 236, 229, 52, 1.29%, 0, 2, 3, 107.39
1636698440, 0, 48, 237, 230, 52, 1.29%, 0, 2, 3, 38.02
1636698457, 0, 48, 238, 231, 52, 1.29%, 0, 2, 3, 131.08
1636698517, 0, 48, 239, 232, 52, 1.30%, 0, 2, 3, 136.11
1636698720, 0, 58, 239, 231, 51, 1.30%, 0, 2, 3, 59.80
1636698750, 0, 77, 239, 230, 50, 1.30%, 0, 2, 3, 116.63
1636698773, 0, 85, 239, 229, 49, 1.30%, 0, 2, 3, 21.35
1636698797, 0, 113, 239, 228, 48, 1.30%, 0, 2, 3, 128.09
1636698826, 0, 114, 239, 227, 47, 1.30%, 0, 2, 3, 14.01
1636698849, 0, 114, 240, 228, 47, 1.30%, 0, 2, 3, 36.93
1636698871, 0, 114, 241, 229, 47, 1.30%, 0, 2, 3, 17.20
1636698922, 0, 124, 241, 228, 48, 1.30%, 0, 2, 3, 6.90
1636698954, 0, 125, 241, 227, 47, 1.30%, 0, 2, 3, 39.61
1636699000, 0, 126, 241, 226, 46, 1.30%, 0, 2, 3, 80.76
1636699024, 0, 127, 241, 225, 45, 1.30%, 0, 2, 3, 167.07
1636699053, 0, 128, 241, 224, 44, 1.30%, 0, 2, 3, 19.51
1636699074, 0, 132, 241, 223, 43, 1.30%, 0, 2, 3, 13.07
1636699079, 0, 132, 242, 224, 43, 1.30%, 0, 2, 3, 2.21
1636699143, 0, 132, 243, 225, 43, 1.30%, 0, 2, 3, 18.37
1636699211, 0, 138, 243, 224, 43, 1.30%, 0, 2, 3, 306.23
1636699246, 0, 141, 243, 223, 42, 1.30%, 0, 2, 3, 152.25
1636699290, 0, 141, 244, 224, 42, 1.30%, 0, 2, 3, 6.11
1636699328, 0, 142, 244, 223, 41, 1.30%, 0, 2, 3, 89.19
1636699355, 0, 144, 244, 222, 40, 1.30%, 0, 2, 3, 19.12
1636699366, 0, 144, 245, 223, 40, 1.31%, 0, 2, 3, 50.89
1636699428, 0, 145, 245, 222, 39, 1.31%, 0, 2, 3, 78.02
1636699455, 0, 148, 245, 221, 38, 1.31%, 0, 2, 3, 258.61
1636699495, 0, 165, 245, 220, 37, 1.31%, 0, 2, 3, 91.15
1636699516, 0, 165, 245, 220, 37, 1.31%, 0, 3, 3, 17.71
1636699521, 0, 165, 246, 221, 37, 1.31%, 0, 3, 3, 17.91
1636699536, 0, 165, 246, 221, 37, 1.31%, 0, 4, 3, 9.28
1636699611, 0, 166, 246, 220, 36, 1.31%, 0, 4, 3, 33.15
1636699639, 0, 170, 246, 219, 35, 1.31%, 0, 4, 3, 4.44
1636699700, 0, 174, 246, 218, 34, 1.31%, 0, 4, 3, 6.56
1636699740, 0, 175, 246, 217, 33, 1.31%, 0, 4, 3, 85.46
1636699775, 0, 180, 246, 216, 32, 1.31%, 0, 4, 3, 78.43
1636699809, 0, 182, 246, 215, 31, 1.31%, 0, 4, 3, 67.97
1636699837, 0, 188, 246, 214, 30, 1.31%, 0, 4, 3, 181.34
1636699855, 0, 189, 246, 213, 29, 1.31%, 0, 4, 3, 31.37
1636699878, 0, 190, 246, 212, 28, 1.31%, 0, 4, 3, 9.64
1636699895, 0, 190, 247, 213, 28, 1.31%, 0, 4, 3, 40.72
1636699955, 0, 193, 247, 212, 27, 1.31%, 0, 4, 3, 16.12
1636699983, 0, 194, 247, 211, 26, 1.31%, 0, 4, 3, 32.51
1636699999, 0, 195, 247, 210, 25, 1.31%, 0, 4, 3, 18.21
1636700027, 0, 199, 247, 209, 24, 1.31%, 0, 4, 3, 182.23
1636700037, 0, 204, 247, 208, 23, 1.31%, 0, 4, 3, 239.89
1636700043, 0, 206, 247, 206, 21, 1.31%, 0, 4, 3, 55.23
1636700049, 0, 209, 247, 204, 19, 1.31%, 0, 4, 3, 24.73
1636700060, 0, 210, 247, 203, 18, 1.31%, 0, 4, 3, 66.90
1636700065, 0, 211, 247, 202, 17, 1.31%, 0, 4, 3, 193.20
1636700086, 0, 212, 247, 201, 16, 1.31%, 0, 4, 3, 7.10
1636700247, 0, 214, 247, 200, 15, 1.31%, 0, 4, 3, 7.34
1636700258, 0, 214, 248, 201, 15, 1.31%, 0, 4, 4, 104.31
1636700269, 0, 214, 249, 202, 15, 1.31%, 0, 4, 4, 45.16
1636700286, 0, 214, 249, 202, 15, 1.31%, 0, 5, 4, 10.00
1636700320, 0, 214, 250, 203, 15, 1.31%, 0, 5, 4, 40.03
1636700395, 0, 214, 250, 203, 15, 1.31%, 0, 6, 4, 3.83
1636700428, 0, 214, 251, 204, 15, 1.31%, 0, 6, 4, 12.58
1636700445, 0, 214, 252, 205, 15, 1.31%, 0, 6, 4, 12.16
1636700483, 0, 226, 252, 204, 16, 1.31%, 0, 6, 4, 39.20
1636700494, 0, 226, 253, 205, 16, 1.32%, 0, 6, 4, 29.47
1636700510, 0, 227, 253, 204, 16, 1.32%, 0, 6, 4, 68.21
1636700533, 0, 230, 253, 203, 15, 1.32%, 0, 6, 4, 6.96
1636700556, 0, 231, 253, 202, 14, 1.32%, 0, 6, 4, 5.05
1636700579, 0, 232, 253, 201, 13, 1.32%, 0, 6, 4, 161.00
1636700600, 0, 233, 253, 200, 12, 1.32%, 0, 6, 4, 133.03
1636700629, 0, 235, 253, 199, 11, 1.32%, 0, 6, 4, 263.51
1636700656, 0, 236, 256, 201, 10, 1.32%, 0, 6, 4, 47.27
1636700672, 0, 236, 257, 202, 10, 1.32%, 0, 6, 4, 183.34
1636700942, 0, 238, 258, 202, 10, 1.32%, 0, 6, 4, 14.06
1636700953, 0, 238, 259, 203, 10, 1.32%, 0, 6, 4, 3.73
1636701136, 0, 239, 259, 202, 10, 1.32%, 0, 6, 4, 290.08
1636701151, 0, 240, 259, 201, 9, 1.32%, 0, 6, 4, 42.09
1636701179, 0, 242, 259, 200, 8, 1.32%, 0, 6, 4, 32.65
1636701217, 0, 244, 259, 199, 7, 1.32%, 0, 6, 4, 22.69
1636701257, 0, 245, 259, 198, 6, 1.32%, 0, 6, 4, 196.03
1636701267, 0, 245, 262, 201, 6, 1.32%, 0, 7, 4, 19.23
1636701273, 0, 245, 263, 202, 6, 1.32%, 0, 7, 4, 22.61
1636701316, 0, 245, 264, 203, 6, 1.32%, 0, 7, 4, 656.34
1636701382, 0, 245, 265, 204, 6, 1.32%, 0, 7, 4, 222.71
1636701387, 0, 245, 266, 205, 6, 1.32%, 0, 7, 4, 79.47
1636701399, 0, 245, 267, 206, 6, 1.32%, 0, 7, 4, 85.37
1636701532, 0, 247, 267, 205, 8, 1.32%, 0, 7, 4, 680.98
1636701600, 0, 251, 267, 204, 7, 1.32%, 0, 7, 4, 19.38
1636701658, 0, 252, 267, 203, 6, 1.32%, 0, 7, 4, 5.80
1636701696, 0, 252, 268, 204, 6, 1.32%, 0, 7, 5, 53.67
1636701743, 0, 252, 269, 205, 6, 1.32%, 0, 7, 5, 29.75
1636701875, 0, 255, 269, 204, 5, 1.32%, 0, 7, 5, 75.02
1636701966, 0, 258, 269, 203, 4, 1.32%, 0, 7, 5, 35.94
1636702048, 0, 259, 270, 203, 3, 1.32%, 0, 7, 5, 151.90
1636702053, 0, 259, 272, 205, 3, 1.32%, 0, 7, 5, 84.94
1636702069, 0, 259, 273, 206, 3, 1.32%, 0, 7, 5, 84.77
1636702095, 0, 259, 274, 207, 3, 1.32%, 0, 7, 5, 7.20
1636702123, 0, 259, 275, 208, 3, 1.32%, 0, 7, 5, 15.81
1636702145, 0, 259, 276, 209, 3, 1.32%, 0, 7, 5, 4.05
1636702205, 0, 259, 277, 210, 3, 1.32%, 0, 7, 5, 44.60
1636702212, 0, 259, 278, 211, 3, 1.32%, 0, 7, 5, 0.44
1636702243, 0, 259, 279, 212, 3, 1.32%, 0, 7, 5, 22.40
1636702285, 0, 259, 280, 213, 3, 1.32%, 0, 7, 5, 225.26
1636702332, 0, 259, 280, 213, 3, 1.32%, 0, 8, 5, 14.27
1636702338, 0, 261, 280, 212, 4, 1.32%, 0, 8, 5, 14.44
1636702362, 0, 261, 283, 215, 4, 1.32%, 0, 8, 5, 47.79
1636702374, 0, 261, 284, 216, 4, 1.32%, 0, 8, 5, 2.21
1636702415, 0, 261, 285, 217, 4, 1.32%, 0, 8, 5, 14.60
1636702422, 0, 261, 286, 218, 4, 1.32%, 0, 8, 5, 41.38
1636702531, 0, 261, 287, 219, 4, 1.32%, 0, 8, 5, 48.05
1636702655, 0, 266, 287, 218, 4, 1.32%, 0, 8, 5, 3.81
1636702663, 0, 266, 288, 219, 4, 1.32%, 0, 8, 5, 2.49
1636702668, 0, 266, 289, 220, 4, 1.32%, 0, 8, 5, 26.77
1636702940, 0, 266, 290, 221, 4, 1.32%, 0, 8, 5, 86.70
1636702963, 0, 271, 290, 220, 3, 1.32%, 0, 8, 5, 12.61
1636703023, 0, 287, 290, 219, 2, 1.32%, 0, 8, 5, 13.42
1636703090, 0, 289, 290, 218, 1, 1.32%, 0, 8, 5, 14.26
1636703101, 0, 289, 291, 219, 1, 1.32%, 0, 8, 6, 17.33
1636703149, 0, 289, 291, 219, 1, 1.32%, 0, 9, 6, 1.76
1636703283, 0, 289, 292, 220, 1, 1.32%, 0, 9, 6, 20.20
1636703395, 0, 289, 293, 221, 1, 1.32%, 0, 9, 6, 4.80
1636703440, 0, 289, 294, 222, 1, 1.32%, 0, 9, 6, 5.03
1636703776, 0, 290, 294, 221, 2, 1.32%, 0, 9, 6, 275.23
1636703848, 0, 290, 294, 221, 2, 1.32%, 0, 10, 6, 3.08
1636703876, 0, 293, 294, 220, 1, 1.32%, 0, 10, 6, 0.48
1636703943, 1, 2, 294, 219, 0, 1.32%, 0, 10, 6, 0.50
1636703948, 1, 2, 296, 221, 0, 1.32%, 0, 10, 6, 117.79
1636703978, 1, 2, 297, 222, 0, 1.32%, 0, 10, 6, 52.76
1636703990, 1, 2, 298, 223, 0, 1.32%, 0, 10, 6, 13.11
1636704108, 1, 2, 299, 224, 0, 1.32%, 0, 10, 6, 22.60
1636704164, 1, 2, 300, 225, 0, 1.32%, 0, 10, 6, 88.06
1636704237, 1, 2, 301, 226, 0, 1.32%, 0, 10, 6, 64.65
1636704251, 1, 2, 302, 227, 0, 1.32%, 0, 10, 6, 1.82
1636704268, 1, 3, 302, 226, 0, 1.32%, 0, 10, 6, 16.54
1636704281, 1, 8, 302, 225, 0, 1.32%, 0, 10, 6, 32.90
1636704293, 1, 14, 302, 225, 0, 1.32%, 0, 10, 6, 28.54
1636704318, 1, 19, 302, 225, 0, 1.32%, 0, 10, 6, 29.44
1636704335, 1, 31, 302, 225, 0, 1.32%, 0, 10, 6, 67.35
1636704359, 1, 33, 302, 224, 0, 1.32%, 0, 10, 6, 79.74
1636704374, 1, 41, 302, 224, 0, 1.32%, 0, 10, 6, 289.62
1636704385, 1, 42, 303, 224, 0, 1.32%, 0, 10, 6, 18.15
1636704396, 1, 42, 304, 225, 0, 1.32%, 0, 10, 6, 1.75
1636704465, 1, 44, 304, 224, 0, 1.32%, 0, 10, 6, 3.38
1636704482, 1, 47, 304, 223, 0, 1.32%, 0, 10, 6, 41.73
1636704499, 1, 54, 304, 222, 0, 1.32%, 0, 10, 6, 1.97
1636704516, 1, 58, 304, 221, 0, 1.32%, 0, 10, 6, 30.71
1636704546, 1, 61, 304, 221, 0, 1.32%, 0, 10, 6, 5.00
1636704568, 1, 64, 304, 220, 0, 1.32%, 0, 10, 6, 52.81
1636704595, 1, 67, 304, 219, 0, 1.32%, 0, 10, 6, 27.22
1636704617, 1, 68, 304, 218, 0, 1.32%, 0, 10, 6, 38.48
1636704641, 1, 69, 304, 217, 0, 1.32%, 0, 10, 6, 11.34
1636704646, 1, 69, 305, 218, 0, 1.32%, 0, 10, 6, 99.95
1636704702, 1, 73, 305, 217, 0, 1.32%, 0, 10, 6, 4.11
1636704719, 1, 75, 305, 216, 0, 1.32%, 0, 10, 6, 26.36
1636704735, 1, 77, 305, 215, 0, 1.32%, 0, 10, 6, 109.71
1636704751, 1, 84, 305, 215, 0, 1.32%, 0, 10, 6, 25.30
1636704768, 1, 85, 305, 214, 0, 1.32%, 0, 10, 6, 19.70
1636704786, 1, 87, 305, 214, 0, 1.32%, 0, 10, 6, 21.59
1636704803, 1, 89, 305, 213, 0, 1.32%, 0, 10, 6, 19.74
1636704833, 1, 90, 305, 212, 0, 1.32%, 0, 10, 6, 20.47
1636704856, 1, 97, 305, 211, 0, 1.32%, 0, 10, 6, 6.58
1636704874, 1, 100, 305, 210, 0, 1.32%, 0, 10, 6, 58.81
1636704889, 1, 102, 305, 209, 0, 1.32%, 0, 10, 6, 426.47
1636704908, 1, 113, 305, 208, 0, 1.32%, 0, 10, 6, 9.20
1636704925, 1, 114, 305, 208, 0, 1.32%, 0, 10, 6, 2.57
1636704935, 1, 115, 305, 208, 0, 1.32%, 0, 10, 6, 34.99
1636704956, 1, 116, 305, 207, 0, 1.32%, 0, 10, 6, 8.81
1636704986, 1, 119, 306, 207, 0, 1.32%, 0, 10, 6, 35.46
1636704991, 1, 119, 307, 208, 0, 1.32%, 0, 10, 6, 7.24
1636704996, 1, 119, 308, 209, 0, 1.32%, 0, 10, 6, 160.90
1636705007, 1, 119, 309, 210, 0, 1.32%, 0, 10, 6, 66.60
1636705012, 1, 119, 310, 211, 0, 1.32%, 0, 10, 6, 0.48
1636705018, 1, 119, 312, 213, 0, 1.32%, 0, 10, 6, 50.46
1636705057, 1, 119, 314, 215, 0, 1.32%, 0, 10, 6, 53.53
1636705069, 1, 119, 315, 216, 0, 1.32%, 0, 10, 6, 2.42
1636705081, 1, 119, 316, 217, 0, 1.32%, 0, 10, 6, 60.56
1636705093, 1, 119, 317, 218, 0, 1.32%, 0, 10, 6, 17.92
1636705114, 1, 119, 318, 219, 0, 1.32%, 0, 10, 6, 26.74
1636705172, 1, 119, 319, 220, 0, 1.32%, 0, 10, 6, 25.40
1636705303, 1, 119, 320, 221, 0, 1.32%, 0, 10, 6, 75.97
1636705325, 1, 119, 322, 223, 0, 1.32%, 0, 10, 6, 132.67
1636705330, 1, 119, 323, 224, 0, 1.32%, 0, 10, 6, 123.46
1636705336, 1, 120, 323, 223, 0, 1.32%, 0, 10, 6, 54.61
1636705354, 1, 120, 324, 224, 0, 1.32%, 0, 10, 6, 20.77
1636705379, 1, 122, 324, 223, 0, 1.32%, 0, 10, 6, 11.82
1636705403, 1, 124, 324, 222, 0, 1.32%, 0, 10, 6, 60.93
1636705420, 1, 125, 324, 222, 0, 1.32%, 0, 10, 6, 23.28
1636705444, 1, 126, 324, 222, 0, 1.32%, 0, 10, 6, 168.74
1636705450, 1, 127, 324, 222, 0, 1.32%, 0, 10, 6, 30.73
1636705466, 1, 128, 324, 222, 0, 1.32%, 0, 10, 6, 10.61
1636705482, 1, 131, 324, 222, 0, 1.32%, 0, 10, 6, 16.00
1636705503, 1, 132, 324, 221, 0, 1.32%, 0, 10, 6, 90.98
1636705516, 1, 135, 324, 221, 0, 1.32%, 0, 10, 6, 0.48
1636705545, 1, 138, 324, 220, 0, 1.32%, 0, 10, 6, 7.33
1636705562, 1, 140, 324, 220, 0, 1.32%, 0, 10, 6, 30.28
1636705579, 1, 141, 324, 219, 0, 1.32%, 0, 10, 6, 3.04
1636705590, 1, 144, 324, 219, 0, 1.32%, 0, 10, 6, 29.05
1636705613, 1, 145, 324, 219, 0, 1.32%, 0, 10, 6, 83.22
1636705631, 1, 148, 324, 219, 0, 1.32%, 0, 10, 6, 18.74
1636705644, 1, 152, 324, 219, 0, 1.32%, 0, 10, 6, 9.44
1636705660, 1, 155, 324, 218, 0, 1.32%, 0, 10, 6, 67.70
1636705672, 1, 158, 324, 217, 0, 1.32%, 0, 10, 6, 1.83
1636705695, 1, 165, 324, 216, 0, 1.32%, 0, 10, 6, 41.57
1636705728, 1, 166, 324, 216, 0, 1.32%, 0, 10, 6, 18.31
1636705757, 1, 169, 324, 216, 0, 1.32%, 0, 10, 6, 25.59
1636705787, 1, 170, 324, 215, 0, 1.32%, 0, 10, 6, 41.30
1636705816, 1, 174, 324, 215, 0, 1.32%, 0, 10, 6, 36.98
1636705844, 1, 175, 324, 215, 0, 1.32%, 0, 10, 6, 41.18
1636705861, 1, 180, 324, 215, 0, 1.32%, 0, 10, 6, 48.49
1636705880, 1, 182, 324, 215, 0, 1.32%, 0, 10, 6, 18.22
1636705897, 1, 186, 324, 215, 0, 1.32%, 0, 10, 6, 24.47
1636705918, 1, 188, 324, 214, 0, 1.32%, 0, 10, 6, 77.96
1636705923, 1, 188, 325, 215, 0, 1.32%, 0, 10, 6, 18.42
1636705940, 1, 189, 325, 215, 0, 1.32%, 0, 10, 6, 13.47
1636705951, 1, 190, 325, 215, 0, 1.32%, 0, 10, 6, 65.21
1636705979, 1, 192, 325, 215, 0, 1.32%, 0, 10, 6, 15.69
1636705989, 1, 192, 326, 216, 0, 1.32%, 0, 10, 6, 30.51
1636705994, 1, 192, 327, 217, 0, 1.32%, 0, 10, 6, 28.78
1636706027, 1, 192, 328, 218, 0, 1.32%, 0, 10, 6, 21.89
1636706059, 1, 192, 330, 220, 0, 1.32%, 0, 10, 6, 42.20
1636706081, 1, 192, 331, 221, 0, 1.32%, 0, 10, 6, 1.00
1636706109, 1, 192, 332, 222, 0, 1.32%, 0, 10, 6, 21.72
1636706148, 1, 192, 333, 223, 0, 1.32%, 0, 10, 6, 10.40
1636706180, 1, 192, 334, 224, 0, 1.32%, 0, 10, 6, 15.06
1636706295, 1, 192, 335, 225, 0, 1.32%, 0, 10, 6, 16.02
1636706301, 1, 192, 336, 226, 0, 1.32%, 0, 10, 6, 16.45
1636706338, 1, 192, 337, 227, 0, 1.32%, 0, 10, 6, 73.62
1636706376, 1, 192, 338, 228, 0, 1.32%, 0, 10, 6, 18.34
1636706447, 1, 192, 339, 229, 0, 1.32%, 0, 10, 6, 232.67
1636706492, 1, 192, 340, 230, 0, 1.32%, 0, 10, 6, 5.07
1636706533, 1, 193, 340, 229, 0, 1.32%, 0, 10, 6, 16.78
1636706555, 1, 194, 340, 229, 0, 1.32%, 0, 10, 6, 247.52
1636706577, 1, 195, 340, 229, 0, 1.32%, 0, 10, 6, 38.15
1636706600, 1, 197, 340, 229, 0, 1.32%, 0, 10, 6, 0.51
1636706924, 1, 206, 340, 228, 0, 1.32%, 0, 10, 6, 23.11
1636706929, 1, 208, 340, 228, 0, 1.32%, 0, 10, 6, 247.38
1636706940, 1, 209, 340, 227, 0, 1.32%, 0, 10, 6, 15.90
1636706947, 1, 211, 340, 227, 0, 1.32%, 0, 10, 6, 11.48
1636706957, 1, 216, 340, 227, 0, 1.32%, 0, 10, 6, 189.22
1636706992, 1, 217, 340, 226, 0, 1.32%, 0, 10, 6, 260.00
1636707009, 1, 217, 341, 227, 0, 1.32%, 0, 10, 6, 22.02
1636707015, 1, 217, 342, 228, 0, 1.32%, 0, 10, 6, 35.64
1636707055, 1, 218, 342, 227, 0, 1.32%, 0, 10, 6, 21.73
1636707071, 1, 219, 342, 226, 0, 1.32%, 0, 10, 6, 262.12
1636707094, 1, 220, 342, 225, 0, 1.32%, 0, 10, 6, 41.53
1636707105, 1, 223, 342, 224, 0, 1.32%, 0, 10, 6, 126.60
1636707117, 1, 223, 343, 225, 0, 1.32%, 0, 10, 6, 15.71
1636707128, 1, 225, 344, 225, 0, 1.32%, 0, 10, 6, 16.48
1636707159, 1, 225, 345, 226, 0, 1.32%, 0, 10, 6, 4.57
1636707169, 1, 225, 346, 227, 0, 1.32%, 0, 10, 6, 0.74
1636707175, 1, 225, 347, 228, 0, 1.32%, 0, 10, 6, 13.48
1636707192, 1, 225, 348, 229, 0, 1.32%, 0, 10, 6, 6.71
1636707221, 1, 225, 349, 230, 0, 1.32%, 0, 10, 6, 31.73
1636707265, 1, 225, 350, 231, 0, 1.32%, 0, 10, 6, 7.92
1636707314, 1, 225, 351, 232, 0, 1.32%, 0, 10, 6, 10.45
1636707341, 1, 225, 352, 233, 0, 1.32%, 0, 10, 6, 4.68
1636707855, 1, 226, 352, 232, 0, 1.32%, 0, 10, 6, 4.44
1636707867, 1, 227, 352, 232, 0, 1.32%, 0, 10, 6, 8.95
1636707878, 1, 230, 352, 232, 0, 1.32%, 0, 10, 6, 42.60
1636707890, 1, 231, 352, 232, 0, 1.32%, 0, 10, 6, 23.08
1636707907, 1, 232, 352, 232, 0, 1.32%, 0, 10, 6, 31.44
1636707923, 1, 233, 352, 232, 0, 1.32%, 0, 10, 6, 35.99
1636707934, 1, 235, 352, 232, 0, 1.32%, 0, 10, 6, 224.03
1636707951, 1, 236, 352, 232, 0, 1.32%, 0, 10, 6, 3.38
1636707969, 1, 238, 352, 232, 0, 1.32%, 0, 10, 6, 5.87
1636707998, 1, 239, 352, 232, 0, 1.32%, 0, 10, 6, 37.15
1636708003, 1, 240, 352, 232, 0, 1.32%, 0, 10, 6, 47.16
1636708008, 1, 240, 353, 233, 0, 1.32%, 0, 10, 6, 1.00
1636708026, 1, 242, 353, 233, 0, 1.32%, 0, 10, 6, 13.85
1636708054, 1, 244, 353, 233, 0, 1.32%, 0, 10, 6, 23.17
1636708077, 1, 251, 353, 233, 0, 1.32%, 0, 10, 6, 16.91
1636708140, 1, 252, 353, 233, 0, 1.32%, 0, 10, 6, 20.27
1636708188, 1, 255, 353, 233, 0, 1.32%, 0, 10, 6, 17.25
1636708264, 1, 256, 353, 233, 0, 1.32%, 0, 10, 6, 54.62
1636708370, 1, 258, 353, 232, 0, 1.32%, 0, 10, 6, 36.99
1636708474, 1, 261, 353, 232, 0, 1.32%, 0, 10, 6, 8.94
1636708516, 1, 266, 353, 232, 0, 1.32%, 0, 10, 6, 25.05
1636708592, 1, 267, 353, 232, 0, 1.32%, 0, 10, 6, 16.91
1636708641, 1, 271, 353, 231, 0, 1.32%, 0, 10, 6, 345.49
1636708706, 1, 275, 353, 231, 0, 1.32%, 0, 10, 6, 23.26
1636708823, 1, 290, 353, 230, 0, 1.32%, 0, 10, 6, 0.59
1636708903, 1, 292, 353, 230, 0, 1.32%, 0, 10, 6, 20.27
1636709008, 1, 293, 353, 229, 0, 1.32%, 0, 10, 6, 54.61
1636709047, 1, 301, 353, 229, 0, 1.32%, 0, 10, 6, 148.24
1636709080, 1, 309, 353, 228, 0, 1.32%, 0, 10, 6, 59.07
1636709123, 1, 312, 353, 227, 0, 1.32%, 0, 10, 6, 2.70
1636709146, 1, 319, 353, 226, 0, 1.32%, 0, 10, 6, 53.28
1636709174, 1, 321, 353, 225, 0, 1.32%, 0, 10, 6, 18.93
1636709203, 1, 321, 354, 226, 0, 1.32%, 0, 10, 6, 53.84
1636709260, 1, 326, 354, 225, 0, 1.32%, 0, 10, 6, 8.56
1636709332, 1, 327, 354, 224, 0, 1.32%, 0, 10, 6, 42.56
1636709393, 1, 332, 354, 223, 0, 1.32%, 0, 10, 6, 180.80
1636709398, 1, 332, 355, 224, 0, 1.32%, 0, 10, 6, 1.11
1636709419, 1, 332, 356, 225, 0, 1.32%, 0, 10, 6, 10.03
1636709430, 1, 332, 357, 226, 0, 1.32%, 0, 10, 6, 23.53
1636709441, 1, 332, 358, 227, 0, 1.32%, 0, 10, 6, 67.65
1636709560, 1, 332, 359, 228, 0, 1.32%, 0, 10, 6, 4.37
1636709713, 1, 332, 360, 229, 0, 1.32%, 0, 10, 6, 17.89
1636709924, 1, 332, 361, 230, 0, 1.32%, 0, 10, 6, 65.49
1636709968, 1, 332, 362, 231, 0, 1.32%, 0, 10, 6, 1.08
1636709994, 1, 339, 362, 230, 0, 1.32%, 0, 10, 6, 12.97
1636710056, 1, 343, 362, 229, 0, 1.32%, 0, 10, 6, 7.17
1636710391, 1, 349, 362, 228, 0, 1.32%, 0, 10, 6, 51.23
1636710402, 1, 349, 363, 229, 0, 1.32%, 0, 10, 6, 174.45
1636710482, 1, 349, 364, 230, 0, 1.32%, 0, 10, 6, 3.66
1636710510, 1, 349, 365, 231, 0, 1.32%, 0, 10, 6, 25.89
1636710572, 1, 349, 366, 232, 0, 1.32%, 0, 10, 6, 53.67
1636711107, 1, 351, 366, 231, 0, 1.32%, 0, 10, 6, 259.25
1636711129, 1, 351, 367, 232, 0, 1.32%, 0, 10, 6, 23.10
1636711363, 1, 351, 368, 233, 0, 1.32%, 0, 10, 6, 1.35
1636711464, 1, 351, 369, 234, 0, 1.32%, 0, 10, 6, 3.59
1636711820, 1, 352, 369, 233, 0, 1.32%, 0, 10, 6, 5.89
1636711930, 1, 360, 369, 232, 0, 1.32%, 0, 10, 6, 385.00
1636711969, 1, 360, 370, 233, 0, 1.32%, 0, 10, 6, 3.94
1636712280, 1, 360, 371, 234, 0, 1.32%, 0, 10, 6, 4.65
1636712407, 1, 360, 372, 235, 0, 1.32%, 0, 10, 6, 47.03
1636712450, 1, 360, 373, 236, 0, 1.32%, 0, 10, 6, 112.11
1636712482, 1, 363, 373, 235, 0, 1.32%, 0, 10, 6, 43.48
1636712819, 1, 368, 373, 234, 0, 1.32%, 0, 10, 6, 266.01
1636713117, 1, 368, 374, 235, 0, 1.32%, 0, 10, 6, 10.47
1636713253, 1, 368, 375, 236, 0, 1.32%, 0, 10, 6, 6.48
1636713543, 1, 372, 376, 236, 0, 1.32%, 0, 10, 6, 21.23
1636714115, 2, 4, 376, 235, 0, 1.32%, 0, 10, 6, 62.08
1636714126, 2, 8, 376, 234, 0, 1.32%, 0, 10, 6, 59.40
1636714137, 2, 9, 377, 235, 0, 1.32%, 0, 10, 6, 28.51
1636714177, 2, 16, 377, 235, 0, 1.32%, 0, 10, 6, 77.98
1636714198, 2, 17, 377, 234, 0, 1.32%, 0, 10, 6, 13.84
1636714221, 2, 19, 377, 233, 0, 1.32%, 0, 10, 6, 5.13
1636714233, 2, 26, 377, 233, 0, 1.32%, 0, 10, 6, 24.69
1636714250, 2, 32, 377, 232, 0, 1.32%, 0, 10, 6, 30.54
1636714266, 2, 33, 377, 231, 0, 1.32%, 0, 10, 6, 73.38
1636714285, 2, 35, 377, 231, 0, 1.32%, 0, 10, 6, 3.94
1636714310, 2, 36, 377, 230, 0, 1.32%, 0, 10, 6, 12.19
1636714333, 2, 44, 377, 229, 0, 1.32%, 0, 10, 6, 39.51
1636714355, 2, 45, 377, 229, 0, 1.32%, 0, 10, 6, 30.74
1636714378, 2, 58, 377, 228, 0, 1.32%, 0, 10, 6, 29.18
1636714390, 2, 62, 378, 229, 0, 1.32%, 0, 10, 6, 179.33
1636714396, 2, 62, 379, 230, 0, 1.32%, 0, 10, 6, 80.70
1636714467, 2, 72, 379, 229, 0, 1.32%, 0, 10, 6, 279.34
1636714503, 2, 76, 379, 228, 0, 1.32%, 0, 10, 6, 5.02
1636714509, 2, 76, 380, 229, 0, 1.32%, 0, 10, 6, 1.69
1636714543, 2, 77, 380, 228, 0, 1.32%, 0, 10, 6, 23.55
1636714569, 2, 81, 380, 228, 0, 1.32%, 0, 10, 6, 2.39
1636714590, 2, 85, 380, 227, 0, 1.32%, 0, 10, 6, 22.00
1636714607, 2, 94, 380, 227, 0, 1.32%, 0, 10, 6, 7.16
1636714625, 2, 95, 380, 226, 0, 1.32%, 0, 10, 6, 20.00
1636714642, 2, 104, 380, 225, 0, 1.32%, 0, 10, 6, 41.96
1636714668, 2, 105, 380, 224, 0, 1.32%, 0, 10, 6, 16.65
1636714687, 2, 106, 380, 223, 0, 1.32%, 0, 10, 6, 100.06
1636714707, 2, 107, 381, 223, 0, 1.33%, 0, 10, 6, 165.47
1636714723, 2, 144, 381, 222, 1, 1.33%, 0, 10, 6, 50.96
1636714744, 2, 201, 381, 222, 1, 1.33%, 0, 10, 6, 10.71
1636714774, 2, 263, 381, 221, 1, 1.33%, 0, 10, 6, 14.05
1636714875, 2, 265, 381, 220, 1, 1.33%, 0, 10, 6, 4.84
1636714938, 2, 380, 382, 220, 1, 1.33%, 0, 10, 6, 73.97
1636714949, 2, 380, 383, 221, 1, 1.33%, 0, 10, 6, 24.36
1636714995, 2, 380, 384, 222, 1, 1.33%, 0, 10, 6, 23.41
1636715008, 2, 380, 385, 223, 1, 1.33%, 0, 10, 6, 16.17
1636715020, 2, 380, 386, 224, 1, 1.33%, 0, 10, 6, 107.56
1636715070, 2, 380, 387, 225, 1, 1.33%, 0, 10, 6, 1.61
1636715075, 2, 385, 387, 224, 1, 1.33%, 0, 10, 6, 290.00
1636715088, 2, 385, 388, 225, 1, 1.33%, 0, 10, 6, 30.14
1636715104, 2, 385, 390, 227, 1, 1.33%, 0, 10, 6, 37.54
1636715109, 2, 385, 391, 228, 1, 1.33%, 0, 10, 6, 214.50
1636715180, 2, 385, 392, 229, 1, 1.33%, 0, 10, 6, 764.71
1636715229, 2, 388, 393, 229, 0, 1.33%, 0, 10, 6, 39.97
1636715263, 2, 388, 394, 230, 0, 1.33%, 0, 10, 6, 5.95
1636715319, 2, 393, 396, 231, 0, 1.33%, 0, 10, 7, 465.83
1636715325, 2, 393, 397, 232, 0, 1.33%, 0, 10, 7, 34.84
1636715396, 3, 8, 397, 231, 0, 1.33%, 0, 10, 7, 1.88
1636715402, 3, 12, 397, 231, 0, 1.33%, 0, 10, 7, 6.15
1636715418, 3, 15, 397, 230, 0, 1.33%, 0, 10, 7, 90.39
1636715445, 3, 19, 397, 229, 0, 1.33%, 0, 10, 7, 21.03
1636715458, 3, 22, 397, 229, 0, 1.33%, 0, 10, 7, 106.48
1636715468, 3, 24, 397, 228, 0, 1.33%, 0, 10, 7, 108.99
1636715492, 3, 28, 397, 227, 0, 1.33%, 0, 10, 7, 7.02
1636715510, 3, 33, 397, 226, 0, 1.33%, 0, 10, 7, 2.40
1636715522, 3, 38, 397, 226, 0, 1.33%, 0, 10, 7, 358.03
1636715549, 3, 40, 397, 225, 0, 1.33%, 0, 10, 7, 0.99
1636715568, 3, 46, 397, 224, 0, 1.33%, 0, 10, 7, 30.06
1636715579, 3, 53, 397, 223, 0, 1.33%, 0, 10, 7, 227.52
1636715591, 3, 58, 397, 222, 0, 1.33%, 0, 10, 7, 12.37
1636715619, 3, 70, 397, 222, 0, 1.33%, 0, 10, 7, 5.96
1636715629, 3, 71, 397, 221, 0, 1.33%, 0, 10, 7, 503.58
1636715645, 3, 77, 397, 220, 0, 1.33%, 0, 10, 7, 105.04
1636715662, 3, 85, 397, 220, 0, 1.33%, 0, 10, 7, 102.83
1636715680, 3, 88, 397, 220, 0, 1.33%, 0, 10, 7, 18.72
1636715701, 3, 93, 397, 219, 0, 1.33%, 0, 10, 7, 26.25
1636715725, 3, 108, 397, 218, 0, 1.33%, 0, 10, 7, 65.72
1636715742, 3, 114, 397, 217, 0, 1.33%, 0, 10, 7, 19.58
1636715753, 3, 115, 397, 217, 0, 1.33%, 0, 10, 7, 35.28
1636715783, 3, 124, 397, 217, 0, 1.33%, 0, 10, 7, 92.00
1636715800, 3, 125, 397, 217, 0, 1.33%, 0, 10, 7, 31.98
1636715816, 3, 126, 397, 217, 0, 1.33%, 0, 10, 7, 277.07
1636715837, 3, 127, 397, 217, 0, 1.33%, 0, 10, 7, 116.30
1636715848, 3, 128, 397, 217, 0, 1.33%, 0, 10, 7, 24.76
1636715861, 3, 132, 397, 217, 0, 1.33%, 0, 10, 7, 52.87
1636715884, 3, 136, 397, 217, 0, 1.33%, 0, 10, 7, 79.15
1636715894, 3, 138, 397, 216, 0, 1.33%, 0, 10, 7, 10.70
1636715926, 3, 140, 397, 216, 0, 1.33%, 0, 10, 7, 80.27
1636715943, 3, 141, 397, 216, 0, 1.33%, 0, 10, 7, 75.20
1636715960, 3, 144, 397, 216, 0, 1.33%, 0, 10, 7, 9.49
1636715991, 3, 146, 397, 216, 0, 1.33%, 0, 10, 7, 13.56
1636716008, 3, 147, 397, 215, 0, 1.33%, 0, 10, 7, 152.69
1636716018, 3, 148, 397, 214, 0, 1.33%, 0, 10, 7, 20.80
1636716041, 3, 151, 397, 214, 0, 1.33%, 0, 10, 7, 82.21
1636716059, 3, 154, 397, 213, 0, 1.33%, 0, 10, 7, 7.30
1636716084, 3, 159, 397, 212, 0, 1.33%, 0, 10, 7, 15.61
1636716100, 3, 160, 397, 211, 0, 1.33%, 0, 10, 7, 20.58
1636716123, 3, 162, 397, 210, 0, 1.33%, 0, 10, 7, 7.45
1636716151, 3, 165, 397, 209, 0, 1.33%, 0, 10, 7, 35.86
1636716178, 3, 166, 397, 209, 0, 1.33%, 0, 10, 7, 19.01
1636716196, 3, 169, 397, 209, 0, 1.33%, 0, 10, 7, 16.46
1636716229, 3, 170, 397, 209, 0, 1.33%, 0, 10, 7, 2.30
1636716264, 3, 171, 397, 209, 0, 1.33%, 0, 10, 7, 256.07
1636716282, 3, 172, 397, 208, 0, 1.33%, 0, 10, 7, 18.58
1636716294, 3, 173, 397, 207, 0, 1.33%, 0, 10, 7, 6.34
1636716478, 3, 174, 397, 206, 0, 1.33%, 0, 10, 7, 101.85
1636716495, 3, 175, 397, 206, 0, 1.33%, 0, 10, 7, 83.46
1636716513, 3, 177, 397, 206, 0, 1.33%, 0, 10, 7, 98.13
1636716519, 3, 180, 397, 205, 0, 1.33%, 0, 10, 7, 98.33
1636716535, 3, 181, 397, 205, 0, 1.33%, 0, 10, 7, 1.07
1636716616, 3, 182, 397, 204, 0, 1.33%, 0, 10, 7, 9.38
1636716634, 3, 188, 397, 204, 0, 1.33%, 0, 10, 7, 8.89
1636716656, 3, 189, 397, 204, 0, 1.33%, 0, 10, 7, 17.58
1636716677, 3, 191, 397, 204, 0, 1.33%, 0, 10, 7, 36.27
1636716689, 3, 193, 397, 203, 0, 1.33%, 0, 10, 7, 25.36
1636716711, 3, 194, 397, 203, 0, 1.33%, 0, 10, 7, 16.65
1636716727, 3, 195, 397, 203, 0, 1.33%, 0, 10, 7, 9.19
1636716737, 3, 199, 397, 203, 0, 1.33%, 0, 10, 7, 103.77
1636716748, 3, 200, 397, 203, 0, 1.33%, 0, 10, 7, 6.67
1636716770, 3, 201, 397, 202, 0, 1.33%, 0, 10, 7, 50.29
1636716787, 3, 206, 397, 202, 0, 1.33%, 0, 10, 7, 43.99
1636716793, 3, 207, 397, 202, 0, 1.33%, 0, 10, 7, 70.14
1636716803, 3, 211, 397, 202, 0, 1.33%, 0, 10, 7, 579.55
1636716814, 3, 215, 397, 202, 0, 1.33%, 0, 10, 7, 43.30
1636716833, 3, 219, 397, 201, 0, 1.33%, 0, 10, 7, 2.38
1636716850, 3, 221, 397, 201, 0, 1.33%, 0, 10, 7, 97.57
1636716874, 3, 226, 397, 200, 0, 1.33%, 0, 10, 7, 13.28
1636716885, 3, 227, 397, 200, 0, 1.33%, 0, 10, 7, 174.31
1636716897, 3, 230, 397, 200, 0, 1.33%, 0, 10, 7, 14.12
1636716908, 3, 231, 397, 200, 0, 1.33%, 0, 10, 7, 6.21
1636716924, 3, 232, 397, 200, 0, 1.33%, 0, 10, 7, 22.01
1636716935, 3, 233, 397, 200, 0, 1.33%, 0, 10, 7, 0.50
1636716946, 3, 235, 397, 200, 0, 1.33%, 0, 10, 7, 115.12
1636716957, 3, 236, 397, 200, 0, 1.33%, 0, 10, 7, 15.86
1636716979, 3, 237, 400, 203, 0, 1.33%, 0, 10, 7, 63.73
1636717168, 3, 238, 400, 202, 0, 1.33%, 0, 10, 7, 2.58
1636717204, 3, 239, 400, 202, 0, 1.33%, 0, 10, 7, 11.40
1636717222, 3, 240, 400, 202, 0, 1.33%, 0, 10, 7, 82.91
1636717227, 3, 241, 400, 202, 0, 1.33%, 0, 10, 7, 10.06
1636717254, 3, 242, 400, 201, 0, 1.33%, 0, 10, 7, 2.51
1636717283, 3, 244, 400, 201, 0, 1.33%, 0, 10, 7, 117.01
1636717299, 3, 250, 400, 201, 0, 1.33%, 0, 10, 7, 15.15
1636717377, 3, 251, 400, 200, 0, 1.33%, 0, 10, 7, 243.27
1636717415, 3, 252, 400, 200, 0, 1.33%, 0, 10, 7, 281.01
1636717442, 3, 254, 400, 200, 0, 1.33%, 0, 10, 7, 2.29
1636717487, 3, 255, 400, 199, 0, 1.33%, 0, 10, 7, 70.47
1636717515, 3, 258, 400, 199, 0, 1.33%, 0, 10, 7, 1.53
1636717554, 3, 261, 400, 199, 0, 1.33%, 0, 10, 7, 443.50
1636717577, 3, 261, 400, 199, 0, 1.33%, 0, 11, 7, 12.52
1636717583, 3, 266, 400, 199, 0, 1.33%, 0, 11, 7, 2.58
1636717619, 3, 270, 400, 199, 0, 1.33%, 0, 11, 7, 142.52
1636717672, 3, 276, 400, 198, 0, 1.33%, 0, 11, 7, 47.41
1636717737, 3, 279, 400, 197, 0, 1.33%, 0, 11, 7, 80.67
1636717836, 3, 280, 400, 196, 0, 1.33%, 0, 11, 7, 44.54
1636717879, 3, 281, 400, 195, 0, 1.33%, 0, 11, 7, 0.97
1636717959, 3, 290, 400, 194, 0, 1.33%, 0, 11, 7, 44.00
1636718054, 3, 293, 400, 194, 0, 1.33%, 0, 11, 7, 283.78
1636718099, 3, 302, 400, 194, 0, 1.33%, 0, 11, 7, 38.82
1636718135, 3, 307, 400, 193, 0, 1.33%, 0, 11, 7, 305.21
1636718167, 3, 310, 400, 192, 0, 1.33%, 0, 11, 7, 14.63
1636718199, 3, 317, 400, 191, 0, 1.33%, 0, 11, 7, 9.83
1636718238, 3, 325, 400, 190, 0, 1.33%, 0, 11, 7, 10.77
1636718272, 3, 325, 401, 191, 0, 1.33%, 0, 11, 7, 23.35
1636718354, 3, 331, 401, 190, 0, 1.33%, 0, 11, 7, 275.91
1636718436, 3, 338, 401, 189, 0, 1.33%, 0, 11, 7, 6.49
1636718446, 3, 338, 402, 190, 0, 1.33%, 0, 11, 7, 44.48
1636718479, 3, 338, 403, 191, 0, 1.34%, 0, 11, 7, 1.95
1636718667, 3, 377, 403, 190, 1, 1.34%, 0, 11, 7, 458.42
1636718678, 3, 402, 403, 189, 1, 1.34%, 0, 11, 7, 115.52
1636718688, 3, 402, 408, 194, 1, 1.34%, 0, 11, 7, 127.01
1636718693, 3, 402, 420, 206, 1, 1.34%, 0, 11, 7, 143.39
1636718698, 3, 402, 422, 208, 1, 1.34%, 0, 11, 7, 4.28
1636718703, 3, 402, 423, 209, 1, 1.34%, 0, 11, 7, 150.19
1636718729, 3, 402, 424, 210, 1, 1.34%, 0, 11, 7, 160.22
1636718735, 3, 402, 425, 211, 1, 1.34%, 0, 11, 7, 21.47
1636718746, 3, 402, 426, 212, 1, 1.34%, 0, 11, 7, 165.94
1636718757, 3, 402, 427, 213, 1, 1.34%, 0, 11, 7, 16.26
1636718799, 3, 407, 427, 212, 3, 1.34%, 0, 11, 7, 216.57
1636718874, 3, 410, 427, 211, 2, 1.34%, 0, 11, 7, 191.88
1636718895, 3, 410, 428, 212, 2, 1.34%, 0, 11, 7, 184.82
1636718910, 3, 410, 429, 213, 2, 1.34%, 0, 11, 7, 106.70
1636718977, 3, 427, 429, 212, 1, 1.34%, 0, 11, 7, 266.81
1636719073, 4, 4, 429, 211, 0, 1.34%, 0, 11, 7, 106.91
1636719083, 4, 5, 429, 211, 0, 1.34%, 0, 11, 7, 82.33
1636719090, 4, 6, 429, 210, 0, 1.34%, 0, 11, 7, 36.31
1636719101, 4, 8, 429, 209, 0, 1.34%, 0, 11, 7, 42.06
1636719118, 4, 13, 429, 209, 0, 1.34%, 0, 11, 7, 20.38
1636719131, 4, 18, 429, 208, 0, 1.34%, 0, 11, 7, 35.84
1636719142, 4, 19, 429, 207, 0, 1.34%, 0, 11, 7, 21.82
1636719163, 4, 33, 429, 207, 0, 1.34%, 0, 11, 7, 31.23
1636719181, 4, 37, 429, 207, 0, 1.34%, 0, 11, 7, 69.45
1636719192, 4, 43, 429, 206, 0, 1.34%, 0, 11, 7, 36.19
1636719203, 4, 56, 429, 205, 0, 1.34%, 0, 11, 7, 217.33
1636719224, 4, 57, 429, 204, 0, 1.34%, 0, 11, 7, 192.95
1636719251, 4, 58, 429, 203, 0, 1.34%, 0, 11, 7, 163.72
1636719272, 4, 60, 429, 203, 0, 1.34%, 0, 11, 7, 159.51
1636719295, 4, 64, 429, 202, 0, 1.34%, 0, 11, 7, 204.91
1636719312, 4, 65, 429, 202, 0, 1.34%, 0, 11, 7, 29.37
1636719328, 4, 77, 429, 201, 0, 1.34%, 0, 11, 7, 18.97
1636719345, 4, 91, 429, 201, 0, 1.34%, 0, 11, 7, 18.24
1636719361, 4, 96, 429, 200, 0, 1.34%, 0, 11, 7, 26.78
1636719377, 4, 111, 429, 199, 0, 1.34%, 0, 11, 7, 146.23
1636719405, 4, 114, 429, 198, 0, 1.34%, 0, 11, 7, 47.60
1636719410, 4, 123, 429, 198, 0, 1.34%, 0, 11, 7, 113.38
1636719431, 4, 124, 429, 197, 0, 1.34%, 0, 11, 7, 52.46
1636719453, 4, 125, 429, 197, 0, 1.34%, 0, 11, 7, 230.00
1636719484, 4, 126, 429, 197, 0, 1.34%, 0, 11, 7, 37.43
1636719508, 4, 127, 429, 197, 0, 1.34%, 0, 11, 7, 62.15
1636719524, 4, 128, 429, 197, 0, 1.34%, 0, 11, 7, 54.08
1636719540, 4, 130, 429, 197, 0, 1.34%, 0, 11, 7, 1.18
1636719561, 4, 133, 429, 196, 0, 1.34%, 0, 11, 7, 36.70
1636719586, 4, 134, 429, 195, 0, 1.34%, 0, 11, 7, 91.08
1636719609, 4, 138, 429, 194, 0, 1.34%, 0, 11, 7, 13.85
1636719631, 4, 141, 429, 194, 0, 1.34%, 0, 11, 7, 41.60
1636719652, 4, 144, 430, 195, 0, 1.34%, 0, 11, 7, 34.21
1636719679, 4, 144, 431, 196, 0, 1.34%, 0, 11, 7, 97.47
1636719739, 4, 148, 431, 196, 0, 1.34%, 0, 11, 7, 27.46
1636719761, 4, 151, 431, 196, 0, 1.34%, 0, 11, 7, 139.16
1636719793, 4, 162, 431, 196, 0, 1.34%, 0, 11, 7, 54.46
1636719827, 4, 163, 431, 196, 0, 1.34%, 0, 11, 7, 22.16
1636719850, 4, 165, 431, 195, 0, 1.34%, 0, 11, 7, 14.45
1636719872, 4, 166, 431, 195, 0, 1.34%, 0, 11, 7, 61.40
1636719890, 4, 170, 431, 195, 0, 1.34%, 0, 11, 7, 2.77
1636719929, 4, 174, 431, 195, 0, 1.34%, 0, 11, 7, 17.11
1636719943, 4, 175, 431, 195, 0, 1.34%, 0, 11, 7, 18.80
1636719965, 4, 180, 431, 195, 0, 1.34%, 0, 11, 7, 0.48
1636719992, 4, 182, 431, 195, 0, 1.34%, 0, 11, 7, 5.27
1636720011, 4, 188, 431, 195, 0, 1.34%, 0, 11, 7, 39.15
1636720022, 4, 189, 431, 195, 0, 1.34%, 0, 11, 7, 8.74
1636720033, 4, 192, 431, 195, 0, 1.34%, 0, 11, 7, 96.61
1636720065, 4, 193, 431, 195, 0, 1.34%, 0, 11, 7, 1.44
1636720086, 4, 194, 431, 195, 0, 1.34%, 0, 11, 7, 50.25
1636720102, 4, 195, 431, 195, 0, 1.34%, 0, 11, 7, 66.28
1636720136, 4, 199, 431, 195, 0, 1.34%, 0, 11, 7, 3.81
1636720143, 4, 201, 431, 195, 0, 1.34%, 0, 11, 7, 85.96
1636720167, 4, 206, 431, 195, 0, 1.34%, 0, 11, 7, 37.07
1636720173, 4, 207, 431, 195, 0, 1.34%, 0, 11, 7, 235.11
1636720180, 4, 209, 431, 195, 0, 1.34%, 0, 11, 7, 8.75
1636720185, 4, 210, 431, 195, 0, 1.34%, 0, 11, 7, 55.30
1636720191, 4, 211, 431, 195, 0, 1.34%, 0, 11, 7, 10.22
1636720196, 4, 213, 431, 195, 0, 1.34%, 0, 11, 7, 21.34
1636720217, 4, 218, 431, 194, 0, 1.34%, 0, 11, 7, 285.26
1636720240, 4, 219, 431, 194, 0, 1.34%, 0, 11, 7, 5.17
1636720256, 4, 223, 431, 194, 0, 1.34%, 0, 11, 7, 80.33
1636720273, 4, 224, 431, 194, 0, 1.34%, 0, 11, 7, 140.08
1636720296, 4, 226, 431, 193, 0, 1.34%, 0, 11, 7, 7.84
1636720303, 4, 229, 431, 193, 0, 1.34%, 0, 11, 7, 205.45
1636720332, 4, 230, 431, 192, 0, 1.34%, 0, 11, 7, 6.46
1636720343, 4, 231, 431, 192, 0, 1.34%, 0, 11, 7, 55.20
1636720374, 4, 232, 431, 192, 0, 1.34%, 0, 11, 7, 41.47
1636720391, 4, 233, 431, 192, 0, 1.34%, 0, 11, 7, 23.05
1636720401, 4, 234, 431, 192, 0, 1.34%, 0, 11, 7, 34.57
1636720413, 4, 235, 431, 191, 0, 1.34%, 0, 11, 7, 43.95
1636720435, 4, 236, 431, 191, 0, 1.34%, 0, 11, 7, 28.87
1636720451, 4, 237, 431, 191, 0, 1.34%, 0, 11, 7, 14.03
1636720473, 4, 238, 431, 191, 0, 1.34%, 0, 11, 7, 8.41
1636720491, 4, 239, 431, 191, 0, 1.34%, 0, 11, 7, 48.23
1636720507, 4, 240, 431, 191, 0, 1.34%, 0, 11, 7, 39.18
1636720525, 4, 242, 431, 191, 0, 1.34%, 0, 11, 7, 0.63
1636720553, 4, 244, 431, 191, 0, 1.34%, 0, 11, 7, 51.73
1636720571, 4, 246, 431, 191, 0, 1.34%, 0, 11, 7, 33.45
1636720589, 4, 249, 431, 190, 0, 1.34%, 0, 11, 7, 2.91
1636720627, 4, 251, 431, 189, 0, 1.34%, 0, 11, 7, 71.83
1636720654, 4, 252, 431, 189, 0, 1.34%, 0, 11, 7, 20.13
1636720690, 4, 255, 431, 189, 0, 1.34%, 0, 11, 7, 16.40
1636720722, 4, 258, 431, 189, 0, 1.34%, 0, 11, 7, 147.68
1636720757, 4, 261, 431, 189, 0, 1.34%, 0, 11, 7, 28.82
1636720775, 4, 266, 431, 189, 0, 1.34%, 0, 11, 7, 4.58
1636720812, 4, 278, 431, 189, 0, 1.34%, 0, 11, 7, 6.71
1636720834, 4, 278, 432, 190, 0, 1.34%, 0, 11, 7, 147.91
1636720931, 4, 282, 432, 189, 0, 1.34%, 0, 11, 7, 19.30
1636721002, 4, 285, 432, 188, 0, 1.34%, 0, 11, 7, 130.76
1636721063, 4, 290, 432, 187, 0, 1.34%, 0, 11, 7, 24.42
1636721131, 4, 293, 432, 187, 0, 1.34%, 0, 11, 7, 41.52
1636721223, 4, 294, 432, 187, 0, 1.34%, 0, 11, 7, 9.34
1636721249, 4, 300, 432, 186, 0, 1.34%, 0, 11, 7, 105.78
1636721283, 4, 305, 432, 185, 0, 1.34%, 0, 11, 7, 45.09
1636721306, 4, 311, 432, 184, 0, 1.34%, 0, 11, 7, 424.84
1636721330, 4, 316, 432, 183, 0, 1.34%, 0, 11, 7, 16.06
1636721356, 4, 318, 432, 182, 0, 1.34%, 0, 11, 7, 103.03
1636721377, 4, 322, 432, 181, 0, 1.34%, 0, 11, 7, 5.27
1636721406, 4, 328, 432, 180, 0, 1.34%, 0, 11, 7, 31.24
1636721443, 4, 333, 432, 179, 0, 1.34%, 0, 11, 7, 22.49
1636721489, 4, 335, 432, 178, 0, 1.34%, 0, 11, 7, 22.83
1636721540, 4, 340, 432, 177, 0, 1.34%, 0, 11, 7, 164.61
1636721572, 4, 344, 432, 176, 0, 1.34%, 0, 11, 7, 30.59
1636721672, 4, 345, 432, 175, 0, 1.34%, 0, 11, 7, 104.49
1636721796, 4, 348, 432, 174, 0, 1.34%, 0, 11, 7, 19.62
1636721905, 4, 352, 432, 173, 0, 1.34%, 0, 11, 7, 1.59
1636721911, 4, 352, 433, 174, 0, 1.34%, 0, 11, 7, 1.85
1636721945, 4, 353, 433, 174, 0, 1.34%, 0, 11, 7, 16.77
1636721996, 4, 357, 433, 173, 0, 1.34%, 0, 11, 7, 44.42
1636722076, 4, 358, 433, 172, 0, 1.34%, 0, 11, 7, 60.67
1636722167, 4, 362, 433, 171, 0, 1.34%, 0, 11, 7, 3.75
1636722380, 4, 366, 433, 170, 0, 1.34%, 0, 11, 7, 3.43
1636722630, 4, 371, 433, 169, 0, 1.34%, 0, 11, 7, 2.13
1636722802, 4, 372, 433, 168, 0, 1.34%, 0, 11, 7, 28.44
1636722922, 4, 376, 433, 168, 0, 1.34%, 0, 11, 7, 39.35
1636722944, 4, 382, 433, 167, 0, 1.34%, 0, 11, 7, 81.59
1636722978, 4, 383, 433, 166, 0, 1.34%, 0, 11, 7, 770.53
1636723000, 4, 385, 433, 165, 0, 1.34%, 0, 11, 7, 54.85
1636723035, 4, 387, 434, 166, 0, 1.34%, 0, 11, 7, 8.01
1636723116, 4, 433, 434, 165, 1, 1.34%, 0, 11, 7, 148.38
1636723123, 4, 433, 435, 166, 1, 1.34%, 0, 11, 7, 126.20
1636723144, 4, 433, 436, 167, 1, 1.34%, 0, 11, 7, 102.51
1636723232, 4, 433, 437, 168, 1, 1.34%, 0, 11, 7, 163.70
1636723244, 4, 435, 437, 167, 0, 1.34%, 0, 11, 7, 24.37
1636723267, 4, 435, 438, 168, 0, 1.34%, 0, 11, 8, 54.24
1636723279, 4, 435, 439, 169, 0, 1.34%, 0, 11, 8, 514.41
1636723302, 5, 6, 439, 168, 0, 1.34%, 0, 11, 8, 1521.84
1636723307, 5, 8, 439, 168, 0, 1.34%, 0, 11, 8, 121.34
1636723323, 5, 11, 439, 168, 0, 1.34%, 0, 11, 8, 8.77
1636723339, 5, 18, 439, 167, 0, 1.34%, 0, 11, 8, 29.28
1636723356, 5, 19, 439, 167, 0, 1.34%, 0, 11, 8, 301.76
1636723373, 5, 20, 439, 167, 0, 1.34%, 0, 11, 8, 12.91
1636723390, 5, 23, 439, 166, 0, 1.34%, 0, 11, 8, 103.79
1636723412, 5, 25, 439, 165, 0, 1.34%, 0, 11, 8, 25.33
1636723429, 5, 33, 439, 164, 0, 1.34%, 0, 11, 8, 22.47
1636723445, 5, 51, 439, 164, 0, 1.34%, 0, 11, 8, 34.07
1636723466, 5, 58, 439, 163, 0, 1.34%, 0, 11, 8, 26.24
1636723488, 5, 59, 439, 163, 0, 1.34%, 0, 11, 8, 15.86
1636723514, 5, 61, 439, 162, 0, 1.34%, 0, 11, 8, 11.26
1636723537, 5, 66, 439, 162, 0, 1.34%, 0, 11, 8, 8.31
1636723561, 5, 77, 439, 161, 0, 1.34%, 0, 11, 8, 24.30
1636723578, 5, 93, 439, 161, 0, 1.34%, 0, 11, 8, 71.40
1636723589, 5, 98, 439, 161, 0, 1.34%, 0, 11, 8, 24.59
1636723611, 5, 114, 439, 160, 0, 1.34%, 0, 11, 8, 155.53
1636723616, 5, 115, 439, 160, 0, 1.34%, 0, 11, 8, 38.28
1636723635, 5, 118, 439, 160, 0, 1.34%, 0, 11, 8, 39.46
1636723659, 5, 124, 439, 159, 0, 1.34%, 0, 11, 8, 1.94
1636723682, 5, 125, 439, 159, 0, 1.34%, 0, 11, 8, 44.79
1636723711, 5, 126, 439, 159, 0, 1.34%, 0, 11, 8, 19.96
1636723722, 5, 127, 439, 159, 0, 1.34%, 0, 11, 8, 13.76
1636723733, 5, 129, 439, 159, 0, 1.34%, 0, 11, 8, 14.11
1636723745, 5, 138, 439, 158, 0, 1.34%, 0, 11, 8, 38.27
1636723772, 5, 143, 439, 158, 0, 1.34%, 0, 11, 8, 27.80
1636723795, 5, 144, 439, 157, 0, 1.34%, 0, 11, 8, 26.42
1636723821, 5, 148, 439, 157, 0, 1.34%, 0, 11, 8, 55.19
1636723838, 5, 151, 439, 157, 0, 1.34%, 0, 11, 8, 119.48
1636723854, 5, 162, 439, 157, 0, 1.34%, 0, 11, 8, 179.92
1636723870, 5, 163, 439, 157, 0, 1.34%, 0, 11, 8, 27.69
1636723892, 5, 164, 439, 157, 0, 1.34%, 0, 11, 8, 16.82
1636723926, 5, 165, 439, 156, 0, 1.34%, 0, 11, 8, 11.79
1636723948, 5, 166, 439, 156, 0, 1.34%, 0, 11, 8, 373.25
1636723964, 5, 168, 439, 156, 0, 1.34%, 0, 11, 8, 8.79
1636723992, 5, 170, 439, 155, 0, 1.34%, 0, 11, 8, 8.50
1636724031, 5, 173, 439, 155, 0, 1.34%, 0, 11, 8, 109.05
1636724048, 5, 174, 439, 155, 0, 1.34%, 0, 11, 8, 22.60
1636724063, 5, 179, 439, 155, 0, 1.34%, 0, 11, 8, 26.77
1636724318, 5, 180, 439, 154, 0, 1.34%, 0, 11, 8, 9.52
1636724341, 5, 182, 439, 154, 0, 1.34%, 0, 11, 8, 174.92
1636724358, 5, 183, 439, 154, 0, 1.34%, 0, 11, 8, 141.43
1636724381, 5, 187, 439, 153, 0, 1.34%, 0, 11, 8, 42.39
1636724391, 5, 188, 439, 152, 0, 1.34%, 0, 11, 8, 133.56
1636724402, 5, 189, 439, 152, 0, 1.34%, 0, 11, 8, 25.19
1636724424, 5, 191, 439, 152, 0, 1.34%, 0, 11, 8, 147.63
1636724448, 5, 193, 439, 152, 0, 1.34%, 0, 11, 8, 2.34
1636724459, 5, 194, 439, 152, 0, 1.34%, 0, 11, 8, 47.50
1636724470, 5, 195, 439, 152, 0, 1.34%, 0, 11, 8, 10.66
1636724492, 5, 196, 439, 152, 0, 1.34%, 0, 11, 8, 103.22
1636724510, 5, 199, 439, 151, 0, 1.34%, 0, 11, 8, 11.57
1636724516, 5, 204, 439, 151, 0, 1.34%, 0, 11, 8, 469.18
1636724522, 5, 207, 439, 151, 0, 1.34%, 0, 11, 8, 281.70
1636724527, 5, 209, 439, 151, 0, 1.34%, 0, 11, 8, 15.77
1636724534, 5, 211, 439, 151, 0, 1.34%, 0, 11, 8, 33.16
1636724545, 5, 219, 439, 151, 0, 1.34%, 0, 11, 8, 25.02
1636724567, 5, 226, 439, 151, 0, 1.34%, 0, 11, 8, 47.37
1636724572, 5, 230, 439, 151, 0, 1.34%, 0, 11, 8, 87.62
1636724588, 5, 231, 439, 151, 0, 1.34%, 0, 11, 8, 54.74
1636724599, 5, 232, 439, 151, 0, 1.34%, 0, 11, 8, 140.00
1636724615, 5, 233, 439, 151, 0, 1.34%, 0, 11, 8, 183.49
1636724632, 5, 235, 439, 151, 0, 1.34%, 0, 11, 8, 71.17
1636724655, 5, 236, 439, 151, 0, 1.34%, 0, 11, 8, 43.09
1636724684, 5, 237, 439, 151, 0, 1.34%, 0, 11, 8, 2.93
1636724701, 5, 238, 439, 151, 0, 1.34%, 0, 11, 8, 56.00
1636724723, 5, 239, 439, 151, 0, 1.34%, 0, 11, 8, 118.25
1636724733, 5, 240, 439, 151, 0, 1.34%, 0, 11, 8, 12.56
1636724745, 5, 242, 439, 151, 0, 1.34%, 0, 11, 8, 6.64
1636724761, 5, 244, 439, 151, 0, 1.34%, 0, 11, 8, 143.76
1636724796, 5, 248, 439, 151, 0, 1.34%, 0, 11, 8, 14.93
1636724866, 5, 251, 439, 150, 0, 1.34%, 0, 11, 8, 17.87
1636724914, 5, 252, 439, 150, 0, 1.34%, 0, 11, 8, 11.76
1636724952, 5, 253, 439, 150, 0, 1.34%, 0, 11, 8, 117.19
1636724973, 5, 255, 439, 149, 0, 1.34%, 0, 11, 8, 97.45
1636725010, 5, 258, 439, 149, 0, 1.34%, 0, 11, 8, 29.47
1636725074, 5, 261, 439, 149, 0, 1.34%, 0, 11, 8, 8.35
1636725114, 5, 265, 439, 149, 0, 1.34%, 0, 11, 8, 81.11
1636725158, 5, 266, 439, 149, 0, 1.34%, 0, 11, 8, 61.45
1636725185, 5, 284, 439, 149, 0, 1.34%, 0, 11, 8, 24.57
1636725218, 5, 285, 439, 148, 0, 1.34%, 0, 11, 8, 15.96
1636725245, 5, 288, 439, 148, 0, 1.34%, 0, 11, 8, 109.56
1636725267, 5, 290, 439, 147, 0, 1.34%, 0, 11, 8, 278.80
1636725333, 5, 293, 439, 147, 0, 1.34%, 0, 11, 8, 3.26
1636725390, 5, 320, 439, 147, 0, 1.34%, 0, 11, 8, 5.08
1636725448, 5, 323, 439, 146, 0, 1.34%, 0, 11, 8, 774.44
1636725489, 5, 341, 439, 145, 0, 1.34%, 0, 11, 8, 10.96
1636725540, 5, 373, 439, 144, 0, 1.34%, 0, 11, 8, 238.81
1636725873, 5, 379, 439, 143, 0, 1.34%, 0, 11, 8, 29.33
1636725910, 5, 381, 439, 142, 0, 1.34%, 0, 11, 8, 75.30
1636725955, 5, 385, 439, 141, 0, 1.34%, 0, 11, 8, 31.08
1636725974, 5, 395, 439, 141, 0, 1.34%, 0, 11, 8, 22.63
1636726009, 5, 407, 439, 140, 0, 1.34%, 0, 11, 8, 22.24
1636726047, 5, 410, 439, 140, 0, 1.34%, 0, 11, 8, 155.30
1636726073, 5, 414, 439, 140, 0, 1.34%, 0, 11, 8, 134.26
1636726109, 5, 420, 439, 139, 0, 1.34%, 0, 11, 8, 189.63
1636726167, 5, 422, 439, 138, 0, 1.34%, 0, 11, 8, 303.24
1636726220, 5, 425, 439, 137, 0, 1.34%, 0, 11, 8, 234.79
1636726262, 5, 426, 439, 136, 0, 1.34%, 0, 11, 8, 140.52
1636726303, 5, 427, 439, 135, 0, 1.34%, 0, 11, 8, 133.70
1636726404, 5, 432, 439, 135, 0, 1.34%, 0, 11, 8, 19.13
1636726525, 5, 433, 439, 134, 0, 1.34%, 0, 11, 8, 18.29
1636726551, 5, 437, 439, 134, 0, 1.34%, 0, 11, 8, 193.32
1636726598, 6, 3, 439, 133, 0, 1.34%, 0, 11, 8, 29.43
1636726629, 6, 8, 439, 133, 0, 1.34%, 0, 11, 8, 20.21
1636726664, 6, 9, 439, 133, 0, 1.34%, 0, 11, 8, 1.47
1636726718, 6, 16, 439, 133, 0, 1.34%, 0, 11, 8, 57.78
1636726784, 6, 18, 439, 133, 0, 1.34%, 0, 11, 8, 2.31
1636726842, 6, 19, 439, 133, 0, 1.34%, 0, 11, 8, 16.12
1636726859, 6, 21, 439, 133, 0, 1.34%, 0, 11, 8, 20.99
1636726898, 6, 25, 439, 132, 0, 1.34%, 0, 11, 8, 92.68
1636726933, 6, 27, 439, 132, 0, 1.34%, 0, 11, 8, 67.87
1636727008, 6, 33, 439, 131, 0, 1.34%, 0, 11, 8, 35.05
1636727057, 6, 39, 439, 131, 0, 1.34%, 0, 11, 8, 307.28
1636727126, 6, 44, 439, 130, 0, 1.34%, 0, 11, 8, 248.12
1636727171, 6, 47, 439, 130, 0, 1.34%, 0, 11, 8, 58.75
1636727222, 6, 58, 439, 130, 0, 1.34%, 0, 11, 8, 16.79
1636727277, 6, 61, 439, 130, 0, 1.34%, 0, 11, 8, 40.98
1636727346, 6, 65, 439, 130, 0, 1.34%, 0, 11, 8, 83.12
1636727398, 6, 77, 439, 130, 0, 1.34%, 0, 11, 8, 32.62
1636727459, 6, 82, 439, 130, 0, 1.34%, 0, 11, 8, 0.97
1636727497, 6, 92, 439, 129, 0, 1.34%, 0, 11, 8, 20.73
1636727555, 6, 98, 439, 128, 0, 1.34%, 0, 11, 8, 2.15
1636727593, 6, 103, 439, 128, 0, 1.34%, 0, 11, 8, 263.23
1636727625, 6, 112, 439, 127, 0, 1.34%, 0, 11, 8, 538.78
1636727661, 6, 114, 439, 126, 0, 1.34%, 0, 11, 8, 27.48
1636727684, 6, 121, 439, 126, 0, 1.34%, 0, 11, 8, 52.92
1636727705, 6, 124, 439, 125, 0, 1.34%, 0, 11, 8, 190.72
1636727746, 6, 125, 439, 125, 0, 1.34%, 0, 11, 8, 10.28
1636727795, 6, 126, 439, 125, 0, 1.34%, 0, 11, 8, 149.46
1636727829, 6, 127, 439, 125, 0, 1.34%, 0, 11, 8, 20.19
1636727890, 6, 129, 439, 125, 0, 1.34%, 0, 11, 8, 147.30
1636727958, 6, 137, 439, 125, 0, 1.34%, 0, 11, 8, 38.86
1636728024, 6, 138, 439, 124, 0, 1.34%, 0, 11, 8, 203.49
1636728060, 6, 144, 439, 124, 0, 1.34%, 0, 11, 8, 20.69
1636728092, 6, 148, 439, 124, 0, 1.34%, 0, 11, 8, 93.26
1636728133, 6, 149, 439, 124, 0, 1.34%, 0, 11, 8, 9.30
1636728192, 6, 150, 439, 123, 0, 1.34%, 0, 11, 8, 22.38
1636728237, 6, 157, 439, 122, 0, 1.34%, 0, 11, 8, 51.34
1636728283, 6, 162, 439, 121, 0, 1.34%, 0, 11, 8, 18.80
1636728311, 6, 163, 439, 121, 0, 1.34%, 0, 11, 8, 19.82
1636728384, 6, 165, 439, 121, 0, 1.34%, 0, 11, 8, 3.49
1636728437, 6, 166, 439, 121, 0, 1.34%, 0, 11, 8, 25.51
1636728488, 6, 170, 439, 121, 0, 1.34%, 0, 11, 8, 40.39
1636728668, 6, 174, 439, 121, 0, 1.34%, 0, 11, 8, 182.49
1636728716, 6, 180, 439, 121, 0, 1.34%, 0, 11, 8, 228.70
1636728794, 6, 181, 439, 121, 0, 1.34%, 0, 11, 8, 1.14
1636728906, 6, 182, 439, 121, 0, 1.34%, 0, 11, 8, 13.94
1636728958, 6, 184, 439, 121, 0, 1.34%, 0, 11, 8, 4.31
1636728990, 6, 188, 439, 120, 0, 1.34%, 0, 11, 8, 97.91
1636729026, 6, 189, 439, 120, 0, 1.34%, 0, 11, 8, 4.05
1636729063, 6, 193, 439, 120, 0, 1.34%, 0, 11, 8, 209.84
1636729154, 6, 194, 439, 120, 0, 1.34%, 0, 11, 8, 36.17
1636729245, 6, 195, 439, 120, 0, 1.34%, 0, 11, 8, 30.52
1636729286, 6, 199, 439, 120, 0, 1.34%, 0, 11, 8, 31.96
1636729348, 6, 204, 439, 120, 0, 1.34%, 0, 11, 8, 35.24
1636729484, 6, 206, 439, 120, 0, 1.34%, 0, 11, 8, 1090.00
1636729500, 6, 207, 439, 120, 0, 1.34%, 0, 11, 8, 5.59
1636729564, 6, 209, 439, 120, 0, 1.34%, 0, 11, 8, 35.33
1636729622, 6, 210, 439, 120, 0, 1.34%, 0, 11, 8, 26.09
1636729676, 6, 211, 439, 120, 0, 1.34%, 0, 11, 8, 24.54
1636729989, 6, 211, 439, 120, 0, 1.34%, 0, 12, 8, 0.20
1636730060, 6, 219, 439, 120, 0, 1.34%, 0, 12, 8, 38.89
1636730122, 6, 226, 439, 120, 0, 1.34%, 0, 12, 8, 34.35
1636730140, 6, 230, 439, 120, 0, 1.34%, 0, 12, 8, 28.49
1636730176, 6, 231, 439, 120, 0, 1.34%, 0, 12, 8, 82.11
1636730214, 6, 232, 439, 120, 0, 1.34%, 0, 12, 8, 86.43
1636730239, 6, 233, 439, 120, 0, 1.34%, 0, 12, 8, 0.50
1636730287, 6, 235, 439, 120, 0, 1.34%, 0, 12, 8, 16.23
1636730322, 6, 236, 439, 120, 0, 1.34%, 0, 12, 8, 18.35
1636730362, 6, 237, 439, 120, 0, 1.34%, 0, 12, 8, 9.79
1636730412, 6, 238, 439, 120, 0, 1.34%, 0, 12, 8, 51.82
1636730472, 6, 239, 439, 120, 0, 1.34%, 0, 12, 8, 39.94
1636730505, 6, 240, 439, 120, 0, 1.34%, 0, 12, 8, 34.43
1636730529, 6, 242, 439, 120, 0, 1.34%, 0, 12, 8, 2.83
1636730604, 6, 243, 439, 120, 0, 1.34%, 0, 12, 8, 52.84
1636730643, 6, 243, 440, 121, 0, 1.34%, 0, 12, 8, 136.63
1636730649, 6, 244, 440, 120, 0, 1.34%, 0, 12, 8, 16.04
1636730686, 6, 249, 440, 120, 0, 1.34%, 0, 12, 8, 16.39
1636730828, 6, 251, 440, 120, 0, 1.34%, 0, 12, 8, 22.64
1636730940, 6, 252, 440, 120, 0, 1.34%, 0, 12, 8, 51.03
1636731067, 6, 253, 440, 120, 0, 1.34%, 0, 12, 8, 10.98
1636731209, 6, 255, 440, 120, 0, 1.34%, 0, 12, 8, 83.94
1636731358, 6, 258, 440, 120, 0, 1.34%, 0, 12, 8, 10.45
1636731485, 6, 260, 440, 120, 0, 1.34%, 0, 12, 8, 16.54
1636731712, 6, 261, 440, 119, 0, 1.34%, 0, 12, 8, 125.25
1636731799, 6, 266, 440, 119, 0, 1.34%, 0, 12, 8, 4.13
1636731865, 6, 277, 440, 119, 0, 1.34%, 0, 12, 8, 5.22
1636731958, 6, 286, 440, 118, 0, 1.34%, 0, 12, 8, 55.16
1636732035, 6, 289, 440, 117, 0, 1.34%, 0, 12, 8, 1.85
1636732317, 6, 290, 440, 117, 0, 1.34%, 0, 12, 8, 17.16
1636732444, 6, 291, 440, 117, 0, 1.34%, 0, 12, 8, 0.65
1636732660, 6, 293, 440, 116, 0, 1.34%, 0, 12, 8, 14.97
1636732835, 6, 299, 440, 116, 0, 1.34%, 0, 12, 8, 20.97
1636732892, 6, 306, 440, 115, 0, 1.34%, 0, 12, 8, 17.82
1636733010, 6, 313, 440, 114, 0, 1.34%, 0, 12, 8, 7.32
1636733097, 6, 314, 440, 113, 0, 1.34%, 0, 12, 8, 108.63
1636733260, 6, 336, 440, 112, 0, 1.34%, 0, 12, 8, 4.81
1636733428, 6, 342, 440, 111, 0, 1.34%, 0, 12, 8, 31.85
1636733563, 6, 344, 440, 110, 0, 1.34%, 0, 12, 8, 4.57
1636733721, 6, 354, 440, 110, 0, 1.34%, 0, 12, 8, 9.38
1636733910, 6, 359, 440, 109, 0, 1.34%, 0, 12, 8, 374.43
1636734263, 6, 365, 440, 108, 0, 1.34%, 0, 12, 8, 22.28
1636734677, 6, 365, 441, 109, 0, 1.34%, 0, 12, 8, 25.69
1636734705, 6, 365, 442, 110, 0, 1.34%, 0, 12, 8, 21.78
1636734722, 6, 365, 443, 111, 0, 1.34%, 0, 12, 8, 8.56
1636734752, 6, 365, 444, 112, 0, 1.34%, 0, 12, 8, 3.75
1636734859, 6, 374, 444, 111, 0, 1.34%, 0, 12, 8, 0.70
1636735463, 6, 375, 444, 110, 0, 1.34%, 0, 12, 8, 12.75
1636736335, 6, 385, 444, 109, 0, 1.34%, 0, 12, 8, 11.60
1636736429, 6, 389, 444, 109, 0, 1.34%, 0, 12, 8, 123.31
1636736448, 6, 389, 445, 110, 0, 1.35%, 0, 12, 8, 37.37
1636736564, 6, 389, 446, 111, 0, 1.35%, 0, 12, 8, 16.96
1636736574, 6, 392, 446, 110, 2, 1.35%, 0, 12, 8, 41.20
1636736693, 6, 405, 446, 109, 2, 1.35%, 0, 12, 8, 357.16
1636737041, 6, 444, 446, 108, 2, 1.35%, 0, 12, 8, 54.13
1636737304, 6, 445, 446, 107, 1, 1.35%, 0, 12, 8, 0.47
1636737338, 6, 445, 446, 107, 1, 1.35%, 0, 13, 8, 13.94
1636737911, 7, 8, 446, 106, 0, 1.35%, 0, 13, 8, 13.60
1636738005, 7, 19, 446, 106, 0, 1.35%, 0, 13, 8, 17.60
1636738028, 7, 21, 446, 106, 0, 1.35%, 0, 13, 8, 6.31
1636738079, 7, 33, 446, 106, 0, 1.35%, 0, 13, 8, 45.66
1636738116, 7, 58, 446, 106, 0, 1.35%, 0, 13, 8, 41.75
1636738174, 7, 61, 446, 106, 0, 1.35%, 0, 13, 8, 30.74
1636738230, 7, 77, 446, 106, 0, 1.35%, 0, 13, 8, 1.75
1636738312, 7, 78, 446, 106, 0, 1.35%, 0, 13, 8, 198.19
1636738381, 7, 83, 446, 105, 0, 1.35%, 0, 13, 8, 35.30
1636738421, 7, 98, 446, 104, 0, 1.35%, 0, 13, 8, 427.89
1636738472, 7, 113, 446, 104, 0, 1.35%, 0, 13, 8, 88.72
1636738495, 7, 114, 446, 104, 0, 1.35%, 0, 13, 8, 13.28
1636738537, 7, 124, 446, 104, 0, 1.35%, 0, 13, 8, 14.60
1636738593, 7, 125, 446, 104, 0, 1.35%, 0, 13, 8, 374.61
1636738614, 7, 126, 446, 104, 0, 1.35%, 0, 13, 8, 3.93
1636738643, 7, 127, 446, 104, 0, 1.35%, 0, 13, 8, 57.42
1636738713, 7, 129, 446, 104, 0, 1.35%, 0, 13, 8, 3.86
1636738812, 7, 133, 446, 104, 0, 1.35%, 0, 13, 8, 468.40
1636738913, 7, 138, 446, 104, 0, 1.35%, 0, 13, 8, 60.12
1636738951, 7, 140, 446, 104, 0, 1.35%, 0, 13, 8, 23.16
1636738985, 7, 144, 446, 104, 0, 1.35%, 0, 13, 8, 30.46
1636739025, 7, 148, 446, 104, 0, 1.35%, 0, 13, 8, 74.58
1636739059, 7, 150, 446, 104, 0, 1.35%, 0, 13, 8, 46.80
1636739120, 7, 162, 446, 104, 0, 1.35%, 0, 13, 8, 81.91
1636739211, 7, 163, 446, 104, 0, 1.35%, 0, 13, 8, 14.59
1636739248, 7, 165, 446, 104, 0, 1.35%, 0, 13, 8, 10.99
1636739327, 7, 166, 446, 104, 0, 1.35%, 0, 13, 8, 49.04
1636739394, 7, 169, 446, 104, 0, 1.35%, 0, 13, 8, 2.34
1636739443, 7, 170, 446, 104, 0, 1.35%, 0, 13, 8, 6.23
1636739625, 7, 174, 446, 104, 0, 1.35%, 0, 13, 8, 29.65
1636739656, 7, 180, 446, 104, 0, 1.35%, 0, 13, 8, 87.46
1636739726, 7, 182, 446, 104, 0, 1.35%, 0, 13, 8, 51.73
1636739789, 7, 188, 446, 104, 0, 1.35%, 0, 13, 8, 167.21
1636739829, 7, 189, 446, 104, 0, 1.35%, 0, 13, 8, 1.56
1636739869, 7, 193, 446, 104, 0, 1.35%, 0, 13, 8, 22.58
1636739920, 7, 194, 446, 104, 0, 1.35%, 0, 13, 8, 7.57
1636739984, 7, 195, 446, 104, 0, 1.35%, 0, 13, 8, 14.67
1636740027, 7, 198, 446, 104, 0, 1.35%, 0, 13, 8, 60.20
1636740105, 7, 199, 446, 103, 0, 1.35%, 0, 13, 8, 51.51
1636740133, 7, 203, 446, 103, 0, 1.35%, 0, 13, 8, 39.39
1636740143, 7, 204, 446, 102, 0, 1.35%, 0, 13, 8, 431.61
1636740155, 7, 206, 446, 102, 0, 1.35%, 0, 13, 8, 63.82
1636740180, 7, 206, 446, 102, 0, 1.35%, 0, 14, 8, 4.99
1636740220, 7, 207, 446, 102, 0, 1.35%, 0, 14, 8, 45.54
1636740264, 7, 209, 446, 102, 0, 1.35%, 0, 14, 8, 31.32
1636740315, 7, 210, 446, 102, 0, 1.35%, 0, 14, 8, 32.52
1636740338, 7, 211, 446, 102, 0, 1.35%, 0, 14, 8, 4.46
1636740507, 7, 226, 446, 102, 0, 1.35%, 0, 14, 8, 3.94
1636740542, 7, 230, 446, 102, 0, 1.35%, 0, 14, 8, 46.66
1636740558, 7, 231, 446, 102, 0, 1.35%, 0, 14, 8, 313.32
1636740580, 7, 232, 446, 102, 0, 1.35%, 0, 14, 8, 13.02
1636740614, 7, 233, 446, 102, 0, 1.35%, 0, 14, 8, 59.85
1636740644, 7, 235, 446, 102, 0, 1.35%, 0, 14, 8, 66.44
1636740689, 7, 237, 446, 102, 0, 1.35%, 0, 14, 8, 3.54
1636740755, 7, 238, 446, 102, 0, 1.35%, 0, 14, 8, 29.57
1636740789, 7, 239, 446, 102, 0, 1.35%, 0, 14, 8, 9.70
1636740831, 7, 240, 446, 102, 0, 1.35%, 0, 15, 8, 13.15
1636740879, 7, 242, 446, 102, 0, 1.35%, 0, 15, 8, 2.15
1636740932, 7, 244, 446, 102, 0, 1.35%, 0, 15, 8, 35.66
1636740956, 7, 251, 446, 102, 0, 1.35%, 0, 15, 8, 19.65
1636741102, 7, 252, 446, 102, 0, 1.35%, 0, 15, 8, 51.73
1636741146, 7, 255, 446, 102, 0, 1.35%, 0, 15, 8, 111.86
1636741255, 7, 258, 446, 102, 0, 1.35%, 0, 15, 8, 10.90
1636741282, 7, 258, 446, 102, 0, 1.35%, 0, 16, 8, 26.14
1636741365, 7, 261, 446, 102, 0, 1.35%, 0, 16, 8, 8.41
1636741414, 7, 262, 446, 102, 0, 1.35%, 0, 16, 8, 3.26
1636741541, 7, 264, 446, 101, 0, 1.35%, 0, 16, 8, 5.95
1636741638, 7, 266, 446, 100, 0, 1.35%, 0, 16, 8, 21.49
1636741718, 7, 272, 446, 100, 0, 1.35%, 0, 16, 8, 101.37
1636741854, 7, 273, 446, 99, 0, 1.35%, 0, 16, 8, 41.32
1636741954, 7, 290, 446, 98, 0, 1.35%, 0, 16, 8, 47.09
1636742144, 7, 293, 446, 98, 0, 1.35%, 0, 16, 8, 9.50
1636742307, 7, 295, 446, 98, 0, 1.35%, 0, 16, 8, 43.61
1636742368, 7, 297, 446, 97, 0, 1.35%, 0, 16, 8, 790.96
1636742441, 7, 298, 446, 96, 0, 1.35%, 0, 16, 8, 63.58
1636742511, 7, 304, 446, 95, 0, 1.35%, 0, 16, 8, 36.15
1636742555, 7, 326, 446, 94, 0, 1.35%, 0, 16, 8, 105.39
1636742637, 7, 342, 446, 94, 0, 1.35%, 0, 16, 8, 56.79
1636742692, 7, 346, 446, 94, 0, 1.35%, 0, 16, 8, 29.53
1636743131, 7, 347, 446, 93, 0, 1.35%, 0, 16, 8, 24.55
1636743346, 7, 355, 446, 92, 0, 1.35%, 0, 16, 8, 398.01
1636743496, 7, 355, 447, 93, 0, 1.35%, 0, 16, 8, 81.07
1636743573, 7, 361, 447, 92, 0, 1.35%, 0, 16, 8, 0.95
1636743937, 7, 364, 447, 91, 0, 1.35%, 0, 16, 8, 18.74
1636744166, 7, 367, 447, 90, 0, 1.35%, 0, 16, 8, 13.34
1636744503, 7, 371, 447, 89, 0, 1.35%, 0, 16, 8, 18.41
1636744691, 7, 385, 447, 89, 0, 1.35%, 0, 16, 8, 127.25
1636744759, 7, 396, 447, 89, 0, 1.35%, 0, 16, 8, 2499.98
1636745090, 7, 398, 447, 88, 0, 1.35%, 0, 16, 8, 28.11
1636745222, 7, 400, 447, 87, 0, 1.35%, 0, 16, 8, 216.76
1636745435, 7, 401, 447, 86, 0, 1.35%, 0, 16, 8, 398.36
1636745654, 7, 403, 447, 85, 0, 1.35%, 0, 16, 8, 287.49
1636745798, 7, 406, 447, 84, 0, 1.35%, 0, 16, 8, 186.25
1636746045, 7, 407, 447, 83, 0, 1.35%, 0, 16, 8, 66.01
1636746296, 7, 410, 447, 83, 0, 1.35%, 0, 16, 8, 321.78
1636746392, 7, 423, 447, 83, 0, 1.35%, 0, 16, 8, 118.99
1636746493, 7, 424, 447, 82, 0, 1.35%, 0, 16, 8, 275.82
1636746646, 7, 427, 447, 81, 0, 1.35%, 0, 16, 8, 19.75
1636747068, 7, 430, 447, 81, 0, 1.35%, 0, 16, 8, 106.06
1636747274, 7, 431, 448, 81, 0, 1.35%, 0, 16, 8, 202.16
1636748214, 7, 433, 448, 80, 0, 1.35%, 0, 16, 8, 49.26
1636748280, 7, 439, 449, 81, 0, 1.35%, 0, 16, 8, 15.98
1636748298, 7, 439, 450, 82, 0, 1.35%, 0, 16, 8, 159.79
1636748449, 7, 443, 450, 81, 0, 1.35%, 0, 16, 8, 1.61
1636748496, 7, 443, 451, 82, 0, 1.35%, 0, 16, 8, 5.49
1636748684, 7, 443, 452, 83, 0, 1.35%, 0, 16, 8, 105.10
1636748876, 7, 443, 453, 84, 0, 1.35%, 0, 16, 8, 11.84
1636749942, 7, 444, 453, 83, 0, 1.35%, 0, 16, 8, 51.55
1636750083, 7, 445, 453, 83, 0, 1.35%, 0, 16, 8, 128.60
1636750405, 7, 447, 453, 83, 0, 1.35%, 0, 16, 8, 1761.76
1636750421, 7, 447, 454, 84, 0, 1.35%, 0, 16, 8, 148.29
1636750433, 7, 447, 455, 85, 0, 1.35%, 0, 16, 8, 360.50
1636750604, 7, 454, 456, 85, 0, 1.35%, 0, 16, 8, 600.71
1636750628, 7, 454, 457, 86, 0, 1.35%, 0, 16, 8, 603.51
1636750933, 8, 3, 457, 85, 0, 1.35%, 0, 16, 8, 37.41
1636751043, 8, 8, 457, 85, 0, 1.35%, 0, 16, 8, 7.86
1636751082, 8, 19, 457, 85, 0, 1.35%, 0, 16, 8, 128.25
1636751104, 8, 30, 457, 85, 0, 1.35%, 0, 16, 8, 115.54
1636751139, 8, 32, 457, 84, 0, 1.35%, 0, 16, 8, 22.50
1636751165, 8, 36, 457, 84, 0, 1.35%, 0, 16, 8, 98.06
1636751205, 8, 49, 457, 84, 0, 1.35%, 0, 16, 8, 32.35
1636751246, 8, 58, 457, 83, 0, 1.35%, 0, 16, 8, 54.60
1636751295, 8, 63, 457, 83, 0, 1.35%, 0, 16, 8, 513.89
1636751318, 8, 77, 457, 82, 0, 1.35%, 0, 16, 8, 60.05
1636751353, 8, 80, 457, 82, 0, 1.35%, 0, 16, 8, 8.71
1636751375, 8, 91, 457, 81, 0, 1.35%, 0, 16, 8, 17.01
1636751408, 8, 93, 457, 81, 0, 1.35%, 0, 16, 8, 4.70
1636751443, 8, 98, 457, 81, 0, 1.35%, 0, 16, 8, 12.34
1636751460, 8, 114, 457, 81, 0, 1.35%, 0, 16, 8, 188.75
1636751495, 8, 121, 457, 81, 0, 1.35%, 0, 16, 8, 143.21
1636751517, 8, 124, 457, 81, 0, 1.35%, 0, 16, 8, 29.49
1636751550, 8, 125, 457, 81, 0, 1.35%, 0, 16, 8, 214.51
1636751580, 8, 126, 457, 81, 0, 1.35%, 0, 16, 8, 57.42
1636751603, 8, 127, 457, 81, 0, 1.35%, 0, 16, 8, 61.21
1636751613, 8, 129, 457, 81, 0, 1.35%, 0, 16, 8, 3.80
1636751662, 8, 135, 457, 81, 0, 1.35%, 0, 16, 8, 42.56
1636751686, 8, 138, 457, 81, 0, 1.35%, 0, 16, 8, 73.26
1636751730, 8, 144, 457, 81, 0, 1.35%, 0, 16, 8, 10.80
1636751753, 8, 145, 457, 81, 0, 1.35%, 0, 16, 8, 12.60
1636751782, 8, 148, 457, 81, 0, 1.35%, 0, 16, 8, 5.77
1636751816, 8, 150, 457, 81, 0, 1.35%, 0, 16, 8, 52.42
1636751839, 8, 156, 457, 81, 0, 1.35%, 0, 16, 8, 13.78
1636751875, 8, 163, 457, 80, 0, 1.35%, 0, 16, 8, 21.07
1636751904, 8, 165, 457, 80, 0, 1.35%, 0, 16, 8, 107.71
1636751927, 8, 166, 457, 80, 0, 1.35%, 0, 16, 8, 121.04
1636751955, 8, 170, 457, 80, 0, 1.35%, 0, 16, 8, 15.48
1636752159, 8, 174, 457, 80, 0, 1.35%, 0, 16, 8, 340.60
1636752205, 8, 180, 457, 80, 0, 1.35%, 0, 16, 8, 4.87
1636752238, 8, 182, 457, 80, 0, 1.35%, 0, 16, 8, 129.98
1636752255, 8, 188, 457, 80, 0, 1.35%, 0, 16, 8, 22.50
1636752290, 8, 189, 457, 80, 0, 1.35%, 0, 16, 8, 0.55
1636752334, 8, 193, 457, 80, 0, 1.35%, 0, 16, 8, 22.92
1636752351, 8, 194, 457, 80, 0, 1.35%, 0, 16, 8, 8.37
1636752394, 8, 195, 457, 80, 0, 1.35%, 0, 16, 8, 11.78
1636752433, 8, 198, 457, 80, 0, 1.35%, 0, 16, 8, 15.07
1636752461, 8, 199, 457, 80, 0, 1.35%, 0, 16, 8, 61.32
1636752487, 8, 202, 457, 80, 0, 1.35%, 0, 16, 8, 71.57
1636752527, 8, 204, 457, 79, 0, 1.35%, 0, 16, 8, 166.67
1636752532, 8, 206, 457, 79, 0, 1.35%, 0, 16, 8, 417.43
1636752554, 8, 207, 457, 79, 0, 1.35%, 0, 16, 8, 30.48
1636752565, 8, 209, 457, 79, 0, 1.35%, 0, 16, 8, 429.94
1636752607, 8, 210, 457, 79, 0, 1.35%, 0, 16, 8, 85.50
1636752630, 8, 211, 457, 79, 0, 1.35%, 0, 16, 8, 28.58
1636752866, 8, 218, 457, 79, 0, 1.35%, 0, 16, 8, 26.47
1636752894, 8, 219, 457, 79, 0, 1.35%, 0, 16, 8, 114.07
1636752945, 8, 226, 457, 79, 0, 1.35%, 0, 16, 8, 59.56
1636752950, 8, 230, 457, 79, 0, 1.35%, 0, 16, 8, 104.55
1636752962, 8, 231, 457, 79, 0, 1.35%, 0, 16, 8, 236.14
1636752974, 8, 232, 457, 79, 0, 1.35%, 0, 16, 8, 48.92
1636753019, 8, 233, 457, 79, 0, 1.35%, 0, 16, 8, 9.75
1636753040, 8, 235, 457, 79, 0, 1.35%, 0, 16, 8, 112.51
1636753075, 8, 237, 457, 79, 0, 1.35%, 0, 16, 8, 173.95
1636753134, 8, 238, 457, 79, 0, 1.35%, 0, 16, 8, 1.95
1636753201, 8, 239, 457, 79, 0, 1.35%, 0, 16, 8, 98.91
1636753217, 8, 240, 457, 79, 0, 1.35%, 0, 16, 8, 76.80
1636753241, 8, 242, 457, 79, 0, 1.35%, 0, 16, 8, 2.27
1636753308, 8, 244, 457, 79, 0, 1.35%, 0, 16, 8, 81.20
1636753331, 8, 251, 457, 79, 0, 1.35%, 0, 16, 8, 8.21
1636753434, 8, 252, 457, 79, 0, 1.35%, 0, 16, 8, 9.63
1636753473, 8, 255, 457, 79, 0, 1.35%, 0, 16, 8, 80.74
1636753568, 8, 257, 457, 79, 0, 1.35%, 0, 16, 8, 29.78
1636753703, 8, 258, 457, 78, 0, 1.35%, 0, 16, 8, 117.26
1636753780, 8, 261, 457, 78, 0, 1.35%, 0, 16, 8, 13.89
1636753846, 8, 266, 457, 78, 0, 1.35%, 0, 16, 8, 52.31
1636753903, 8, 269, 457, 78, 0, 1.35%, 0, 16, 8, 6.37
1636754038, 8, 279, 457, 77, 0, 1.35%, 0, 16, 8, 29.96
1636754095, 8, 286, 457, 77, 0, 1.35%, 0, 16, 8, 430.31
1636754147, 8, 290, 457, 77, 0, 1.35%, 0, 16, 8, 1.03
1636754269, 8, 293, 457, 77, 0, 1.35%, 0, 16, 8, 2.93
1636754400, 8, 298, 457, 77, 0, 1.35%, 0, 16, 8, 6.78
1636754434, 8, 330, 457, 77, 0, 1.35%, 0, 16, 8, 10.76
1636754496, 8, 334, 457, 76, 0, 1.35%, 0, 16, 8, 48.97
1636754637, 8, 337, 457, 75, 0, 1.35%, 0, 16, 8, 78.06
1636754794, 8, 349, 457, 74, 0, 1.35%, 0, 16, 8, 0.58
1636754995, 8, 361, 457, 74, 0, 1.35%, 0, 16, 8, 2.71
1636755161, 8, 378, 457, 74, 0, 1.35%, 0, 16, 8, 23.85
1636755238, 8, 385, 457, 73, 0, 1.35%, 0, 16, 8, 17.92
1636755268, 8, 390, 457, 73, 0, 1.35%, 0, 16, 8, 4.86
1636755318, 8, 406, 457, 72, 0, 1.35%, 0, 16, 8, 434.70
1636755591, 8, 407, 457, 72, 0, 1.35%, 0, 16, 8, 17.81
1636755709, 8, 410, 457, 72, 0, 1.35%, 0, 16, 8, 48.88
1636755819, 8, 416, 457, 72, 0, 1.35%, 0, 16, 8, 259.64
1636756052, 8, 420, 457, 71, 0, 1.35%, 0, 16, 8, 38.08
1636756474, 8, 427, 457, 71, 0, 1.35%, 0, 16, 8, 123.38
1636756732, 8, 429, 457, 71, 0, 1.35%, 0, 16, 8, 7.54
1636757010, 8, 431, 457, 70, 0, 1.35%, 0, 16, 8, 26.57
1636757148, 8, 433, 457, 70, 0, 1.35%, 0, 16, 8, 154.76
1636757252, 8, 438, 457, 70, 0, 1.35%, 0, 16, 8, 48.15
1636757582, 8, 440, 457, 69, 0, 1.35%, 0, 16, 8, 11.21
1636759271, 8, 442, 457, 68, 0, 1.35%, 0, 16, 8, 25.54
1636759346, 8, 442, 458, 69, 0, 1.35%, 0, 16, 8, 2.80
1636760109, 8, 442, 459, 70, 0, 1.35%, 0, 16, 8, 27.14
1636760457, 8, 444, 459, 69, 0, 1.35%, 0, 16, 8, 61.30
1636760736, 8, 445, 459, 69, 0, 1.35%, 0, 16, 8, 63.90
1636761223, 8, 448, 459, 69, 0, 1.35%, 0, 16, 8, 16.98
1636761431, 8, 451, 459, 68, 0, 1.35%, 0, 16, 8, 7.15
1636762017, 8, 454, 459, 67, 0, 1.35%, 0, 16, 8, 561.32
1636762210, 8, 456, 459, 67, 0, 1.35%, 0, 16, 8, 118.33
1636762423, 9, 8, 459, 66, 0, 1.35%, 0, 16, 8, 207.88
1636762449, 9, 19, 459, 66, 0, 1.35%, 0, 16, 8, 22.30
1636762501, 9, 34, 459, 66, 0, 1.35%, 0, 16, 8, 20.02
1636762564, 9, 38, 459, 65, 0, 1.35%, 0, 16, 8, 67.60
1636762602, 9, 52, 459, 65, 0, 1.35%, 0, 16, 8, 15.86
1636762642, 9, 55, 459, 64, 0, 1.35%, 0, 16, 8, 12.91
1636762714, 9, 58, 459, 63, 0, 1.35%, 0, 16, 8, 43.87
1636762784, 9, 76, 459, 63, 0, 1.35%, 0, 16, 8, 48.16
1636762848, 9, 77, 459, 63, 0, 1.35%, 0, 16, 8, 10.88
1636762882, 9, 78, 459, 63, 0, 1.35%, 0, 16, 8, 40.13
1636762914, 9, 81, 459, 63, 0, 1.35%, 0, 16, 8, 71.49
1636762947, 9, 84, 459, 63, 0, 1.35%, 0, 16, 8, 58.30
1636763019, 9, 98, 459, 63, 0, 1.35%, 0, 16, 8, 5.15
1636763066, 9, 101, 459, 63, 0, 1.35%, 0, 16, 8, 6.22
1636763113, 9, 114, 459, 62, 0, 1.35%, 0, 16, 8, 13.16
1636763152, 9, 124, 459, 62, 0, 1.35%, 0, 16, 8, 97.91
1636763197, 9, 125, 459, 62, 0, 1.35%, 0, 16, 8, 6.09
1636763269, 9, 126, 459, 62, 0, 1.35%, 0, 16, 8, 77.22
1636763329, 9, 127, 459, 62, 0, 1.35%, 0, 16, 8, 10.10
1636763412, 9, 129, 459, 62, 0, 1.35%, 0, 16, 8, 16.19
1636763435, 9, 138, 459, 62, 0, 1.35%, 0, 16, 8, 19.69
1636763493, 9, 148, 459, 62, 0, 1.35%, 0, 16, 8, 16.13
1636763561, 9, 150, 459, 62, 0, 1.35%, 0, 16, 8, 81.28
1636763606, 9, 153, 459, 62, 0, 1.35%, 0, 16, 8, 69.42
1636763641, 9, 163, 459, 61, 0, 1.35%, 0, 16, 8, 20.90
1636763670, 9, 165, 459, 61, 0, 1.35%, 0, 16, 8, 56.44
1636763711, 9, 166, 459, 61, 0, 1.35%, 0, 16, 8, 10.71
1636763774, 9, 168, 459, 61, 0, 1.35%, 0, 16, 8, 2.35
1636763843, 9, 170, 459, 61, 0, 1.35%, 0, 16, 8, 13.22
1636764012, 9, 174, 459, 61, 0, 1.35%, 0, 16, 8, 3.87
1636764051, 9, 180, 459, 61, 0, 1.35%, 0, 16, 8, 84.95
1636764088, 9, 182, 459, 61, 0, 1.35%, 0, 16, 8, 28.19
1636764138, 9, 188, 459, 61, 0, 1.35%, 0, 16, 8, 9.26
1636764191, 9, 189, 459, 61, 0, 1.35%, 0, 16, 8, 3.63
1636764260, 9, 190, 459, 61, 0, 1.35%, 0, 16, 8, 56.49
1636764347, 9, 193, 459, 61, 0, 1.35%, 0, 16, 8, 4.60
1636764391, 9, 194, 459, 61, 0, 1.35%, 0, 16, 8, 93.61
1636764460, 9, 195, 459, 61, 0, 1.35%, 0, 16, 8, 64.97
1636764494, 9, 196, 459, 61, 0, 1.35%, 0, 16, 8, 45.50
1636764528, 9, 198, 459, 61, 0, 1.35%, 0, 16, 8, 16.21
1636764579, 9, 199, 459, 61, 0, 1.35%, 0, 16, 8, 2.45
1636764630, 9, 204, 459, 61, 0, 1.35%, 0, 16, 8, 59.83
1636764635, 9, 206, 459, 61, 0, 1.35%, 0, 16, 8, 78.23
1636764691, 9, 207, 459, 61, 0, 1.35%, 0, 16, 8, 8.84
1636764696, 9, 209, 459, 61, 0, 1.35%, 0, 16, 8, 223.94
1636764743, 9, 211, 459, 61, 0, 1.35%, 0, 16, 8, 60.81
1636764864, 9, 218, 459, 61, 0, 1.35%, 0, 16, 8, 7.93
1636764919, 9, 225, 459, 61, 0, 1.35%, 0, 16, 8, 51.90
1636764994, 9, 226, 459, 61, 0, 1.35%, 0, 16, 8, 95.35
1636765039, 9, 230, 459, 61, 0, 1.35%, 0, 16, 8, 22.44
1636765080, 9, 231, 459, 61, 0, 1.35%, 0, 16, 8, 15.01
1636765120, 9, 232, 459, 61, 0, 1.35%, 0, 16, 8, 7.23
1636765172, 9, 233, 459, 61, 0, 1.35%, 0, 16, 8, 383.26
1636765194, 9, 235, 459, 61, 0, 1.35%, 0, 16, 8, 1.66
1636765228, 9, 237, 459, 61, 0, 1.35%, 0, 16, 8, 30.48
1636765295, 9, 238, 459, 61, 0, 1.35%, 0, 16, 8, 109.72
1636765345, 9, 239, 459, 61, 0, 1.35%, 0, 16, 8, 41.10
1636765391, 9, 240, 459, 61, 0, 1.35%, 0, 16, 8, 144.93
1636765435, 9, 242, 459, 61, 0, 1.35%, 0, 16, 8, 25.02
1636765494, 9, 244, 459, 61, 0, 1.35%, 0, 16, 8, 121.47
1636765534, 9, 245, 459, 61, 0, 1.35%, 0, 16, 8, 18.13
1636765566, 9, 249, 459, 61, 0, 1.35%, 0, 16, 8, 79.16
1636765654, 9, 251, 459, 61, 0, 1.35%, 0, 16, 8, 28.52
1636765752, 9, 252, 459, 61, 0, 1.35%, 0, 16, 8, 161.74
1636765837, 9, 255, 459, 61, 0, 1.35%, 0, 16, 8, 6.02
1636765944, 9, 256, 459, 61, 0, 1.35%, 0, 16, 8, 12.15
1636766068, 9, 258, 459, 61, 0, 1.35%, 0, 16, 8, 6.26
1636766241, 9, 261, 459, 61, 0, 1.35%, 0, 16, 8, 48.34
1636766287, 9, 266, 459, 61, 0, 1.35%, 0, 16, 8, 11.11
1636766328, 9, 271, 459, 61, 0, 1.35%, 0, 16, 8, 116.05
1636766416, 9, 281, 459, 61, 0, 1.35%, 0, 16, 8, 7.92
1636766505, 9, 290, 459, 61, 0, 1.35%, 0, 16, 8, 27.76
1636766841, 9, 293, 459, 61, 0, 1.35%, 0, 16, 8, 4.43
1636766931, 9, 293, 459, 61, 0, 1.35%, 0, 17, 8, 5.71
1636766994, 9, 298, 459, 61, 0, 1.35%, 0, 17, 8, 5.81
1636767067, 9, 299, 459, 61, 0, 1.35%, 0, 17, 8, 6.17
1636767108, 9, 303, 459, 61, 0, 1.35%, 0, 17, 8, 12.97
1636767268, 9, 315, 459, 60, 0, 1.35%, 0, 17, 8, 20.51
1636767392, 9, 317, 459, 59, 0, 1.35%, 0, 17, 8, 14.13
1636767420, 9, 318, 459, 59, 0, 1.35%, 0, 17, 8, 53.43
1636767497, 9, 324, 459, 59, 0, 1.35%, 0, 17, 8, 228.81
1636767658, 9, 341, 459, 58, 0, 1.35%, 0, 17, 8, 27.14
1636767780, 9, 344, 459, 58, 0, 1.35%, 0, 17, 8, 7.19
1636767965, 9, 350, 459, 58, 0, 1.35%, 0, 17, 8, 28.74
1636768477, 9, 363, 459, 57, 0, 1.35%, 0, 17, 8, 4.03
1636768704, 9, 369, 459, 57, 0, 1.35%, 0, 17, 8, 9.47
1636768977, 9, 385, 459, 56, 0, 1.35%, 0, 17, 8, 23.44
1636769033, 9, 386, 459, 56, 0, 1.35%, 0, 17, 8, 19.94
1636769221, 9, 397, 459, 55, 0, 1.35%, 0, 17, 8, 77.54
1636769438, 9, 407, 459, 54, 0, 1.35%, 0, 17, 8, 13.82
1636769580, 9, 410, 459, 54, 0, 1.35%, 0, 17, 8, 120.85
1636769718, 9, 411, 459, 54, 0, 1.35%, 0, 17, 8, 19.92
1636769844, 9, 421, 459, 53, 0, 1.35%, 0, 17, 8, 133.43
1636770010, 9, 427, 459, 52, 0, 1.35%, 0, 17, 8, 58.10
1636770373, 9, 429, 459, 52, 0, 1.35%, 0, 17, 8, 2.58
1636770428, 9, 433, 459, 52, 0, 1.35%, 0, 17, 8, 48.30
1636770731, 9, 444, 459, 52, 0, 1.35%, 0, 17, 8, 1127.47
1636770742, 9, 444, 460, 53, 0, 1.35%, 0, 17, 8, 83.79
1636770965, 9, 445, 460, 53, 0, 1.35%, 0, 17, 8, 14.48
1636771170, 9, 454, 460, 53, 0, 1.35%, 0, 17, 8, 80.25
1636771478, 9, 458, 460, 53, 0, 1.35%, 0, 17, 8, 47.97
1636772933, 10, 8, 460, 52, 0, 1.35%, 0, 17, 8, 110.42
1636772972, 10, 11, 460, 52, 0, 1.35%, 0, 17, 8, 9.82
1636773016, 10, 13, 460, 52, 0, 1.35%, 0, 17, 8, 106.07
1636773044, 10, 19, 460, 52, 0, 1.35%, 0, 17, 8, 3.43
1636773065, 10, 27, 460, 52, 0, 1.35%, 0, 17, 8, 35.00
1636773133, 10, 29, 460, 52, 0, 1.35%, 0, 17, 8, 26.63
1636773155, 10, 30, 460, 51, 0, 1.35%, 0, 17, 8, 44.26
1636773209, 10, 36, 460, 51, 0, 1.35%, 0, 17, 8, 228.96
1636773282, 10, 49, 460, 51, 0, 1.35%, 0, 17, 8, 6.29
1636773350, 10, 55, 460, 51, 0, 1.35%, 0, 17, 8, 20.25
1636773399, 10, 58, 460, 51, 0, 1.35%, 0, 17, 8, 8.20
1636773434, 10, 66, 460, 51, 0, 1.35%, 0, 17, 8, 6.39
1636773499, 10, 77, 460, 51, 0, 1.35%, 0, 17, 8, 35.34
1636773542, 10, 79, 460, 51, 0, 1.35%, 0, 17, 8, 98.37
1636773581, 10, 90, 460, 50, 0, 1.35%, 0, 17, 8, 15.86
1636773634, 10, 98, 460, 50, 0, 1.35%, 0, 17, 8, 18.60
1636773673, 10, 109, 460, 50, 0, 1.35%, 0, 17, 8, 21.97
1636773740, 10, 114, 460, 49, 0, 1.35%, 0, 17, 8, 4.49
1636773795, 10, 115, 460, 49, 0, 1.35%, 0, 17, 8, 38.79
1636773822, 10, 124, 460, 49, 0, 1.35%, 0, 17, 8, 58.61
1636773869, 10, 125, 460, 49, 0, 1.35%, 0, 17, 8, 4.14
1636773947, 10, 126, 460, 49, 0, 1.35%, 0, 17, 8, 6.60
1636773970, 10, 127, 460, 49, 0, 1.35%, 0, 17, 8, 18.05
1636774002, 10, 129, 460, 49, 0, 1.35%, 0, 17, 8, 34.36
1636774042, 10, 138, 460, 49, 0, 1.35%, 0, 17, 8, 34.15
1636774100, 10, 148, 460, 49, 0, 1.35%, 0, 17, 8, 16.10
1636774163, 10, 150, 460, 49, 0, 1.35%, 0, 17, 8, 57.69
1636774204, 10, 163, 460, 49, 0, 1.35%, 0, 17, 8, 18.08
1636774260, 10, 165, 460, 49, 0, 1.35%, 0, 17, 8, 7.12
1636774322, 10, 166, 460, 49, 0, 1.35%, 0, 17, 8, 26.97
1636774368, 10, 170, 460, 49, 0, 1.35%, 0, 17, 8, 18.23
1636774424, 10, 174, 460, 49, 0, 1.35%, 0, 17, 8, 300.36
1636774459, 10, 180, 460, 49, 0, 1.35%, 0, 17, 8, 34.47
1636774530, 10, 182, 460, 49, 0, 1.35%, 0, 17, 8, 37.94
1636774609, 10, 185, 460, 49, 0, 1.35%, 0, 17, 8, 133.64
1636774654, 10, 188, 460, 48, 0, 1.35%, 0, 17, 8, 7.58
1636774677, 10, 189, 460, 48, 0, 1.35%, 0, 17, 8, 19.56
1636774745, 10, 193, 460, 48, 0, 1.35%, 0, 17, 8, 57.00
1636774779, 10, 194, 460, 48, 0, 1.35%, 0, 17, 8, 55.60
1636774837, 10, 195, 460, 48, 0, 1.35%, 0, 17, 8, 17.66
1636774878, 10, 198, 460, 48, 0, 1.35%, 0, 17, 8, 42.92
1636774938, 10, 199, 460, 48, 0, 1.35%, 0, 17, 8, 302.44
1636774960, 10, 206, 460, 48, 0, 1.35%, 0, 17, 8, 60.46
1636774982, 10, 207, 460, 48, 0, 1.35%, 0, 17, 8, 14.21
1636774993, 10, 209, 460, 48, 0, 1.35%, 0, 17, 8, 72.07
1636775041, 10, 210, 460, 48, 0, 1.35%, 0, 17, 8, 14.88
1636775107, 10, 211, 460, 48, 0, 1.35%, 0, 17, 8, 4.08
1636775324, 10, 221, 460, 48, 0, 1.35%, 0, 17, 8, 12.21
1636775405, 10, 226, 460, 48, 0, 1.35%, 0, 17, 8, 144.05
1636775440, 10, 230, 460, 48, 0, 1.35%, 0, 17, 8, 1.86
1636775468, 10, 231, 460, 48, 0, 1.35%, 0, 17, 8, 3.08
1636775507, 10, 232, 460, 48, 0, 1.35%, 0, 17, 8, 26.67
1636775562, 10, 233, 460, 48, 0, 1.35%, 0, 17, 8, 13.20
1636775607, 10, 235, 460, 48, 0, 1.35%, 0, 17, 8, 44.96
1636775635, 10, 237, 460, 48, 0, 1.35%, 0, 17, 8, 73.07
1636775658, 10, 238, 460, 48, 0, 1.35%, 0, 17, 8, 26.02
1636775719, 10, 239, 460, 48, 0, 1.35%, 0, 17, 8, 55.23
1636775753, 10, 240, 460, 48, 0, 1.35%, 0, 17, 8, 9.52
1636775781, 10, 242, 460, 48, 0, 1.35%, 0, 17, 8, 0.55
1636775808, 10, 244, 460, 48, 0, 1.35%, 0, 17, 8, 32.38
1636775866, 10, 251, 460, 48, 0, 1.35%, 0, 17, 8, 127.22
1636775972, 10, 252, 460, 48, 0, 1.35%, 0, 17, 8, 102.78
1636776069, 10, 255, 460, 48, 0, 1.35%, 0, 17, 8, 121.79
1636776158, 10, 258, 460, 48, 0, 1.35%, 0, 17, 8, 5.97
1636776216, 10, 261, 460, 48, 0, 1.35%, 0, 17, 8, 173.38
1636776276, 10, 266, 460, 48, 0, 1.35%, 0, 17, 8, 27.31
1636776326, 10, 274, 460, 48, 0, 1.35%, 0, 17, 8, 31.42
1636776509, 10, 283, 460, 47, 0, 1.35%, 0, 17, 8, 74.34
1636776577, 10, 290, 460, 46, 0, 1.35%, 0, 17, 8, 5.36
1636776833, 10, 293, 460, 46, 0, 1.35%, 0, 17, 8, 10.38
1636777021, 10, 298, 460, 46, 0, 1.35%, 0, 17, 8, 20.63
1636777109, 10, 316, 460, 46, 0, 1.35%, 0, 17, 8, 22.00
1636777145, 10, 369, 460, 46, 0, 1.35%, 0, 17, 8, 83.72
1636777298, 10, 375, 460, 46, 0, 1.35%, 0, 17, 8, 15.48
1636777550, 10, 385, 460, 46, 0, 1.35%, 0, 17, 8, 35.98
1636777633, 10, 387, 460, 46, 0, 1.35%, 0, 17, 8, 40.49
1636777688, 10, 393, 460, 46, 0, 1.35%, 0, 17, 8, 242.83
1636777871, 10, 395, 460, 46, 0, 1.35%, 0, 17, 8, 41.68
1636778170, 10, 407, 460, 46, 0, 1.35%, 0, 17, 8, 114.66
1636778240, 10, 410, 460, 46, 0, 1.35%, 0, 17, 8, 183.03
1636778315, 10, 415, 460, 46, 0, 1.35%, 0, 17, 8, 259.85
1636778687, 10, 418, 460, 45, 0, 1.35%, 0, 17, 8, 108.49
1636778974, 10, 424, 460, 44, 0, 1.35%, 0, 17, 8, 44.76
