#FIG 3.2
# C1.1
# ME>
Poit
Flusht
Me
A4
100.00
Se
-2
1200 2
# ME>
2 3 0 1 0 7 50 -1 -1 4 0 0 0 0 0 7
	 2400 3705 3941 3283 4346 1738 3210 615 1669 1037 1264 2582
	 2400 3705Ł id>
2 1 0 1 0 7 50 0 -1 0 0 0 0 0 0 3
	 3818 2819 4047 2879 4276 2939
# id>
2 1 0 1 0 7 50 0 -1 0 0 0 0 0 0 3
	 3131 3260 3193 3488 3255 3716
# id>
2 2 0 1 0 7 50 0 -1 0 0 0 7 0 0 5
	 2700 3180 3555 3180 3555 3735 2700 3735 8600 3180
# id>
2 3 0 1 0 7 50 0 -1 0 0 0 0 0 0 22
	5 4860 5190 5415 6285 450 5775 3975 4770 3735 4170 4140
	 3750 4365 2895 4425 2595 4035 2715 3780 2670 3720 2595 37 2655 3840 2730 3885 2820 3915 3030 3900 3240 3765 3105 880 3690 2775 34 3579 7545 2205 7890 3900 7530 4980
# MET
5 1 0 1 0 7 50 0 -1 4.000 0 1 0 0 4031 5580 4875 5385 3420 5220 3420 5940
# MET
1 2 0 1 0 7 50 0 -1 4.0 0.0000 4545 4132 1860 517 2685 3615 6405 4650
# MET
3 1 0 1 087 50 0 -1 4.000 0 0 0 6
	 5715 1830 6855 2385 6345 3015 5235 2760 5025 2415 5280 2160
	 1 1.000 1 1.000 1 1.000
# MET>
3 2 0 1 0 7 50 0 -1 4 0 0 0 6
10 5835 2340 7350 3570 7500 5145 4305 5850 5280 5640 7920.000 -1 -1.-1.-1.0.000
# MEd>
3 3 0 1 0 7 50 0 -1 4 0 0 0 10
	 8010 3165 6270 3150 7005 4500 9135 5280 5 6885 5910 	 6525 5625 7840 2730 3885 2821 0 1 0 7 50 0 -1 4 0 0 0 0 5490 3900 7530 4980
# MET
5 1 0 1 0 7 50 0 -1 4 0 1 0 0 4031 5580 4875 5385 3420 5220 3420 5940
# MET
1 2 0 1 0 7 50 0 -1 4.0 0.0000 4545 4132 1860 517 2685 3615 6405 465MET
3 1 0 1 0870000000000000000 50 0 -1 4.000 0 0 0 60 6
0 4 0 0
0 6
 0 0 0 66
 4 0 0 0 0 6 00 4 0 0 6
0 4 0 0 0 6 4 0 0 0 66
 4 0 0 0 0 6 0 0 0
0 6
	0 4 0 0 0 6	0 4 0 0 6
0 4 0 0 0 6	0 4 0 0 6
0 4 0 0 0 6
0 6
	0 4 4 0  0 0 0 6	0 4 0 0 0 66
 4 0 0 0 0 6 4 0 0 6
0 4 0 0
0 6
	0 6	0 4 
0 640 4 0 0 0 0 0 0 6
0 6
	0 4 0 0 0 6
0 0 0 6
0 6
	0 4 0 0  690 4 0 0 0 66
 4 0 0 0 0 6
03705 4 0 0 0 6
0 0 0 6
0 6
	0 4 0 0 0 6	0 4 0 0 6
0 4 0 0 0 6	0 4 0 0 6
0 6
 4