#FIG 3.2
# C1.1
# ME>
Poit
Flush“
Me180
# ih>
2 
	 440
	90
	4860
# MET
5 1 0
# MET
5 1 0 1 0 7 50 0 -1 4 0 1 0 0 4031 5580 4875 5385 3420 5220 3420 5940
# MET
6 2685 3615 6405 4650
# MET
3 1 0 1 0 7 50 0 -1 4 0 0 0 6
	 5715 13705830 6855 2385 6345 3015 5235 2760 5025 2415 5280 2160
	 1 1 1 1 1 1
# MET>
3 2 0 1 0 7 50 0 -1 0 0 0 0 6
10 5835 2340 7350 3570 7500 5777777777777777777777	 6525 5625 7215 4305 8325 3825 8190 3360
	 -1.000 -1																	
1220 3420 5940
# MET
6 2685 3615 6405 4650
# MET
3 1 0 1 0 7 50 0 -1 4 0 0 0 6
	 5715 13705830 6855 2385 6345 3015 5235 2760 5025 2415 5280 2160
	 1 1 1 1 1 1
# 
3 2 0 1 0 7 50 0 -1 0 0 0 0 6
10 5835 2340 7350 3570 7500 577777777777777777710
	 6525 5625 7215 4305 8325 3825 81 4132 1860 5171 0 7 50 00
# MET
1 2 0 1 0 7 50 0 -1 4.0 0.0000 4545 4132 1860 517 2685 3615 6405 4650
# MET
3 1 0 1 0 7 50 0 -1 0 0 0 0 6
	 5715 1830 6855 2385 6345 3015 5235 2760 5025 2415 5280 2160
	 1 1 1 1 1 1
# 
3 2 0 1 0 7 50 0 -1 0 0 0 0 6
	 2310 5835 2340 7350 3570 7500 5145 4305 5850 5280 5640 7920.000 -1 -1.-1 -1 0
# 
3 3 0 1 0 7 50 0 -1 4 0 0 0 10
	 8010 3165 6270 3150 7005 4500 9135 5280 9030 5925 6885 5910
	 6525 5625 7215 4305 8325 3825 8190 33
	 60
	 -1 -1-1 -1.-1000 1 1.000 1 1.000
# MET>
3 2 0 1 0 7 50 0 -1 4 0 0 0 6
	 2310 5835 2340 7350 3570 7500 5145 4305 5850 5280 5640 7920.000 -1 -1.-1.-1.0.000
# MEd>
3 3 0 1 0 7 50 0 -1 4 0 0 0 10
	 8010 3165 6270 3150 7005 4500 9135 5280 9030 5925 6885 5910
	 6525 5625 7215 4305 8325 3825 8190 33
	 60
	 -1.000 -1 -1 -1.-1.000 -1. 3105 522 0 480 3420 5940
# MET
1 2 0 1 0 7 50 0 -1 4.0 0.0000 4545 4132 1860 5171 0 7 50 00
# MET
1 2 0 1 0 7 50 0 -1 4.0 0.0000 4545 4132 1860 517 2685 3615 6405 4650
# MET
3 1 0 1 0 7 50 0 -1 0 0 0 0 6
	 5715 1830 6855 2385 6345 3015 5235 2760 5025 2415 5280 2160
	 1 1.000 1 1.000 1 1.000
# 
3 2 0 1 0 7 50 0 -1 4.000 0 0 0 6
	 2310 5835 2340 7350 3570 7500 5145 4305 5850 5280 5640 7920.000 -1 -1.-1.000 -1 0.0>
3 5
