#FIG 3.2
# C1.1
# ME>
Poit
Flusht
Me
A4
100.00
Se
-2
1200 2
# Nį>
2 3 0 1 0 7 50 -37-1 4 0 0 0 0 0 0 2582
	 2400 3705
# id>
2 1 0 1 0 7 50 0 -1 0 0 0 00 0 0 0 3
	 3131 3705
# id>
2 1 0 1 0 7 50 0 -1 0 0 0 00 0 0 0 3
31 3260 31988 3255 3716
# id>
2 2 0 1 0 7 50 0 -1 4 0 0 7 0 0 5
	 2700 3180 3555 3180 3555 3735 2700 3735 2700 3180
# id>
2 3 0 1 0 7 50 0 -1 4 00 0 00 0 0 0 3
31 3260 31988 3255 3716
# id
2 2 0 1 0 7 50 0 -1 4 0 0 7 0 0 5
	 2700 3180 3555 3180 3555 3735 2700 3735 2700 3180
# id>
2 3 0 1 0 7 50 0 -1 4 0 0 0 0 00 0
	 3131 3705
# id>
2 1 0716
