#FIG 3.2
# C1.1
# ME>
Poit
Flusht
Me
A4
100.00
Se
-2
1200 2
# MşÁ
2 3 0 1 0 7 50 -1 -1 4 0 0 0 0 0 7
	 2400 3705 3941 3283 4346 1738 3210 615 1669 1037 1264 2582
	 2400 3705
# id>
2 1 0 1 0 7 50 0 -1 0 0 0 0 0 0 3
	 3818 2819 4047 2879 4276 2939
# id>
2 1 0 1 0 7 50 0 -1 0 0 0 0 0 0 3
	 3131 3260 3193 3488 3255 3716
# id>
2 2 0 1 0 7 50 0 -1 0 0 0 7 0 0 5
	 3555 3180 3555 3180 3555 3735 2700 3735 2700 31 
# id>
2 1 0 1 0 7 50 0 -1 4 0 0 0 0 0 3
	 3131 3260 3193 3488 3255 3716
# id>
2 2 0 1 0 7 50 0 -1 4 0 0 7 0 0 5
	 3555 3180 3555 3180 3555 0 333 3488 3255 3716
# id>
2 2 0 1 0 7 50 0 -1 0 0 0 7 0 0 5
	 3555 3180 3555 3180 3555 3735 2700 3735 2700 31 2939
# id>
2 1 0 1 0 7 50 0 -1 4 0 0 0 0 0 3
31 3260 3193 3488 3255 3716
# id>
2 2 0 1 0 7 50 0 -1 4 0 0 7 0 0 5
	 3555 3180 3555 3180  0 7 5-1 4 0 000 80 355220 Ř420 594MET
80
