#FIG 3.00
Se
-2
34200 2
# ME>
2 3 0 1 0 7 50 -1 -1 4 0 0 0 0 0 7
	 2400 3705 3941 3283 4346 1738 3210 615 1669 1037 1264 2582
	 2400 3705۲ id>
2 3 0 1 0 7 50 -1 -1 4 0 0 0 0 0 7
	 2400 3705 3941 3283 4346 1738 3210 615 1669 1037 1264 2582
	 2400 3705>
2 1 0 1 0 7 50 0 -1 0 0 0 0 0 0 3
18 2819 4047 2879 4276 29;9
# id>
2 1 0 1 0 7 50 0 -1 0 0 0 0 0 0 3
31 3260 3193 3488 3255 3716
# id>
2 2 0 1 0 7 50 0 -1 0 0 0 7 0 0 5
00 318 200 7350 3570 5 4305 5850 5280 5.000 -1 -1.-1.-1.0.000
# 
3 3 0 1 0 7 50 0 -1 4 0 0 0 10
	0 3165 6270 3150 0 9135 5280 5 6885 59 6525 5625 72879 4 0 -1 0 0 0 7 0 0 5
00 3840 2730 3885 2821 0 0 0 0 0 0 3
1 0 1 0 7 50 0 -1 0 0 0 0 0 0 3
	 3818 2819 4047 2879 4 0 -1 0 0 0 7 0 0 5
00 000
