#FIG 2715 37030 300 3240 375 4860
# 0 7
	 283 4>
4 1 5950 1 0 7 50 0  0 0 0 0 00 3
222>
4 1 0 1 0 7 50 0 -1 0 03 4346 5 1669 1037 1264 258# MEd>
3 3 0 1 ÏßČß50 0 -1 4280 9030 5925 6885 5910
	 6525 5625 7215 4305ĸ8325 3825 8190 3360
	 -1.000 -1.000 -1 -1.-1.000 -1.000 -1 -1.000
	 -1 -1.000
# MEd>
1 1 0 1 0 7 50 0 -1 4 1	00 1860 5280 1096 466 1860 5280 2955 5745
# Mid>
2 1 0 1 0 7 50 0 -1 4.000 0 0 0 0 0 H
	 2701 5630 2868 5463 3035  0 0 0 0 00 3

4 1 0 1 0 7 50 0 -1 0 03 4346 1738 3215 1669 1037 1264 258# MEd>
3 3 0 1 ÏßČß50 0 -1 47005 4500 9135 5280 9030 5925 6885 5910
	 6525 5625 7215 4305ĸ8325 3825 8190 3360
	 -1.000 -1.000 -1 -1.-1.000 -1.000 -1 -1.000
	 -1 -1.000
# MEd>
1 1 0 1 0 7 50 0 -1 4 1	00 1860 5280 1096 466 1860 5280 2955 57445755
# Mid>
2 1 0 1 0 7 50 0 -1 4.000 0 0 0 0 0 H
	 2701 5630 2868 5463 3035 5296
# 
2 1 0 1 0Ed>
3 3 0 1 ÏßČß50 0 -1 47005 4500 9135 5280 9030 5925 6885 5910
	 6525 5625 7215 4305ĸ8325 3825 8190 3360
	 -1.000 -1.000 -1 -1.-1.000 -1.000 -1 -1.000
	 -1 -1.000
# MEd>
1 1 0 1 0 7 50 0 -1 4 1	00 1860 5280 1096 466 1860 5280 2955 5745
# Mid>
2 1 0 1 0 7 50 0 -1 4.000 0 0 0 0 0 H
	 2701 5630 2868 5463 3035  0 0 0 0 00 3
222>
4 1 0 1 0 7 50 0 -1 0 03 4346 1738 3215 1669 1037 1264 258# MEd>
3 3 0 1 ÏßČß50 0 -1 47005 4500 9135 528 7 50 0 -1 4.000 0 0 0 0 0 5296
# 
2 1 0 1 0 7 50 0 -1 4.000 0 0 0 0 0 3
	 805 5091 1015 4987 