#FIG 3.2
# C1.1
# ME>
Poit
Flusht
Metric
A4
90
	860
# MET
5 980
# MET
5 940
# MET
1 2 0 1 0 7 50 0 -1 4.0 0.0000 4545 47350 3570 7500 5145 4305 5850 5280
# 
3 3 0 1 0 7 50 0 -1 4 0 0 0 10
	 8010 3165 6270 3150 7005 4500 9135 5280 9030 5925 6885 5910
	 6525 5625 7215 4305 8325 3825 8190 3360
	 -1.-1.000 -1 -1.-1 -1.000 -1 -1
	 -1 -1
# 
1 1 0 1 0 7 50 0 -1 4 1 00 1860 5280 1096 466 1860 5280 2955 5745
# 
2 1 0 1 0 7 50 0 -1 4.000 0 0 0 0 0 3
	1 5630 2868 5463 3035 5296
# 
2 1 0 1 0 7 50 0 -1 4 0 0 0 0 0 3
5 5091 1015 4983 1225 4875
