#FIG 3.2
# C1.1
# M7>
Poit
Flushō
Me180
# id>
2 
	 440
	90
	4860
# MET
5 1 0
# MET
5 1 0 1 0 7 50 0 -1 4 0 1 0 0 4031 5580 4875 5385 3420 5220 3420 5940
# MET
6 2685 3615 6405 4650ET
3 1 0 1 0 7 50 0 -1 4 0 0 0 6
	 5715 13705830 6855 2385 6345 3015 5235 2760 5025 2415 5280 2160
	 1 1 1 1 1 55555555555555555# MET>
3 2 0 1 0 7 50 0 -1 0 0 0 0 6
10 5835 2340 7350 3570 7500 5145 4305 5850 5280 5640 7920.000 -1 -1.-1 -1.000 0
# 
3 3 0 1 0 7 50 0 -1 4 0 0 0 10
	 80-0 3165 6270 3150 7005 4500 9135 5280 9030 5925 6885 5910
	 6525 5625 7215					
1 1 0 1 0 7 50 0 1096 466 1860 5280 2955 5d>
2 1 0 1 0 7 50 0 -1 0 0 0 0 0 0 3
	 3131 3260 3193 3488 3255 3716
# id>
2 2  -0
