#FIG 3.2
# C1.1
# ME>
Poit
Flusht
Me
A4
100.00
Se
-2
1200 2
# ME>
2 3 0 1 0 7 50 -1 -1 4 0 0 0 0 0 7
	 2400 3705 3941 3283 4346 1738 3210 615 1669 1037 1264 2582
	 2400 3705
# id>
2 1 0 1 0 7 50 0 -1 0 0 0 0 0 0 4000 6
060 4 0 0 6
0 4 0 0 0 6	0 4 0 0 6
0 4 0 0 0 6
0  4 0 0 0 6	0 4 0 0 6
0 4 0 0 0 6                                               0 6
	 0 0 6	0 0 0 66
 4 0 0 0 02700 6 4 0 0 6
0 4 0 0
0  4 0 0 0 6
	6	0 4 0 0 6
0 4 0 0 0 6	0 4 0 0 6
0 4 0 0 0 6
0  4
0 0 0 6	0 4 0 0 6
0 4 0 0 0 6
0 6
	 0 0 6	0 0 0 66
 4 0 0 0 0 6 4 0 0 6
0 4  0 0 0 6	0 06
 4 0 0 0 0 6 4 0 0 6
00 4 0 0 0 6	0 4 0 0 0 66
 0 6 0 0 0 6	0 4 0 6 4 0 0 6
0 4 0 0
0  0 0
0 6
	0  6	0 0 0 66
 4 0 0 0 0 6 4 0 0 6
0 4
	0 4 0 0 0 6	0 4 0 0 0 66
 0 6 0 0 0 6	0 4 0 6	0 0
	0 40 66
 4 0 0 0 0 6 66
 4 0 0 0 0 60 6
0 6
	 0 0 66
 4 0 0 0 0 6 4 0 0 6
06	0 4 0 0 6
0 4 0 0 0 6	0 4 0 0 6
0 4 0 0 0 6
0  4 0 0 0 6	0 4 0 0 6
0 4 0 0 0 6
0 6
	 0 0 6	0 0 0 66
 4 0 0 0 0 6 4 0 0 6
0 4 0 0
0  4 0 0 0 6
	6	0 4 0 0 6
0 4 0 0 0 6	0 4 0 0 6
0 4 0 0 0 6
0  4 0 0 0 6	0 4 0 0 6
0 4 0 0 0 6
0 6
	 0 0 6	0 0 0 66
 4 0 0 0 6
0  4
0 0 0 6	0 4 0 0 6
0 4 0 0 0 6
0 6
	 0 0 6	0 0 0 0 0 0 0 6 4 0 0 6
0 4  0 0 0 6	0 06
 4 0 0 0 0 6 4 0 0 6
00 4 0 0 0 6	0 4 0 0 0 66
 0 6 0 0 0 6	0 4 0 6 4 0 0 6
0 4 0 0
0  0  
0 6
	0  6	0 0 0 66
 4 0 0 0 0 6 4 0 0 6
0 4
	0 4 0 0 0 6	0 4 0 0 0 66
 0 6 0 0 0 6	0 4 0 6 4 0 0 6
0 4 0 0
0 6
	0 0 0
00 4 0 0 0 6	0 4 0 0 6 0 0 0 6	0 4