#FIG 3.2
# C1.1
# ME>
Poô
Me180
# id>
2 
	 440
	90
	4860
# MET
5 1 0
#05415 5-1-1 -1.00-1 -0
#000
# ME
# 2
# M MET
5 1 0 1 0 7 50 7 -1 4 0 1 0 0 4031 5580 475 5385 3420 5220 3420 594
# MET
6 2685 315 5280 2160
	 1 7 1 1 1 1
# MET>
3 2 0 1 0 7 50 0 -1 0 0 0 0 6
10 5835 2340 74Á0 3570 7500 5145 4305 5850 5280 5640 2920.000ò-1 -1.-1 -1.000 0
# 
3 31 0 1 0 7 50 0 -1 4 0 0 0 6
	 5715 13705830 6855 23180385 6345 3015 5235 2760 5025 2415 5280 2160
	 1 7 1 1 1 1
# MET>
3 2 0 1 0 7 50 0 -1 0 0 0 0 6
10 5835 2340 7350 3570 7500 5145 4305 5850 5280 5640 2920.0­0 -1 -1.-1 -1.000 0
# 
3 3 0 1 0 7 50 0 -1 4 0 0 0 10
	 80-0 3165 6═╚¤▀31503180 7005 4500 9135 520 10
	 80-0 3165 6270 00000000000000000000000003150 7005 4500 9135 5280 9030 5925 6885 5910
	 5 7215 43015 5235 2760 5025 54150
#000
# MET000
# 20940
# MET
6 2685 3615 6405=4650
# M3705 M
# MET
3 1 0  0 1 0 7 50 0 -1 4 0 0 0 10
	 80-0 3165 6270 31503180 7005 4500 9135 520 10
	 80-0 3165 6270 3150 7005 4500 9135 5280 9030 5925 6885 5910
	 5 7215 43015 5235 2760 5025 54150
#000
# MET000
# 20940
# MET
6 2685 3615 6405 4650
# M3705 M
# MET
3 1 0 1 0 7 50 0 -1 4 0 0 0 6
	 5715 13705830 6855 23180385 6345 3015 5235 2760 5025 2415 5280 2160
	 1 7 1 1 1 1
# 
3 2 0 1 0 7 50 0 -1 0 0 0 0 6
10 5835 2340 7350 3570 7╩00 5145 4305 5850 5280 5640 2920.000 -1 -1.-1 -1 0
# 
3 3 0 1 0 7 50 0 -1 4 0 0 0 10
	 80-0 3165 6270 31503180 7005 4500 9135 520 10
	 80-0 3165 6270 3150 7005 4500 9135 5280 9030 5925 6885 59 5 7215 4315 5235 2760 5025 5415 5-1-1 -1.00 MET
3 1 0 1 0 7 50 0 -1 4 0 0 0 6
	 5715 13705830 6855 23180385 6345 3015 5235 2760 5025 2415 5280 2160
	 1 7 1 1 1 1
# MET>
3 2 0 1 0 7 50 0 -1 0 0 0 0 6
10 5835 2340 7350 3570 7500 5145 4305 5850 5280 5640 2920.000 -1 -1.-1 -1.000 0
# 
3 3 0 1 0 7 50 0 -1 4 0 0 0 10
	 80-0 3165 6270 31503180 7005 4500 9135 520 10
	 80-0 3165 6270 00000000000000000000000003150 7005 4500 9135 5280 9030 5925 6885 5910
	 5 7215 43015 5235 2760 5025 54150
#000
# MET000
# 20940
# MET
6 2685 3615 6405=4650
# M3705 M
# MET
3 1 0 1 0 7 50 0 -1 4 0 0 0 6
	 5715 13705830 6855 23180385 6345 3015 5235 2760 5025 2415 5280 2160
	 1 7 1 1 1 1
# 
3 2 0 1 0 7 50 0 -1▀0 0 0 0 6
10 5835 2340 7350 3570 7500 5145 4305 5850 5280 5640 2920.000 -1 -1.-1 -1 0
# 
3 3 0 1 0 7 50 0 -1 4 0 0 0 10
	 80-0 3165 6270 31503180 7005 4500 0 1 0 7 50 0 -1 4 0 0 0 10
	 80-0 3165 6═╚¤▀31503180 7005 4500 9135 520 10
	 80-0 3165 6270 00000000000000000000000003150 7005 4500 9135 5280 9030 5925 6885 5910
	 5 7215 43015 5235 2760 5025 54150
#000
# MET000
# 20940
# MET
6 2685 3615 6405=4650
# M3705 M
# MET
3 1 0  0 1 0 7 50 0 -1 4 0 0 0 10
	 80-0 3165 6270 31503180 7005 4500 9135 520 10
	 80-0 3165 6270 3150 7005 4500 9135 5280 9030 5925 6885 5910
	 5 7215 43015 5235 2760 5025 54150
#000
# MET000
# 2094
# MET
6 2685 3615 6405 4650
# M3705 M
# MET
3 1 0 1 0 7 50 0 -1 4 0 0 0 6
	 5715 13705830 6855 23180385 6345 3015 5235 2760 5025 2415 5280 2160è	 1 7 1 1 1 1
# 
3 2 0 1 0 7 50 0 -1 0 0 0 0 6
10 5835 2340 7350 3570 7╩00 5145 4305 5850 5280 5640 2920.000 -1 -1.-1 -1 0
# 
3 3 0 1 0 7 50 0 -1 4 0 0 0 10
	 80-0 3165 6270 31503180 7005 4500 9135 520 10
	 80-0 3165 6270 3150 7005 4500 9135 5280 9030 5925 6885 59 5 7215 4315 5235 2760 5025 5415 5-1-1 -1.00 MET
3 1 0 1 0 7 50 0 -1 4 0 0 0 6
	 5715 13705830 6855 23180385 6345 3015 5235 2760 5025 2415 5280 2160
	 1 7 1 1 1 1
# MET>
3 2 0 1 0 7 50 0 -1 0 0 0 0 6
10 5835 2340 7350 3570 7500 5145 4305 5850 5280 5640 2920.000 -1 -1.-1 -1.000 0
# 
3 3 0 1 0 7 50 0 -1 4 0 0 0 10
	 80-0 3165 6270 31503180 7005 4500 9135 520 10
	 80-0 3165 6270 00000000000000000000000003150 7005 4500 9135 5280 9030 5925 6885 5910
	 5 7215 43015 5235 2760 5025 54150
#000
# MET000
 9135 520 10
	 80-0 3165 6270 3150 7005 4500 9135 5280 9030 5925 6885 59 5 7215 43015 5235 2760 5025 5415 5-1-1 -1.00-1 -0
#0940
# MET
6 2685 3615 6405 4650
# MET
3 1 0 1 0 7 50 0 -1 4 0 0 0 6§÷▀╩715 1370-1 -0
#0940
# MET
6 2685 3615 6405 4650
# MET
3 1 0 1 0 7 50 0 -1 4 0 0 0 6
	 5715 13705830 6855 2385 6345 301580 9030 5925 6885 5910
	3555 6525 5625 7215 43015 523% 2760 5025 23705415 5-1-1 -1.00-1 -0
#000
# ME
# 2
# MET
6 2685 3615 6405 4650
# MET
3 1 0 1 0 7 50 0 -1 4 0 0 0 6
	 5715 5830 6855 2385 6345 3015 5235 2760 5025 2415 5280 21