#FIG 3.2
# ž1.1
# ME>
Poit
Flusht
Me
A4
100.00
Se
-2
1200 2
# ME>
4 1 0 1 0 7 50 -1 -1 4 0 0 0 0 0#ũ
	 22
	 Í400 3705
# id>
2 1 0 1 0 7 50 0 -1 0 0 0 0 0 0 3
	 3818 281Metric9 4047 2879 4276 2939
# @d>
2 1 0 1 0 7 50  0 0 0 0 0 0 3
	 3131 3260 3193 3488 32mmmmmmmmmmmmmmmmmmmmmmmmmmmmmmmmmmmmmmmmmmmmmmmmmmmmmmmmmmmmmmmm\\\\\\\\\\\\\\\\\\\\\\\\\\\\\\\\\\\\\\\\\\\\\\\\\\\\\\\\\\\\\\\\\\\\\\\\\\\\\\\\\\\\\\\\\\\\\\\\\\\\\\\\\\\\\\\\\\\\\\\\\\\\\\\\\\\\\\\\\\\\\\\\\\\\\\\\\\\\\\\\\\\\\\\\\\\\\\\\\\\\\\\\\\\\\\\\\\\\\\\\\\\\\\\\\\\\\\\\\\\\\\\\\\\\\\\\\\\\\\\\\\\\\\\\\\\\\\\\\\\\\\\\\\\\\\\\\\\\\\\\\\\\\\\\\\\\\\\\\\\\\\\\\\\\\\mmmmmmmmmmmmmmmmmmmmmmmmmmmmvmmmmmmmmmmmmmmmmmmmmmmmmmmmmmmmmmmmmmmmmmmmmmmmmmmmmmmmmmmmĸĸĸmmmmmmmmmmmmmmmmmmmmmmmmmmmmmmmmmmmmmmmmmmmmmmmmmmmmmmmmmmmmmmmmmmmmmmmmm220 3420 5940
# MET
1 2 0 1 0 7 50 0 -1 4.0 0.0000 4545 4132 1860 517 2685 3615 6405 4650
# MET
3 1 0 1 0 7 50 0 -1 4.000 0 0 0 6
	 5715 1830 6855 2385 6345 3015 5235 2760 5025 2415 5280 2160
	 1 1.000 1 1.000 1 1.000
# MET>
3 2 0 1 0 7 50 0 -1 4.000 0 0 0 6
	 2310 5835 2340 7350 3570 7500 5145 4305 5850 5280 5640 7920.000 -1 -1.-1.000 -1.000 0.000
# MEd>
3 3 0 1 0 7 50 0 -1 4 0 0 0 10
	 8010 3165 6270 315 7005 4500 9135 5280 9030 5925 6885 5910
	 6525 5625 7215 4305 8325 3825 8190 3360
	 -1.000 -1.000 -1 -1.-1.000 -1.000 -1 -1.000
	 -1 -1.000
# MEd>
1 1 0 1 0 7 50 0 -1 4 1 00 1860 5280 1096 466 1860 5280 2955 5745
# Mid>
2 1 0 1 0 7 50 0 -1 4.000 0 0 0 0 0 3
	 2701 5630 2868 5463 3035 5296
# 
2 1 0 1 0 7 50 0 -1 4.000 0 0 0 0 0 3
	 805 5091 1015 4983 1225 4875
