#FIG 3.2
# C1.1
0.00
Se
-2
12
# M[>
 7
	582
	 2400 3705
# id>
2 1 0 1 0 7 50 0 -1 0 0 0 0 0 0 3
18 2819 4047 2879 4276 2939
# id>
2 1 0 1 0 7 50 0 -1 0 0 0 0 0 0 3
31 3260 3193 3488 3255 3716
# id>
2 2 0 1 0 7 50 0 -1 0 0 0 7 0 0 5
	 2700 3180 3555 3180 3555 3735 2700 3735 2700 3180
# id>
2 3 0 1 0 7 50 0 -1 0 0 0 0 0 0 22
	5 4860 5190 5415 6285 4560 5775 3975 4770 3735 4170 41 3755 4365 2895 4425 2595 4035 2715 3780 2670 3720 2595 37 2655 3840 2730 3885 2820 3915 3030 3900 3240 3765 3105 36 2880 3690 2775 3810 3105 5220 4575 4б祌# MET
5 1 0 1 0 7 50 0 -1 4 0 0 0 0 5434 3579 7545 2205 7890 3900 7530 4980
# MET
6 1 50 0 -1
1 2 0 1 0 7 50 0 -1 4.0 0.0000 4545 41 2880 3690 27 5220 4575 4T
5 1 0 1 0 7 50 0 -1 0 0 00 0 7  0 0 5434 3579 7545 2205 7890 30
# MET
6 1 50 0 -1
1 2 0 1 0 7 50 0 -1 4.0 0.0000 4545 4132 1860 517 2685 3615 6405 4650
# ME