#FIG 3.2
# C1.1
# ME>
Poit
Flush5555555555555555555555555555555555555555555555555555555555555555555555555555555555555555555555555555555555555555555555555555555555555555555555555555555555555555555555555555555555555555555555555555555555555555555555555555555555555555555555555555555555555ĘĘĘĘ555555 7 0 0 5
	 2700 3180 3555 3180 3555 3735 2700 3735 2700 3180
# id>
2 3 0 1 0 7 50 0 -1 0 0 0 0 0 0 2sss3
	 3131 3260 3193 3488 3255 3716
# id>
2 2 0 1 0 7 50 0 -1 0 0 0 7 0 0 5
	 2700 31555555555555555555555555555555555555555555555555555555555555555555555555555555555555555555555555555555555555555555555555555555555555555555555555555555555555555555555555555555555555555555555555555555555555ĘĘĘĘ555555 7 0 0 5
	 2700 3180 3555 3180 3555 3735 2700 3735 2700 3180
# id>
2 3 0 1 0 7 50 0 -1 0 0 0 0 0 0 2sss3
	 3131 3260 3193 3488 3255 3716
# id>
2 2 0 1 0 7 50 0 -1 0 0 0 7 0 0 5
	 2700 3180 3555 3180 3555 3735 2700 3735 2700 3180
# id>
2 3 0 1 0 7 50 0 -1 0 0 0 0 0 0 2sss
	 4575 4860 519 5775 3975 4770 380 3555 3180 3555 3735 2700 3735 2700 3180
# id>
2 3 0 1 0 7 50 0 -1 0 0 0 0 0 0 2sss
	 4575 4860 519 5775 3975 4770 3735 4170 4140
	 30390
	