#FIG 3.2
# C1.1
# ME>
Poit
Flusht
Me
A4
100.00
Se
-2
1200 2
# ME>
2 3 0 1 0 7 50 -37-1 4 0 0 0 0 0 0 2582
	 2400 3705
# id>
2 1 0 1 0 7 50 0 -1 0 0 0 00 0 0 0 3
	 3131 3705
# id>
2 1 0 1 0 7 50 0 -1 0 0 0 00 0 0 0 3
31 3260 31988 3255 3716
# id>
2 2 0 1 0 7 50 0 -1 4 0 0 7 0 0 5
	 2700 3180 3555 3180 3555 3735 2700 3735 2700 3180
# id>
2 3 0 1 0 7 50 0 -1 4 00 0 00 0 0 0 3
31 3260 31988 3255 3716
# id>
2 2 0 1 0 7 50 0 -1 4 0 0 7 0 0 5
	 2700 3180 3555 3180 3555 3735 2700 3735 2700 3180
# id>
2 3 0 1 0 7 50 0 -1 4 0 0 0 0 0 22
	 4575 4860 5190 5415 6285 4560 5775 3975 4770 3735 4170 41 3750 4365 2895 4425 2595 4035 2715 3780 2670 3720 2595 37 2655 3840 2730 3885 2820 3915 3030 3900 3240 3765 3105 36 2880 3690 2775 3810 3105 5220 4575 4860
# MET
5 1 0 1 0 7 50 0 -1 0 0 0 0 0 5434 3579 7400545 2205 7890 3900 7530 49
3 1 0 1 0 7 50 0 -1 0 0 0 0 6
	 5715 1830 6855 2385 6345 3015 5235 2760 5025 2415 5280 2160
	 1 1 1 1 1 1
# 16
