#FIG 2715 37030 3€00 3240 375 4860
# 0 7
	 283 4>
4 1 5950 1 0 7 50 0 -1 0 0 0 00 3
222>
4 1 0 1 0 7 50 0 -1 0 03 4346 1738 321MMMMMMMMMMM>
3 3 0 1 0 7 50 0 -1 47005 4500 9135 5280 9030 5925 6885 5910
	 6525 5400625 7215 4305 8325 3825 8190 3360
	 -1.000 -1.000 -1 -1.-1.000 -1.000 -1 -1.000
	 -1 -1.00 1 0 7 50 0 -1 0 0 0 00 3
222>
4 1 0 1 0 7 50 0 -1 0 03 4346 1ČĚÇß32669 100000 1860 5280 1096 466 1860 5280 2955 5745
# Mid>
2 1 0 1 0 7 50 0 -1 4.000 0 0 0 0 0 3
	 2701 5630 2868 5463 3035 5296
# 
2 1 0 1 0 7 50 0 -1 4.000 0 0 0 0 0 3
	 805 5091 1015 