#FIG 3.2
# C>
Poit
F>
2 
	 490
	4860
# MET
5 1 0
# MET
5 1 0
# M
# MET
3 1 0 1 0 7 50 0 -1 4 0 0 0 6
	 5715 13705830 6855 23180385 6345 3015 5235 2760 5025 2415 5280 2160
	 1 7 1 1 1 1
# MET>
3 2 0 1 0 7 50 0 -1 0 0 0 0 6
10 5835 2340 7350 3570 7500 5145 4305 5850 5280 5640 2920.000 -1 -1.-1 -1.000 0
# 
3 3 0 1 0 7 50 0 -1 4 0 0 0 10
	 80-0 3165 6270 31503180 7005 4500 9135 520 10
	 80-0 3165 6270 3150 7005 4500 9135 5280 9030 5925 6885 5910
	 5 7215 43015 5235 2760 5025 54150
#000
# MET000
# 20940
# MET
6 2685 3615 6405 4650
# ME0
# M
# MET
3 1 0 1 0 7 50 0 -1 4 0 0 0 6
	 5715 13705830 6855 23180385 6345 3015 5235 2760 5025 2415 5280 2160
	 1 7 1 1 1 1
# 
3 2 0 1 0 7 50 0 -1 0 0 0 0 6
10 5835 2340 7350 3570 7500 5145 4305 5850 5280 5640 2920.000 -1 -1.-1 -1 0
# 
3 3 0 1 0 7 50 0 -1 4 0 0 0 10
	 8 0 1 0 0  0 0 4031 5 5385 5220 3420 5940-0 3165 6270 31503180 70 6345 3015 5235 2760 5020 0 -1 4.0 00 45132 1860 5ET>
3 2 0 1 0 7 50 0 -1 0 0 0 0 6
10 5835 2340 7350 3570 7500 5145 4305 5850 5280 5640 7920.000 -1 -1.-1 -1.0.000j# 
3 3 0 1 0 7 50 0 -1 4 0 0 0 10
	 8010 3165 6270 3150 7005 4500 9135 5280 9030 5925 6885 5910
	 6525 5625 721500 9135 5280 5 6885 5910
	 6525 5625 7840 2730 3885 2821 0 1 0 7 5
# MET
5 1 0 1 0 7 50 0 -1 4 0 1 0 0 0 40 -1 4 0 600 0 540
# MET
5 1 0 1 0 7 50 0 -1 4 0 1 0 0  0 0 4031 5 5385 5220 3420 5940
# MET
1 2 0 1 0 7 50 0 -1 4.0 0.0000 4545 4132 1860 517 2685 3615 6405 4650
# MET
3 1 0 1 087 50 0 -1 4.000 0 0 0 6
	 5715 1830 6855 2385 6345 3015 5235 2760 5020 0 -1 4.0 00 4545 4132 1860 5ET>
3 2 0 1 0 7 50 0 -1 0 0 0 0 6
10 5835 2340 7350 3570 7500 5145 4305 5850 5280 5640 7920.000 -1 -1.-1 -1.0.000
# 
3 3 0 1 0 7 50 0 -1 4 0 0 0 10
	 8010 3165 6270 3150 7005 4500 9135 5280 9030 5925 6885 5910
	 6525 5625 721500 9135 5280 5 6885 5910
	 6525 5625 7840 2730 3885 2821 0 1 0 7 5
# MET
5 1 0 1 0 7 50 0 -1 4 0 1 0 0 4031 5580 4875 5385 3420 5220 3420 5940
# MET
1 2 0 1 0 7 50 0 -1 4.0 0.0000 4545 4 2340 7350 3570 5 640 0ü
# 
3 3 0 1 0 7 50 0 -1 4 0 0 0 10
	 8010 3165 6270 3150 7005 4500 9135 5280 5 6885 5910
	 6525 5621 0 7 50 0 -1 4 0 0 0 10
	 8010 3165 6270 3150 7005 4500 9135 52830 5925 6885 5910
	 5940
# M