 4 0 0 0 6
0 4 0 0 0 6
0 0 0 6
0 4 0 0 6 4 0 0 0 0 6
0 4 0 0
0 0 0 6
0 6
	0 4 0 0 0 6	0 4 0 0 6
4 0 6
0 0 4 0 0 0 66
 4 0 0 6
0 4 0 0.0 6
0 0 0 6
0 6
	0 4 0 0 0 6	0 4 0 0 6
0 4 0 0 0 6 0 0 6
0 6
	0 4 0 0 0 6	0 4 0 0 0 66
 4 0 0 0 0 6 4  0 0 0 6 0 0 0 6
0 4 0 0
0 64 0 0 0 66
 4 00 0 6	0 4 0 0 6
0 4 0 0 0 6
0 6
	0 6
0 4 0 0 0 6
0 0 0 6
0 4 0 0 0 0 0 0 6 4 0 0 0 0 6
0 4 0 0.0 6
0 0 0 6
0 6
	0 4 0 0 0 6	0 4 0 0 6
4 0 0 0 6
0 4 0 0 0 6
0 6
0 0 6
0 6
	0 4 0 0 0 4 0 0 0 0 0 0 6
0 0 0 6
0 6
	0 4 0 90 4 0 0 0 66
 4 0 0 0 0 6
0 4 0 0.0 6
0 0 0 6
0 6
	0 4 0 0 0 6	0 4 0 0 6
0 4 0 0 0 6 0 0 6
6
0 4 0 0 0 6 0 0 6
0 6
	0 4 0 0 0 6	0 4 0 0 0 66
 4 0 0 0 0 6 4 0 0 6
0 4 0 0
0 6
	0 6	0 4 0 0 0
0 64 0 0 0 4 0 0 0  0 0 0 6	0 4 0 0 6
0 4 0 0 0 6
0 6
	0 6
0 4 0 0 0 6
0 0 0 6
0 640 4 0 0 0 0 0 0 6 4 0 0 0 0 6
0 4 0 0.0 6
0 0 0 6
0 6
	0 4 0 0 0 6	0 4 0 0 6
4 0 0 0 6
0 4 0 0 0 6
0 6
0 0 6
0 6
	0 4 0 0 0 4 0 0 0 0 0 0 6
0 0 0 6
0 6
	0 4 0 0  690 4 0 0 0 66
 4 0 0 0 0 6
0 4 0 0.0 6
0 0 0 6
0 6
	0 4 0 0 0 6	0 4 0 0 6
0 4 0 0 0 6 0 0 6
0 6
	0 4 0 0 0 6	0 4  4 0 0 0 66
 4 0 0 0 0 6 0 0 0 6
0 4 0 0
0 64 0 0 0 0 6	0 4 0 0 0 66
 4 0 0 0 0 6 4 0 0 6
0 4 0 0
0 6
	0 4 0 0 
 4 0 0 0 0 6 0 0 06
0 4 0 0
0  4 0 06 4 0 0 6
0 4 0 0
0 6
	0 4 0 0 
 4 0 0 0 0 6 0 0 06
0 4 0 0
0  4 0 0 0 66
 4 0 0 0 0 6 4 0 0 04 0 0 0 66
 4 0 0 0 0 6 4 0 0 6
0 4 0 0
0 6
	0 6	0 4 0 0 0 66
 4 0 0 0 0 6 0 0 0 6
0 4 0 0
0 64 0 0 0 66
 4 0 0 0 6 4 0 0 6
0 4 0 0
0 6
	0 4 0 0 
 4 0 0 0 0 6 0 0 06
0 4 0 0
0  4 0 0 0 66
 4 0 0 0 0 6 4 0 0 
 4 0 0 0 0 6 4 0 0 6
0 4 0 0
0 64 0 0 0 66
 4 0 0 0 0 6 0 0 0 6
0 4 0 0
0 6
	0 0 0 66
 4 0 0 0 0 6 0 0 0 6	