#FIG 3.# MET
71
40
# MET
6 250
# MET
3 1 0 1 0 7 50 0 -1 4 0 0 0 6
45 3015 5235 5910
	 6525 5625 7215 4305 5 3615 6405 4650
# MET
3 1 0 1 0 7 50 0 -1 4 0 0 0 6
45 3 55959 6 0 0 5574 0 0 00 6 35500 5 0 5 4 2 0 557# MET
3 1 0 1 0 7 50 0 -1 4 0 0 0 6
45 3015 5235 59 6525 5625 7215 4305 5 3615 6405 4650
# MET
3 1 0 1 0 7 50 0 -1 4 0 0 0 6
5  5 0 5 4 2 0 5574 0 0 00 6 35537050 594 0 0 250
# MET
3 1 0 1 0 7 50 0 -1 4 0 0 0 6
45 3015 5235 59 6525 5625 7215 4305 5 3615 6405 4650
# MET
3 1 0 1 0 7 50 0 -1 4 0 0 0 6
5 6345 3 5 6 0 0 5574 0 0 00 6 35500 5 0 5 4 2 0 557 0 00 6 35537050 5944 0 0 5574 0 0 0035500 5 0 5 4 0 0 5574