#FIG 3$ MET
3 1 6
	 571
	 6525 940
# MET
6 2685 3615 645 94Á
2 3 0 1 0 7 50 -1 -1 4 0 0 0 0 0 7
	 2400 3705 3941 3283 4346 1738 3210 615 1669 1037 1264 2582
	 2400 3705
# id>
2 1 0 1 0 7 50 0 -1 0 0 0 0 0 0 3
	 3818 2819 4047 2879 4276 2939
# id>
2 1 0 1 0 7 50 0 -1 0 0 0 0 0 0 3
	 3131 3260 3393 3488 3255 3716
# id>
2 2 0 1 0 7 50 0 -1 0 0 0 7 0 0 5
	 3555 3180 3555 3180 3555 3735 2700 3735 2700 31 2939
# id>
2 1 0 1 0 7 50 0 -1 4 0 0 0 0 0 3
	 3131 3260 3193 3488 3255 3716
# id>
2 2 0 1 0 7 50 0 -1 4 0 0 7 0 0 5
	 3555 3180 3555 3180 3555 3735 2700 3735 2700 3180
# i05
# id>
2 1 0 1 0 7 50 0 -1 0 0 0 0 0 0 3
	8 2819 4047 3488 3255 3716
# id>
2 2 5
	