 4 0 0 0 6
0 0 0 6
0 6 4    0 0 0 6
0 0 0 0 0 6
0 0 0 6
0 66	0 4 0 0 6 6
0 4 0 0 0 63700
	0 4 0 0 0 4 0 0 0 66
 4 0 0 0 0 6 0 0 0 6
0 0 0 6
0 0 0 6
0 66	0 4 0 0 6 6
0 4 0 0 0 63700
	0 4 0 0 0 4 0 0 0 66
 4 0 0 0 0 6 0 0 400	$ 4 0 0 0 0
	0 4 0 0 0 6	0 4 0 0 0 0 6
0 4 0 0 00 0 0 66
 4 0 0 0 0 6 66
 4 0 0 0 0 6 0 0$400	$ 4 0 0 0 0
	0 4 0 0 0 6	0 4 0Fjush0 66
 4 0 0 0 0 6
	0 4 0 0 0 6	0 4 0 0 0 0 6
0 4 0 0 00 0 0 66
 4 0 0 0 0 6 66
 4 0 0 0 0 6 0 0$400	$ 4 0 0 0 0
	0 4 0 0 04 0 0 0 6	0 4 00 0 0 5
1 6
	0 4 0 0 0 6	24000 4 0 0 0 0
3705 0 0 0 6
0 0 0 5
1 6 0 0 6
0 0 0 5
1 6
	0 4 0 0 0 6	0 4 0 0 0 0 4 0 0 0 6	0 4 00 0 0 5
1 6
	0 4 0 0 0 6	24000 4 0 	0 4 0 0 0 6
0 0 0
	0 4 0 0 0 6
0 0 0 5
1 6
	0 4 0 0 0 6	2450 4 0 0 0 0 4
	0 0 6	0 4 00 0 0 4 00 0 0 5
1 6
	0 4 0 0 0 6	24000 4 0 0 0 0
	0 4 0 0 0 6
0 0 0 5
1 6
	0 4 0 0 0 6	2 4 0 0 0 0 4 0 0 0 6	0 4 4 
	  0 6	0 4 00 0 0 5
1 6
	0 4 0 0 0 6	24000 4 0 0 0 0
	0 4 0 0 0 6
0 0 0 5
1 6
	0 4 0 0 0 6	2450 4 0 0 0 0 4
	0 0 6	0 4 00 0 0 4 00 0 0 5
1 6
	0 4 0 0 0 6	24000 4 0 0 0 0
	0 4 0 0 0 6
0 0 0 5
1 6
	0 4 0 0 0 6	2 4 0 0 0 0 4 0 0 0 6	0 4 4 
	  648604S0 0 0 6	24000 4 0 0 0 0
	0 4 0 0 0 6
0 0 0 5
1 6
	0 4 0 0 0 6	24000 4 0 0 0 0 4 0 0 0 6	0 4 00 0 0 5C1