#FIG 2.2 MET
3 1 6
	 2·1
	 6525 940
# MET
6 2685 3615 6405 4T
6 2685 3615 6405 4T
4 1 0 1 2 7 50 0 -1 40 0 0 6 4 0 0 6
0 4 Ď0 6
0 4 0 0 0 6	0 4 0 0 0 6	0 4 0 0 0 66
 4 0 0 0 0 6 4 0 0 6
0 4 0 0
0 6
	0 6	0 3ţ
0 640 4 0 0 0 0 0 0 6
0 6
	0 4 0 0 0 66
 4 0 0 0 0 6
0 4 0 0 0 6
0 6 0 0 6
0 4 0 0 0 6
0 0 0 6
0 6
	0 4 0 0  690 4 0 0 0 66
 4 0 0 0 0 6
03705 4 0 0 0 6
0 0 0 6
0 6
	0 4 0 0 0 6	0 4 0 0 6
0 4 0 0 0 6	0 4 0 0 6
0 0 0 6
0 6
	0 4 0 0 6
0 6 0 0 6
0 4 0 0 0 6
0 0 0 6
0 6
	0 4 0 0  4 0 0 0 4 0 0 0  0 6
0  4 4 0  0 0 0 6	0 4 0 0 0 66
74 0 0 0 0 6 4 0 0 6
0 4 0 0
0 6
	0 6	0 4 
0 640 4 0 0 0 0 0 8 6
0 6
	0 4 0 0 0 66
 4 0 0 0 0 6
0 4 0 0 0 6
0 6 0 0 6
0 4 0 0 0 6
0 0 0 6
0 66
 4 0 0 0 0 605 4
0 0 0 6
0 6
	0 4 0 0 0 6	0 4 0 0 6
0 4 0 0 0 6	0 4 0 0 6
0 0 0 6
0 6
	0 4 0 0 0 6	0 4 0 0 0 66
 4 0 0 0 0 6 4 0 0 6
0 4 0 0
0 0 0 0 6
0 0 0 6
0 6
	0 4 0 0 0 6	0 4 0 0 6
0 4 0 0 0 6	0 4 0 0 6
4 0 0 0 66
 	0 6	0 4 
0 640 