#FIG 3.# MET
3 1 6
	 571
	 6525 940
# MET
6 2685 3615 6405 4650
# MET
3 1 0 1 0 7 50 6	0 4 0 0 0 66
 4 0 0 0 0 6 4 0 0 6
0 4 0 0
0 6
	0 4 0 0 0 6	04 0 0 0 6 0 0 6
0 4 0 0 0 6
0 0 0 6
0 6
	0 4 0 0  690 4 0 0 0 66
 4 0 0 0 0 6
0 4 00 0 0 6 4 0 0 6
0 4 0 0
0 6
	0 4 0 0 0 6	04 0 0 0 6 0 0 6
0 4 0 0 0 6
0 0 0 6
0 6
	0 4 0 0  690 4 0 0 0 66
 4 0 0 0 0 6
0 4 0 0 0 6
0 0 0 6
0 6
	0 4 0 0 0 6	0 4 0 0 6
0 4 0 0 0 6	0 4 0 0 6
0 0 0 6
0 6
	0 4 0 0 0 6	0 4 0 0 0 66
 4 0 0 0 0 6 4 0 0 6
0 4 0 0
0 6
	0 4 0 0 0 6	0 4 0 0 0 66
 4 0 0 0 0 6 0  0 0 0!66
 4 0 0 0 0 6 0 0 0 6	0 4 0 6 4 00 6
	0 4 0 0 0 6	0 4 0 0 0 6
0 0 0 6
0 6
	0 4 0 0 0 6	0 4 0 0 6
0 4 0 0 0 6	0 4 0 0 6
0 0 0 6
0 6
	0 4 0 0 0 6	0 4 0 0 0 66
 4 0 0 0 0 6 4 0 0 6
0 4 0 0
0 6
	0 4 0 0 0 6	0 4 0 0 0 66
 4 0 0 0 0 6 0  0 0 0 66
 4 0 0 0 0 6 0 0 0 6	0 4 0 6 4 00 6
	0 4 0 0 0 6	0 4 0 0 0 66
 4 0 0 0 0 6 0 0 0