 4 0 0 0 6
0 4 0 0 0 6
0 0 0 6 6
0 4 0 0 0 6
0 6 0 0 6
0 4 0 0 0 6
0 0 0 6
0 6
	0 4 0 0  4 0 0 0 4 0 0 0 0 6
0 4 0 0 0 6
0 0 0 6
0 6
	0 4 0 0 0 6	0 4 0 0 6
0 4 0 0 0 6	0 4 0 0 6
0 4 0 0 0 6
0 7050 0 0 6	0 4 0 0 0 66
 4 0 0 0 0 6 4 0 0 6
0 4 0 0
0 6
	0 6	0 4 
0 640 4 0 0 0 0 0 0 6
0 6
	0 4 0 0 0 4 0 0 0 0 6
0 4 0 0 0 6
0 0 0 0 6
0 4 0 0 0 6
0 0 0 6
0 6
	0 4 0 0  69   6
0 4 0 0 0 6	0 4 0 0 6 0 0 0 6
0 6
	0 4 0 0 0 6	0 4 0 0 0 66
 4 0 0 0 0 6 4 0 0 6
0 4 0 0
0 6
 0 0 0 66
 4 0 0 0 0 6 0 00 4 0 0 0 66
 4 0 0 0 0 6 0 0 0 6	0 4 