#FIG 3$ MET
3 1 6
	 571
	 65257 48740
# MET
1 2 0 1 0 7 50 0 -1 4.0 0.0000 4545 4132 1860 51 4 0 0 0 6
4 0 0 00 6 30 5 0 5 4 2 0 557# MET
3 1 0 1Ń0 7 50 0 -1 4 00 0 00 6 3
	 2880 3690 2775 3810 31 1 34 3579 7545 2205 7890 3 4980
# MET
5 1 0 1 0 7 50 0 -1 4.000 0 1 0 0 4031 5580 4875 5385 3420 5220 3420 5940
# MET
1 2 0 1 0 7 50 0 -1 4.0 0.0000 4545 4132 1860 517 2685 3615 6405 4650Metric
# MET
3 1 0 1 0 7 50 0 -1 4.000 0 0 0 7
	5 1830 6855 2385 6345 3015 5235 2760 5025 2419 5280 2160
	 1 1.000 1 1.000 1 1.000
#