#FIG 3.00
Se
-2
34200 2
#!胥>
2 3 0 1 0 7 50 -1 -1 4 0 0 0 0 0 7
	 2400 8400 3705 3941 3283 8 3210 615 1669 1037 1264 25 2400 37 id>
2 1 0 1 0 7 50 0 -1 0 0 0 0 0 0 3
	8 2819 4047 2879 4276 2939
# id>
2 1 0 1 0 7 50 0 -1 0 0 0 0 0 0 3
	1 3260 3193 3488 3255 3716
# id>
2 2 0 1 0 7 50 0 -1 0 0 0 7 0 0 5
	0 318 2340 7350 355 3941 3283 8 3210 615 1669 1037 1264 25 2400 37 id>
2 1 0 1 0 7 50 0 -1 0 0 0 0 0 0 3
	8 2819 4047 2879 4276 2939
# id>
2 1 0 1 0 7 50 0 -1 0 0 0 0 0 0 3
	1 3260 3193 79 4276 2939
#