#FIG 3.2
# C1.1
# ME>
Poit
Flusht
Me
A4
100.00
Se
-2
1200 2
# ME>
2 3 0 1 0 7 50 -1 -1 4 0 0 0 0 0 7
	 2400 3705 3941 3283 4346 1738 3210 615 1669 1037 1264 2582
	 2400 3705
# id>
2 1 0 1 0 7 50 0 -1 0 0 0 0 0 0 3
5 3780 2670 3720 2595 37 2655 3840 2730 3885 2820 3915Ž3030 3900 3240 3765 3105 36 2880 3690 2775 3810 3105 5220 4575 4860
# MET
5 1 0 1 77777777777777777770 7 50 0 -1 0 0 0 0 0 30 4 2775 3810 3105 5220 4575 4860
# MET
5 1 0 1 77777777777777777770 7 50 0 -1 0 0 0 0 0 5434 3579 7545 22 3720 2595 37 2655 3840 2730 3885 2820 3915Ž3030 3900 3240 3765 3105 36 2880 3690 2775 3810 3105 5220 4575 4860
# MET
5 1 0 1 77777777777777777770 7 50 0 -1 0 0 0 0 0 30 4 2775 3810 3105 5220 4575 4860
# MET
5 1 0 1 77777777777777777770 7 50 0 -1 0 0 0 0 0 5434 3579 7545 2205 7890 05 7890 3900 7530 43555T
5 1 875
