#FIG 3.2
# C1.1
# ME0 3
716
# id>
2 0 5
00 3180
# id>
2 
	 440
	48 MET
5 1 0
# MET
6 1 50 0 -1
1 2 0 1 0 7 50 0 -1 4.0 0.0000 4545 41 2880 3690 27 5220 4575 4T
5 1 0 1 0 7 50 0 -1 0 0 0 0 0 5434 3579 7545 2205 7890 3900 7530 4980
# MET
6 1 50 0 -1
1 2 0 1 0 7 50 0 -1 4.0 0.05 4650 0 7 50 00 3900 7530 4980
# MET
6 1 50 0 -1
1 2 0 1 0 7 50 0 -1 4.0 0.0000 4545 41 2880 3690 27 5220 4575 4T
5 1 0 1 0 7 50 0 -1 4.000 0 0 0 0 5434 3579 7545 2205 7890 3900 7530 4980
# MET
6 1 50 0 -1
1 2 0 1 0 7 50 0 -1 4.0 0.05 4650 0 7 50 00 7 0 0 5
	 2700id>
