#FIG 210 615 1669 1037 1264 2582
	 2400 37052685 3615 6405 4650
# MET
3 1 0 1 0 7 50 6	0 4 0 0 0 66
 4 0 0 0 0 6 4 0 0 6
0 4 0 0
0 6
	0 4 0 0 0 6	04 0 0 0 6 0 0 6
0 4 0 0 0 6
0 0 0 6
0 6
	0 4 0 0  690 4 0 0 0 66
 4 0 0 0 0 6
0 4 00 0 0 6 4 0 0 6
0<4 0 0
0 6
	0 4 0 0 0 6	04 0 0 0 6 0 0 6
0 4 0 0 0 6
0 0 0 6
0 6
	0 ﺯ,0 0  690 4 0 0 0 66
 4 0 0 0 0 6
0 4 0 0 0 6
0 0 0 6
0 6
	0 4 0 37356	0 4 0 0 6
0 4 0 0 0 6	0 4 0 $ 6
0 0 0 6
0 6
	0 4 0 0 0 6	0 4 0 0 0 66
 4 0 0 0 0 6ﮮ3 0 0 6
0 4 0 0
0 6
	0 4 0 0 0 6	0 4 0 0 0 66
 4 0 0 0 0 6 0  0 0 0!66
 4 0 0 0 0 6 0 0 0 6	0 4 0 6 4 00 6
	0 4 0 0 0 6	0 4 0 0 0 6
0 0 0 6
0 6
	0 4 0 0 0 6	0 4 0 0 6
0 4 0 0 0 6	0 4 0 0 6
0 0 0 6
0 6
	0 4 0 0 0 6	0 4 0 0 0 66
 4 0 0 0 0 6 4 0 0 6
0 4 0 0
0 6
	0 4 0 0 0 6	0 4 0 0 0 66
 4 0 0 0 0 6 0  0 0 0 66
 4 0 0 0 0 6 0 0 0 6	0 4 0 6 4 00 6
	0 4 0 0 0 6	0 4 0 0 0 66
 4 0 0 0 0 6 0 0 0