#FIG 3.2
# C1.7
# ME>
Poit
Flusht
Me
A4
100-ﻭ0
Se
-2
1200 2
# E>
2 3 0 1 0 7 50 -1 -1 4 0 0 0 0 0 7
	 2400 3705 3941 3283 4346 1738 3210 615 1669 1037 1264 2582
	 2400 3705
# id>
2 1 0 1 0 7 50 0 -1 0 0 0 0 0 0 3
	 3818 2819 4047 2879 4276 2939
# id>
2 1 00 5945 4 05 4 0 0 4 0 0 5 0 5 4 6 3 0T
3 1 0 7  4T
3 0 5 2 5 4 0 0 5574 0 0 00 6 00 5 0 5 4 2 0 5574 0 0 00 6 355 0 4 0 0 5 0 5 4 0 0 5574 0 0 00 6 35500 5 0 5 4 2 0 5574 0 0 00 6 35535 4 0 5574 0 0 00 6 3550 5945 4 05 4 0 0 4 0 0 5 0 5 4 0 0 5574 0 0 00 6 3545500 5 0 5 4 2 0 5574 0 0 00 6 35537050 005945 4 3550 5945 40 5945 4 00 00 6 35 5574 0 