 4 0 0 0 6
0 0 0 5
0 6
	0 4 0 0 0 6
	0 4 0 0 0 6
0 0 0 5
1 6
	0 4 0 0 0 6	24000 4 0 0 0 0 4 0 0 0 6	00 6
0 0 0 5
0 6
	0 4 0 0 0 6
	0 4 0 0 0 6
0 0 0 5
1 6
	0 4 0 0 0 6	24000 4 0 0 0 0 4 0 0 0 6	0  0 0 0 6
0 1 6
	0 4 0 0 0 6	24000 4 0 0 0 0
3705 0 6
0 0 0 5
1 6 0 0 6
0 0 0 5
1 6
	0 4 0 0 0 6	0 4 0 0 0 0 4 0 0 0 6	0 4 00 0 0 5
1 6
	0 4 0 0 0 6	24000 4 0 0 0 0
	0 4 0 0 0 6
0 0 0 5
1 6
	0 4 0 0 0 6	2450 4 0 0 0 0 4
	0 0 6	0 4 000 0 0 0 4 0 0 0 6	0 4 4 
	  6
	0 4 0 0 0 6	2 4 0 0 0 0
	0 4 0 0 0 6
0 0 0 5
1 6
	0 4 0 0 0 6	24000 4 0 0 0 0 4 0 0 0 6	0 4 00 0 0 5C