#FIG 2.2 MET
3 1 6
	 2ﺓ1
	 6525 940
# MET
6 2685 3615 6405 4T
4 1 0 1 2 7 50 0 -1 40 0 0 4 00 6
0 4 0 0 0 6	0 4 0 0 0 6	0 4 0 0 0 66
0 0 0 6
0 0 0 6
0 6
	0 4 0 0 0 6
 4 0 0 0 0 6
0 4 0 0.0 6
0 0 0 6
0 6
	0 4 0 0 0 6	0 4 0 0 6
< 4 0 0 0 6 0 0 6
0 6
	0 4 0 0 0 6	0 4 0 0 0 66
 4 0 0 0 0 6 4 0 0 6
0 4 0 0
0 6
	0 6	0 4 4 0 0
0 64 0 0 0 4 00 0 6	0 4 0 0 6
0 4 0 0 0 6
0 6
 0 0 0 0 6
0 4 0 0.0 6
0 0 0 6
0 6
	0 4 0 0 0 6	0 4 0 0 6
4 0 0 0 6
0 4 0 0 00 64 0 0 0 66
 4 0 0 0  0 0 0 6	0 4 0 0 6
0 4 0 0 0 6
0 6
	0 6
0 4 0 0 0 6
0 0 0 6
0 640 4 0 0 0 0 0 0 6 4 0 0 0 0 6
0 4 0 0.0 6
0 0 0 6
0 6
	0 4 0 0 0 6	0 4 0 0 6
4 0 0 0 6
0 4 0 0 0 6
0 6
0 0 6
0 6
	0 4 0 0 0 66
 4 0 0 0 0 0 0 6
0 0 0 6
0 6
	0 4 0 0  690 4 0 0 0 66
 4 0 0 0 0 6
0 4 6
 4 0 0 0 0 6 0 06	0 4 0 0 6
0 4  0 0 0 6	0 4 0 0 0 66
 4 0 0 0 0 6 4 0 0 6
0 4 0 0
0 6
	0 4 0 0 
 4 0 0 0 0 ﹽﹽﹽ0 06
0 4 0 0
0  4 0 0 0 66
 4 0 0 0 0 6 4 0 0 0 6	0 4 0 0 0 66
 4 0 0 0 0 6 4 0 0 6
0 4 0 0
0 64 0 0 0 66
 4 0 0 6	0 4 0 64 0 06
0 4 0 0
0 6
	0 4