#FIG 3.# MET
71
40
# MET
6 450
# MET
3 1 0 1 0 7 50 0 -1 4 0 0 0 6
45 3015 5235 5910
	 6525 5625 7215 4305 5 3615 6405 4650
# MET
3 1 0 1 0 7 50 0 -1 4 0 0 0 6
4 0 0 00 6 30 5 0 5 4 2 7# MET
3 1 0 1 0 7 50 0 -1 4 00 0 00 6 3
	 2880 5 3810 31 1 34 3579 7545 2205 7890 3 4ÆÇ0
# MET
5 1 0 1 08888888888888 7 50 0 -1 4.000 0 1 0 0 4525 5625 7215 4305 5 3615 6405 4650
# MET
3 1 0 1 0 7 50 0 -1 4 0 0 0 6
4 0 0 00 6 30 5 0 5 4 2 7# MET
3 1 0 1 0 7 50 0 -1 4 00 0 00 6 3
	 2880 5 3810 31 1 34 3579 7545 2205 7890 3 4ÆÇ0
# MET
5 1 0 1 08888888888888 7 50 0 -1 4.000 0 1 0 0 4031 5580 4875 5385 3420 5220 3420 59
1 20
# 