#FIG 3.# MET
3 1 6
	 2ｷ1
	 6525 940
# MET
6 2685 3615 6405 4T
3 1 0 1 0 7 50 0 -1 4 0 0 05 4T
3 0 0 0 6
015 5235 591 525 5625 72605 05 4T
3 1 0 1 0 7 50 0 -1 4 0 0 05 4T
3 0 0 0 6
45 3 591 55 5625 72605 05 4T
3 1 0 1 0 7 50 0 -1 4 0 0 05 4T
3 0 0 0 6
45 3 591 525 5625 7266
 4 0 0 0 0 6 0 0 400	$ 4 0 0 0 0
	0 4 0 0 0 6	0 4 0 0 0 0 6
0 4 0 0 00 0 0 66
 4 0 0 0 0 6 66
 4 0 0 0 25 5625 7266
 4 0 0 0 0 6 0 0 400	$ 4 0 0 0 0
	0 4 0 0 0 6	0 4 0 0 0 0 6
0 4 0 0 00 0 0 66
 4 0 0 0 0 6 66
 4 0 0 0 0 6 0 0$400	$ 4 0 0 0 0
	0 4 0 0 0 6	0 4 0Fjush0 66
 4 0 0 0 0 6
	0 4 0 0 0 6	0 4 0 0 0 0 6
0 4 0 0 00 0 0 66
 4 0 0 0 0 6 66
 4 0 0 0 0 6 0 0$400礛ﾟﾋ 0 0 0 0
	0 4 0 0 0 6	0 4 0Fjush0 66
 4 0 0 0 0 6 0 0 0 6	$