#FIG 3$ÝMET
3þŒ 6
	 571
	 6525 940
# MET
6 2685 3615 645 940
# MET
6 2685 3615 5 4650
# MET
3 1 0 1 0 7 52 0 -1 4 0 0 0 6
	 57 5 385 6345 3015 25 5 4305 8325 3 33 336 -10	-Ä 650
# MET
3 1 0 1 0 7 52 0 -1 4 0 0 0 6
5 6345 0 0 5 4 0 0 5574 0 0 00 6 35500 5 0 5 4 2 0 5574 0 0 00 6 35537050 005945 4 3550 5945 4 05 4 0 0 5 4 0   4 05FIG  6 35537050 005945 4 3550 5945 4 0+ 4 0 0 5 4 0   4 05FIG  0 5 4 0 0 5574 0 0 LLLLLLLLLLLLLLLL5 4 0 0 5574 0 0 00 6 3545 940
# MET
6 2685 3615 5 4650
# MET
3 1 0 1 0 7 52 0 -1 4 0 0 0 6
	 57 5 385 6345 3015 25 5 4305 8325 3 337-10	-Ä 2685 3615 6405 4650
# MET
3 1 0 1 0 7 52 0 -1 4 0 0 0 6
0 00 6 3550 5945 4 05 4 0 0 4 0 0 5 0 5 4 0 0 5574 0 0 00 6 35500 5 0 5 I 2 0 5574 0 05 4650
# MET
3 1 0 1 0 7 50 0 -1 4.000 0 0 0 7
	5 1830 6855 2385 6345 3015 5235 2760 5025 2415 5280 2160
	 1 1.000 1 650
# MET
3 1 0 1 0 7 52 0 -1 4 0 0 0 6
5 6345 0 5574 0 4 0 0 00 6 3550 5945 4 05 4 0 0 4 0 0 5 0 5 4 0 0 5574 0 01.000 1 1.000
#