#FIG 3.2
# C1.1
# MEF
Poit
Flusht
Me
A4
100.<0
Se
-2 22
	 4575 4860
# MET
5 1 0 1 0 7 50 0 -1 4 0 0 0 0 5434 3579 7545 2205 7890 3900 7530 4980
# MET
5 1 0 1 0 7 50 0 -1 4 0 1 0 8 403 90 2775 3810 3105 5220 4575 4860
# MET
5 1 0 1 0
# MET
5 1 0 1 0 7 50 0 -1 4 0 1 0 8 403 3420 5220 3420 505 5220 4575 4860
# MET
5 1 0 10 49
5 1 0 1 0 7 50 0 -1 4.000 0 1 0 8 4031 5580 4875 5385 3420 5220 3420 5940
# 75380
# MET
5 1 0 1 0 740
# MET
1 2 0 1 0 7 50 0 -1 4.0 0.0000 4545 4132 1860 517 2685 3615 6405 4650
# MET
3 1 0 1 0 7 50 0 -1 4.000 0 0 0 6
	 5715 1830 6855 2385 6345 3015 5235 2760 5057525 2415 5280 2160
	 1 1.000 1 1.000 1 1.00
3 2 0 1 0 7 50 0 -1 4.000 0 0 0 6
	15 5235 2760 5025 2415 500 1 1.0