#FIG 3.00
Se
-2
34200 2
# ME>
2 3 0 1 0 7 50 -1 -1 4 0 0 0 0 0 7
	 2400 3705 3941 3283 4346 1738 3210 615 1669 1037 1264 2582
	 2400 3705۲ id>
2 3 0 1 0 7 50 -1 -1 4 0 0 0 0 0 7
	 2400 3705 3941 3283 4346 1738 3210 615 1669 1037 1264 2582
	 2400 3705>
2 1 0 1 0 7 50 0 -1 0 0 0 0 0 0 3
18 2819 4047 2879 4276 29;9
# id>
2 1 0 1 0 7 50 0 -1 0 0 0 0 0 0 3
31 3260 3193 3488 3255 3716
# id>
2 2 0 1 0 7 50 0 -1 0 0 0 7 0 0 5
00 318 200 7350 3570 5 4305 5850 5280 5.000 -1 -1.-1.-1.0.000
# 
3 3 0 1 0 7 50 0 -1 4 0 0 0 10
0 0 9135 5280 5 6885 59 6525 5625 72879 4 0 -1 0821 0 0 0 0 0 0 3
1 0 1 0 7 50 0 -1 0 0 0 0 0 0 3
	 3818 2819 4047 2879 4 0 -1 0 0 2 0 1 0 7 50 0 -1 4.0 0.0000 2 1860 517 2685 3615 6405 4650
# MET
3 1 0 1 087 50 0 -1 4.000 0 0 0 6
	5 1830 6855 2385 6345 3015 5235 2760 5020 0 -1 4.0 0132 1860 5ET>
3 2 0 1 0 7 50 0 -1 0 0 0 0 6
10 5835 2340 7350 3570 7500 5145 4305 5850 5280 5640 0 7 50 0 -1 4 0 0 0 10
10 3165 6270 3150 7005 4500 9135 5280 9030 5925 6885 5910
	 6525 5625 72 9135 5280 5 6885 5910
	 388ET
5