4 0 0 00 6 3550 5945 4 05 4000 0 5574 0 0 00 6 3550 5945 4 3550 5 4 0 0 5 4 0 0 5574 0 0 00 6 35500 5 4 0 6
0 0 0 6
0 0 0 6
0 66	0 4 0   4 0 0 0 4 0 0 0 66
 4 0 0 0 0 6 0 0 0 6
0 0 0 6
0 0 0 6
0 66	0 4 0  0 000 4 0 0 0 0 4 0 0 0 6	0 4 00 0 0 5
1 6
	0 4 0 0 0 6	24000 4 0 0 0 0
3700 0 6
0 0 0 5
1 6 0 0 6
0 0 0 5
1 6
 0 0 0 6 0 0 0 0 4 0 0
	0 4 0 0 0 6
	0 4 0 0 0 6
0 0 0 5
1 6
	0 4 0 0 0 6	24000 4 0 0 0 0 4 0 0 0 6	00 6
0 0 0 5
0 6
	0 4 0 0 0 6
	0 4 0 0 0 6
0 0 0 5
1 6
	0 4 0 0 0 6	24000 4 0 0 0 0 4 0 0 0 6	0 4 00 0 0 5
1 6
	0 4 0 0 0 6	24000 4 0 0 0 0
3705 0 6
0 0 0 5
1 6 0 0 6
0 0 0 5
1 0 0 0 0
	0 4 0 4 00 0 0 5
1 6
	0 4 0 0 0 4 0 0 0 0
3705 0 6
0 0 0 5
1 6 0 0 6
0 0 0 5
10 4 0 0 0 6	0 0 0 0 4 0 0
	0 4 0 0 0 6
	0 4 0 0 0 6
0 0 0 5
1 6
	0 4 0 0 0 6	24000 4 0 0 0 0 4 0 0 0 6	00 6
0 0 0 5
0 6
	0 4 0 0 0 6
	0 4 0 0 0 6
0 0 0 5
1 6
	0 4 0 0 0 6	2 4 0 0 0 0 4 0 0 0 6	0 4 00 0 0 5
1 6
	0 4 0 0 0 6	2 4 0 0 0 0
30 6
0 0 0 5
1 6 0 0 6
0 0 0 5
1  4 0 0 0 6	0 0 0 0 4 0 0 0 6	0 4 00 0 0 5
1 6
	0 4 0 0 0 6	2 4 0 0 0 0
	0 4 0 0 0 6
0 0 0 5
1 6
	0 4 0 0 0 6	2450 4 0 0 0 0 4
	0 0 6	0 4 00 0 盄4 00 0 0 5
1 6
	0 4 0 0 0 6	24000 4 0 0 0 0
	0 4 0 0 0 6
0 0 0 5
1 6 0 0 6
0 0 0 5
10 4 4 0 0 0 6	240 0 0
	0 4 0 0 0 6
0 0 0 5
1 6
	0 4 0 0 0 6	2450 4 0 0 0 0 4
	0 0 6	0 4 00 0 0 4 00 0 0 5
1 6
	0 4 0 0 0 6	2 4 0 0 0 0
	0 4 0 0 0 6
0 0 0 5
1 6
	0 4 0 0 0 0 6	2 4 0 0 0 0 4 0 0 0 6	0 4 00 0 0 5
1 6
	0 4 0 0 0 6	2 4 0 0 0 0
30 6
0 0 0 5
1 6 0 0 6
0 0 0 5
1  4 0 0 0 6	0 0 0 0 4 0 0
	0 4 0 0 0 6
	0 4 0 0 0 6
0 0 0 5
1 6
	0 4 0 0 0 6	24000 4 0 0 0 0 4 0 0 0 6	00 6
0 0 0 5
0 6
	0 4 0 0 0 6
	0 4 0 0 0 6
0 0 0 5
1 6
	0 4 0 0 0 6	24000 4 0 0 0 0 4 0 0 0 6	0 4 00 0 0 5
1 6
	0 4 0 0 0 6	24000 4 0 0 0 0
37 6
0 0 0 5
1 6 0 0 6
0 0 0 5
1 64 0 0 0 6	0 4 0 0 0 0 4 0 0 0 6	0 4 00 0 0 5
1 6
	0 4 0 0 0 6	24000 4 0 0 0 0
	0 4 0 0 0 6
0 0 0 5
1 6
	0 4 0 0 0 6	2450 4 0 0 0 0 4
	0 0 6	0 4 00 0 盄4 00 0 0 5
1 6
	0 4 0 0 0 6	2 4 0 0 0 0
	0 4 0 0 0 6
0 0 0 5
1 6
	0 4 0 0 0 6	2 4 0 0 0 0 4 0 0 0 6	0 4 4 0 6	0 4 00 0 0 5
1 6
	0 4 0 0 0 6	2 4 0 0 0 0
	0 4 0 0 0 6
0 0 0 5
1 6
	0 4 0 0 0 6	2450 4 0 0 0 0 4
	0 0 6	0 4 00 0 0 4 00 0 005
1 6
	0 4 0 0 0 6	24000 4 0 0 0 0
	0 4 0 0 0 6
0 0 0 5
1 6
	0 4 0 0 0 6	2 4 0 0 0 0 4 0 0 0 6	0 4 4 
	  6
	0 4