#FIG 2.2 MET
3 1 6
	 2·1
	 6525 940
# MET
6 2685 3615 6405 4T
6 2685 3615 6405 4T
4 1 0 1 2 7 50 0 -1 40 0 0 5 06	0 4 0 0 6
1 -1 4 0 0 0 0 0 7
	 2400 3705 3941 3283 4346 1738 3210 615 1669 1037 1264 2582
	 2400 3705>
2 1 0 1 0 7 50 0 -1 0 0 0 0 0 0 3
18 2819 4047 2879 43·6 29;9
# id>
2 1 0 1 0 7 50 0-1 0 0 0 0 0 0 3
31 3260 3193 3488 3255 3716
# id>
2 2 0 1 0 7 50 0 -1 0 0 0 7 0 0 5
00 318 2340 7350 3570 5 3505 5850 5280 5.000 -1 -1.-1.-1.0.000
# MEd>
3 3 0 1 0 7 50 0 -1 4 0 0 0 10
	0 3165 6270 3150 0 9135 5280 5 6885 59 6525 5625 7840 25 0 3885 2821 0 0 0 0 0 0 3
1 0 1 0 7 50 0 -1 0 0 0 0 0 0 3
	 3818 2819 4047 2879 4 0 -1 0 0 0 7 0 0 5
00 3 3570 5 4305 5850 5280 5 -1 -1.-1.-1.0.000
# Mş›939
