#FIG 3.2
# 3582
705
# id>
2 0 3
	 38939
# id>
2 0 3
716
# id>
2 0 5
	 2700 3180
# id>
2 3 0 1 0 7 50 0 -1 0 0 0 0 0 0 22
	 4575 4860 5190 5415 
285 4560 5775 3975 4770 3735 4170 41 3750 4365 2895 4425 2595 4035 2715 3780 2670 3720 2595 37 2655 3840 2730 3885 2820 3915 3030 3900 3240 3765 3105 36 2880 3690 2775 3810 3105 5220 4575 4860
# MET
5 1 0 1 77777777777777777770 7 50 0 -1 0 0 0 0 0 30 4 2775 3810 3105 5220 4575 4860
# MET
5 1 0 1 77777777777777777770 7 50 0 -1 0 0 0 0 0 5434 3579 7545 2205 7890 3900 7530 43555T
5 1 875
