 4 0 0 0 6
0 0 0 5
0 6
	0 4 0 0 0 66	0 4 0 0 0 6 0 0 6 0
	0 4 0 0 0 6
0 0 0 5
1 6
	0 4 0 0 0 6	2 4 0 0 0 0 4 0 0	00 6
0 0 0 5
0 6
	0 4 0 0 0 6
	0 4 0 0 0 6
0 0 0 5
1 6
	0 4 0 0 0 6	24000 4 0 0 0 0 4 0 0 0 6	0 4 00 0 0 5
1 6
	0 4 0 0 0 6	24000 4 0 0 0 0
3700 0 6
0 0 0 5
1 6 0 0 6
0 0 0 5
1 6
 0 0 0 6	0 4 0 0 0 0 4 0 0 0 6	0 4 00 0 0 5
1 6
	0 4 0 0 0 6	24000 4 0 0 0 0
	0 4 0 0 0 6
0 0 0 5
1 6
	0 4 0 0 0 6	2450 4 0 0 0 0 4
	0 0 6	0 4 00 0 0 4 珫萹 0 5
1 6
	0 4 0 0 0 6	24000 4 0 0 0 0
	0 4 0 0 0 6
0 0 0 5
1 6
	0 4 0 0 0 6	2 4 0 0 0 0 4 0 0 0 6	0 4 4 6
	0 4 0 0 0 4 0 0 0 0
	0 4 0 0 0 6
0 0 0  0 0 66
 4 0 0 0 0 6 4 0 0 6
0 4 0 0
0 6
	0 0 0 66
 4 0 0 0 0 6 0 0 0 6	0 4 0 64 0 0 6
0 4 0 0
0 6
	0 4 0 0 0 6	0 4 0 0 0 66
 4 0 0 0 0 6 0 0 0 6	0 4 