#FIG 3$ MET
3 1 6
	 571
	 6525 940
# MET
6 2685 3615 645 940
# MET
6 2685 3615 5 4650
# MET
3 1 0 1 0 7 52 0 -1 4 0 0 0 6
	 57 5 385 6345 3015 25 5 4305 8325 3 33 336 -10	-€ 650
# MET
3 1 0 1 0 7 52 0 -1 4 0 0 0 6
50 6
	 57 5 385 5 25 5 4305 8325 3 33 336 -10	-€ 2685 3615 6405 4650
# MET
3 1 0 1 0 7 52 0 -1 4 0 0 0 6
	 57 2385 6345 0 5574 0 0 00 6 3550 5945 4 05 4 0 0 4 0 0 5 0 5 4 0 0 5574 0 0 00 6 35500 5 0 5 4 2 0 5574 0 0 003705 6 35537050 005945 4 3550 5945 4 05 4 0 0 5 4 0  Ę4 05FIG  0 5 4 0 0 5574 0 0 LLLLLLLLLLLLLLLL5 4 0 0 5574 0 0 00 6 3550 5945 4 05 4 0 0 4 0 0 5 0 5 4 0 0 5574 0 0 00 6 35500 945 4 05 4 0 0 4 0 0 5 2 5 4 0 0 5574 0 0 00 6 00 5 0 5 4 2 04 0 0 00 6 35 4 0 5574 0 0 00 6 3550 5945 4 05 4 0 0 4 0 0 5 0 5 4 0 0 5574 0 0 00 6 35500 5 0 5 4 2 0 5574 0 0 00 6 35537050 005945 4 3550 5945 4 05 4 0 0 5 4 0  Ę4 05FIG  0 5 4 0W0 5574 0 0 LLLLLLLLLLLLLLLL5 4 0 0 5574 0 0 00 6 3550 5945 4 05 4 0 0 4 0 0 5 0 5 4 0 0 5574 0 0 00 6 35500 5 0 5 4 2 0 5574 0 0 00 6 35535 4 0 5574 0 0 00 6 3550 5945 4 05 4 0 0 4 0 0 5 0 5 4 0 0 5574 0 0 00 6 3545500 5 0 5 4 2 0 5574 0 0 00 6 35537050 005945 4 3550 5945 40 5945 4 00 00 6 35 5574 05 4 05 4 0 0 4 0 0 5 2 5 4 0 0 5574 0 0 00 6 00 5 0 5 4 2 0  0 0 4 0 0 5 0 5 4 0 0 5574 0 0 00 6 35500 5 0 5 4 2 0 5574 0 0 00 6 35535 4 05574 0 0 00 6 35537050 5945 4 0 5574 0 0 00 6 3550 5945 4 05 4 0 0 4 0 0 5 0 5 4 0 0 5574 0 0 00 6 35500 5 0 5 4 2 0 5574 0 0 003705 6 35537050 005945 4 3550 5945 4 05 4 0 0 5 4 0  Ę4 05FI 0 5 4 2 0 5574 0 0 00 6 35535 4 0 5574 0 0 00 6 3550 5945 4 05 4 0 0 4 0 0 5 0 5 4 0 0 5574 0 0 00 6 3545500 5 0 5 4 2 0 