#FIG 3.2
# C1.1
# ME>
Poit
Flusht
Me
A4
100.00
Se
-2
1200 2
# ME>
2 3 0 1 0 7 50 -1 -1 4 0 0 0 0 0 0 2582
	 2400 3705
# id>
2 1 0 1 0 7 50 0 -1 0 0 0 0 0 0 3
	 3818 2819 4047 2879 4276 2939
# id>
2 1 0 1 0 7 50 0 -1 0 0 0 0 0 0 3
	 3131 3260 3193 3488 3255 3716
# id>
2 2 0 1 0 7 50 0 -1 0 0 0 7 0 0 5
	 2700 3180 3555 3180 3555 3735 2700 3735 00 -1.000 0.000
# MEd>
3 3 0 1 0 7 50 0 -1 4 0 0 0 10
	 8010 3165 6270 3150 7005 4500 91375 3975 4770 3735 4170 4140
	 3750 4365 2895 4450 7005 4500 91375 3975 4770 3735 4170 450 4365 2825 2594425 2595 4035 2715 3780 2670 345752595 37 2655 3840 2730 3885 5 4035 2715 3780 2670 345752595 37 2655 3840 2730 3885 2820 3915 3030 390065 3105 3690
	 260
