#FIG 3.2
# CÁ.1
# ME>
Po
Me180
# ieū
2 
	 440
	90
	486
# MET
5 1 0
# MET
5 1 0 1 0 7 50 7 -1 4 0 1 0 0 4031 5580 4875 5385 3420 5220 34201 1 1 1 1 1
# MET>
3 2 0 1 0 7 50 5751 03 0 1 0 7 54650
#ßēšŦ
3 0 0 0 6
15 1830 6855 2385 62400345 3015 5235 2760 5025 2415 5280 2160
	 1 1 1 1  594âMT
6 2685 36 3420 59
6 2685 3615 6405 4650
#ßēšŦ
3 1 0 1 0 7 50 0 -1 4 0 0 0 6
	 5715 1 0 7 50 7 -1 4 0 1 0 0 4031 5580 4875 5385 3420 5220 34201 1 1 1 1 1
# MET>
3 2 0 1 0 7 50 5751 03 0 1 0 7 54650
#ßēšŦ
3 0 0 0 6
15 1830 6855 2385 62400345 3015 5235 2760 5025 2415 5280 2160
	 1 1 1 1  59/âMT
6 2685 36 3420 59
6 2685 3615 6404 0 1 0 0 4031 5580 4875 5385 3420 5220 34201 1 1 1 1 1
# MET>
3 2 0 1 0 7 50 5751 03 0 1 0 7 54650
#ßēšŦ
3 0 0 0 6
15 1830 6855 2385 62400345 3015 5235 2760 5025 2415 5280 2160
	 6 1 1 1  594âMT
6 2685 36 3420 59
6 2685 3615 6405 4650
#ßēšŦ
3 1 0 Ŧ
3 1 0 1 0 7 50 0 -1 4 0 0 0 6
	 5715 13705830 6855 2385 62400345 3015 5235 2760 5025 2415 5ĸĸ80-0 3488 3255 3716
5 4650
#ßēšŦ
3 1 0 Ŧ
3 1 0 1 373550 0 -1 4 0 0 0 6
	 5715 13705830 6855 2385 62400345 3015 5235 2760 5025 2415 5ĸĸ80-0 3488 3255 3716
