#FIG 3.!`MET
3 16
	 571
	 6525 940
# MET
6 2685 3615 6405 465 940
# MET
6 2685 3615 6405 465 
# MET
3 1 0 1 0 7 50 0 -1 4 0 25 72105 5 0 066
 4 0 0 0 0 66
 4 0 0 0 40 6
0 4 0 0 0 66
 4 0 0 0 0 6 0 0 400 3705
# id>
2 1 0 1 0 7 50 0 -1 4.000 0 0 0 0 0 3
	 3818 2819 4047 2879 4276 2939
# id>
2 1 0 1 0 7 50 0 -1 4.000 0 0 0 0 0 3
	 3131 3 3615 6405 465 940
# MET
6 2685 3615 6405 465 
# MET
3 1 0 1 0 7 50 0 -1 4 0 25 72105 5 0 066
 4 0 0 0 0 66
 4 0 0 0 40 6
0 4 0 0 0 66
 4 0 0 0 0 6 0 0 400 3705
# id>
2 1 0 1 0 7 50 0 -1 4.000 0 0 0 0 0 3
	 3818 2819 4047 2879 4276 2939
# id>
2 1 0 1 0 7 50 0 -1 4.000 0 0 0 0 0 3
	 3131 3260 3193 3488 3255 3716
# id>
2 2 0 1 0 7 50 060 540
# MET
1 2 0 1 0 7 50 0 -1 4.0 0.0000 4545 4132 1860 517 2685 3615 6405 4650
# MWT
3 1 0 1 0 7 50 0 -1 4.000 0 0 0 6
	 5715 1830 6855 2385 6345 3015 5235 2760 5025 2415 5280 2160
	 144444444444444444444444444444444444444444444444444444444444444444444444444444444444444444444 1.000  3.!`MET
3 16
	 571
	 6525 940
# MET
6 2685 31 1.000 1 1.000
# MET>
3 2 0 1 0 7 50 0 -1 4.000 0 0 0 6
	 2310 5835 2340 7350 3570 7500 5145 4305 5850 5280 5640 7920.000 -1 -1.-1.000 -1.000 0.000
# MEd>
3 3 0 1 0 7 50 0 -1 4 0 0 œﬂ10
	 8010 3165 6270 3150 7005 4500 9135 5280 9030 5925 6885 5910
	 6525 5625 7215 4305 8325 3825 8190 336260 3193 3488 3255 3716
# id>
2 2 0 1 0 7 50 060 540
# MET
1 2 0 1 0 7 50 0 -1 4.0 0.0000 4545 4132 1860 517 2685 3615 6405 4650
# MWT
3 1 0 1 0 7 50 0 -1 4.000 0 0 0 6
	 5715 1830 6855 2385 6345 3015 5235 2760 5025 2415 5280 2160
	 144444444444444444444444444444444444444444444444444444444444444444444444444444444444444444444 1.000  3.!`MET
3 16
	 571
	 6525 940
# MET
6 2685 31 1.000 1 1.000
# MET>
3 2 0 1 0 7 50 0 -1 4.000 0 0 0 6
	 2310 5835 2340 7350 3570 7500 5145 4305 5850 5280 5640 7920.000 -1 -1.-1.000 -1.000 0.000
# MEd>
3 3 0 1 0 7 50 0 -1 4 0 0 œﬂ10
	 8010 3165 6270 3150 7005 4500 9135 5280 9030 5925 6885 5910
	 6525 5625 7215 4305 8325 3825 8190 3360
	 -1.000 -1.000 -1 -1.-1.000 -1.000 -1 -1.000
	8-1 -1.000
# MEd>
1 1 0 10 7 50 0 -1 4 1 00 1860 5280 1096 466 1860 5280 2955 5745
# Mid>
2 1 0 1 0 7 50 0 -1 4.000 0 0 0 0 0 3
	 2701 5630 2868 5463 3035 5296
# 
2 1 0 1 0 7 50 0 -1 4.000 0 0 0  4875
