#FIG 3.2
# C1.1
# ME>
Poit
Flu>
 7
	582
705
# id>
2 0 3
76 2939
# id>
2 1 0 1 0 7 50 0 -1 4.000 0 0 0 0 0 3
31 3260 3193 3488 3255 3716
# id>
2 2 0 1 0 7 50 0 -1 4.000 0 0 7 0 0 5
00 3180 3555 3180 3555 3735 2700 3735 2 -1 4132 1860 517 2685 3615 6405 4650
# MET
3 1 0 1 0 7 50 0 51 4 0 0 0 6
	 5715 1830 6855 2385 6345 3015 5235 2760 5025 2415 5280 2160
	 1 1 1 1 1 1
# MET>
3 2 0 1 0 7 50 0 -1 0 0 0 0 6
	 2310 5835 2340 7350 3570 1 0 7 50 0 -1 4.0 00 4545 4132 1860 517 26815 6405 4650
# MET
3 1 0 1 0 7 50 0 51 4 0 0 0 6
	 5715 1830 6855 2385 6345 3015 5235 2760 5025 2415 5280 2160
	 1 1 1 1 1 1
# MET>
3 2 0 1 0 7 50 0 -1 0 0 0 0 6
	 2310 5835 2340 7350 3570 7500 5145 4305 5850 5280 5640 7920.000 -1 -1.-1 -1.0.00
3 3 0 1 0 7 50 0 -1 4 0 0 0 10
05 4