#FIG 3."瓱ET
3 16
	 571
	 6525 940
# MET
6 2685 3615 6405 4650
# MET
3 1 0 1 0 7 50 0 -1 4 0 0 0 6
45 3015 5235 5910
	 6525 5625 7215 4305 5 36 3615 6405 4650
# ME05 4650
# MET
3 1 0 1 0 7 50 0 -1 4 0 0 0 6
45 3015 5235 5910
	 6525 5625 7215 4305 5 36 3615 6405 4650
# MT
3 1 0 1 0 7 50 0 -1 4 0 0 0 6
4  3015 5235 5910
	 6525 5625 7215 4305 5 3615 6405 4650
# MET
3 000000000000000000000000001 0 1 0 7 50 0 -1 4 0 0 0 6
	 57 235 59 6525 5625 7215 4305 8325 3825 8190 1 -1T
3 1 0 1 0 7 50 0 -1 4 0 0 0 6
5 6345 3 4 0 0 0 0 6 4 0 0 6
0 4
0 0