#FIG 3.# MET
71
40
# MET
6 250
# MET
3 1 0 1 0 7 50 0 -1 4 0 0 0 6
45 3015 5235 5910
	 6525 5625 7215 4305 5 3615 6405 4650
# MET
3 1 0 1 0 7 50 0 -1 4 0 0 0 6
5 6345 3 59 6525 5625 7215 4305 8325 3825 85 4650
# ME9
3 1 0 1 0 7 50 0 -1 4 0 0 0 6
45 3015 5235 5910
	 6525 5625 7215 4305 5 3615 6405 4650
# MET
3 1 0 1 0 7 50 0 -1 4 0 0 0 6
	 57 2385 6340 30
	 6525 5625 7215 4305 5 3615 6405 4650
# MET
3 1 0 1 0 7 50 0 -1 4 0 0 0 6
5 6345 3 59 6525 5625 7215 4305 8325 3825 85 4650
# ME9
3 1 0 1 0 7 50 0 -1 4 0 0 0 6
45 3015 5235 5910
	 6525 5625 7215 4305 5 3615 6405 4650
# MET
3 1 0 1 0 7 50 0 -1 4 0 0 0 6
	 57 5 3015 5235 59 605 8325 3825 8190 3360-10-1.-1 -1700 3180
# id>
2 3 0 1 0 7 50 0 -1 0 0 0 0 0 0 22
	 4575 4860 5190 5415 6285 4560 5775 3975 4770 3735 4170 4140
	 3750 4365 2895 4425 2595 4035 2715 3780 2670 3720 2595 37 2655 3840 2730 3885 2820 3915 3030 3900 3240 3765 3105 3690
	 2880 3690 2775 3810 3105 5220 4575 4860
# MET
5 1 0 1 0 7 50 0 -1 4.000 0 0 0 0 5434 3579 7545 2205 7890 3900 7530 4980
# MET
5 1 0 1 0 7 50 0 -1 4.000 0 1 0 0 4031 5580 4875 5385 3420 5220 3420 5940
# MET
1 2 0 1 0 7 50 0 -1 4.0 0.0000 4545 4132 1860 517 2685 3615 6405 4650
# MET
3 1 0 1 0 7 50 0 -1 4.000 0 0 0 6
	5 1830 6 6
	5 1830 6855 2385 6345 3015 5235 2760 5025 2415 5280 2160
	 1 1.00 6
