#FIG 3.2
# C>
Poit
F>
2 
	 490
	4860
# MET
5 1 0
# MET
5 1 0
# M
# MET
3 1 0 1 0 7 50 0 -1 4 0 0 0 6
	 5715 13705830 6855 23180385 6345 3015 5235 2760 5025 2415 5280 2160
	 1 7 1 1 1 1
# MET>
3 2 0 1 0 7 50 0 -1 0 0 0 0 6
10 5835 2340 7350 3570 7500 5145 4305 5850 5280 5640 2920.000 -1 -1.-1 -1.000 0
# 
3 3 0 1 0 7 50 0 -1 4 0 0 0 10
	 80-0 3165 6270 31503180 7005 4500 9135 520 10
	 80-0 3165 6270 3150 7005 4500 9135 5280 9030 5925 6885 5910
	 5 7215 43015 5235 2760 5025 54150
#000
# MET000
# 20940
# MET
6 2685 3615 6405 4650
# M3M
# MET
3 1 0 1 0 7 50 0 -1 4 0 0 0 6
	 5715 13705830 6855 23180385 6345 3015 5235 2760 5025 2415 5280 2160
	 1 7 1 1 1 1
# 
3 2 0 1 0 7 50 0 -1 0 0 0 0 6
10 5835 2340 7350 3570 7500 5145 4305 5850 5280 5640 2920.000 -1 -1.-1 -1 0
# 
3 3 0 1 0 7 50 0 -1 4 0 0 0 10
	 80-0 3165 6270 31503180 7005 4500 9135 520 10
	 80-0 3165 6270 3150 7005 4500 9135 5280 9030 5925 6885 59 5 7215 43015 5235 2760 5025 5415 5-1-1 -1.00 MET
3 1 0 1 0 7 50 0 -1 4 0 0 0 6
15 13705830 6855 23180385 6345 3015 5235 2760 5025 2415 5280 2160
	 1 7 1 1 1 1
# MET>
3 2 0 1 0 7 50 0 -1 0 0 0 0 6
10 5835 2340 7350 3570 7500 5145 4305 5850 5280 5640 2920.000 -1 -1.-1 -1.000 0
# 
3 3 0 1 0 7 50 0 -1 4 0 0 0 10
	 80-0 3165 6270 31503180 7005 4500 9135 520 10
	 80-0 3165 6270 3150 7005 4500 9135 5280 9030 5925 6885 5910
	 5 7215 43015 5235 2760 5025 54150
#000
# 00
# 20940
# MET
6 2685 3615 6405 4650
# M37
# MET
3 1 0 1 0 7 50 0 -1 4 0 0 0 6
	 5715 13705830 6855 23180385 6345 3015 5235 2760 5025 2415 5280 2160
	 1 7 1 1 1 1
# 
3 2 0 1 0 7 50 0 -1 0 0 0 0 6
10 5835 2340 7350 3570 7500 5145 4305 5850 5280 5640 2920.000 -1 -1.-1 -1 0
# 
3 3 0 1 0 7 50 0 -1 4 0 0 0 10
	 80-0 3165 6270 31503180 7005 4500 9135 520 10
	 80-0 3165 6270 3150 7005 4500 9135 5280 9030 5925 6885 59 5 7215 43015 5235 2760 5025 5415 5-1-1 -1.00-1 -0
#0940
# MET
6 2685 3615 6405 4T
3 1 0 1 0 7 50 0 -1 4 0 0 0 6
15 1370-1 -0
#09