 4 0 0 0 6
0 4 0 0 0 6
0 0 0 6
0 640 4 0 0 0 0 0 0 6
0 6
	0 4 0 0 0 4 0 0 0 0 6
0 4 0 0 0 6
0 0 0 6
0 6
	0 4 0 0  690 4 0 0 0 66
 4 0 0 0 0 6
0 4 0 0.0 6
0 0 0 6
0 6
	00 6
0 4 0 0 0 6
0 0 0 6
0 6
	0 4 0 0  690 4 0 0 0 66
 4 0 0 0 0 6
0 4 0 0.0 6
0 0 0 6
0 6
	0 4 0 0 0 6	0 4 0 0 6
0 4 4 0 0 0 6
0 4 0 0 0 6
0 6
0 0 0 6 4 0 0 6
0 4 0 0
0 6
	0 6	0 4 0 0 0 66
 4 0 0 0 0 6 0 0 0 6
0 4 0 0
0 64 0 0 0 66
 4 0 0 0 0 60 0 6	0 4 0 0 6
	0 4 0 0 0 6	0 4 0 0 0 66
 4 0 0 0 0 6 4 0 0 6
0 4 0 0
0 6
	0 4 0 66
 4 0 0 0 0 6 0 0 0 6	0 4 0 64 0 0 6
0 4 0 0
0 6
	0 4 0 0 0 6	0 4 0 0 0 66
 4 0 0 0 0 6 0 0 0 6	0 4 