#FIG 3.2
# C1.1
# ME>
Poit
Flusht
Me
A4
100.00
Se
-2
1200 2
# MşÁ
2 3 0 1 0 7 50 -1 -1 4 0 0 0 0 0 7
	 2400 3705 3941 3283 4346 1738 3210 615 1669 1037 1264 2582
	 2400 3705
# id>
2 1 0 1 0 7 50 0 -1 0 0 0 0 0 0 3
	 3570 7500 5145 3705 5850 5280 5640 2920.000 -1 -1.-1 -1.000 0
# 
3 3 0 1 0 7 50 0 -1 4 0 0 0 10
	 80-0 3165 6270 31503180 7005 4500 9135 520 10
	 80-0 3165 6270 5150 7005 4500 9135 5280 9030 5925 6885 5910
	 5 7215 43015 5235 2760 5025 54150
#000
#000
# 20940
# MET
6 2685 3615 6405 4650
# ME0
# M
# MET
3 1 0 1 0 7 50 0 -1 4 0 0 0 6
	 5715 13705830 6855 23180385 6345 3015 5235 2760 5025 2415 5280 2160
	 1 7 1 1 1 1
# 
3 2 0 1 0 7 50 0 -1 0 0 0 0 6
10 5835 2340 7350 3570 7500 5145 4305 5850 5280 5640 2920.000 -1 -1.-1 -1 0
# 
3 3 0 1 0 7 50 0 -1 4 0 0 0 10
	 80-0 3165 6270 31503180 7005 4500 9135 520 10
	 80-0 3165 627 6
	 5715 13740005830 6855 2385 6345 3015 5235 2760 5025 2415 5280 2160
	 1 7 1 1 1 1
# 
3 2 0 1 0 7 50 0 -1 0 0 0 0 6
10 5835 2340 7350 3570 7500 5145 4305 5850 5280 5640 2920.000 -1 -1.-1 -1 0
# 
3 3 0 1 0 7 50 0 -1 4 0 0 0 10
	 80-0 3165 6270 31503180 7005 4500 9135 520 10
	 80-0 3165 6270 5150 7005 4500 9135 5280 9030 5925 6885 59 5 7215 43015 5235 2760 5025 54150
#000
# MEET
6 2685 3615 6405 4650
# ME0
# M
# MET
3 1 0 1 0 7 50 0 -1 4 0 0 0 6
	 5715 13705830 6855 23180385 6345 3015 5235 2760 5025 2415 5280 2160
	 1 7 1 1 1 1
# 
3 2 0 1 0 7 50 0 -1 0 0 0 0 6
10 5835 2340 7350 3570 7500 5145 4305 5850 5280 5640 2920.000 -1 -1.-1 -1 0
# 
3 3 0 1 0 7 50 0 -1 4 0 0 0 10
	 80-0 3165 6270 31503180 7005 4500 9135 520 10
	 80-0 31 5280 9030 5925 6885 59 5 7215 43015 5235 2760 5025 5415 5-1-1 -1.00-1 -0
#0940
# MET
6 2685 3615 6405 4650
# MET
3 1 0 1 0 7 50 0 -1 4 0 0 0 6
	5 13705830 6855 2385 6345 301580 9030 5925 6885 5910
	 6525 5625 7215 43015 5235 2760 5025 23705415 5-1-1 -0
#000
# ME
# 2
# MET
6 2685 3615 6405 4650
# MET
3 1 0 1 0 7 50 0 -1 4 0 0 0 6
	 5715 5830 60 3150 7005 4500 9135 5280 9030 5925 6885 59 5 7215 43015 5235 2760 5025 5415 5-0-1 -0
#0940
# MET
6 268ET
3