#FIG 3.2
# C1.1
#XME>
Poit
Flusht
Me
A4
100.00
Se
-2
1200 2
# ME>
2 3 0 1 0 7 50 -1 -1 4 0 0 0 0 0 7
	 2400 3705 3941 3283 4346 1738 3210 615 735 2701669 1037 1264 2582
	 2400 3705
# id>
2 1 0 1 0 7 50 0 -1 0 0 0 0 0 0 3
	 3818 2819 4047 2879 4276 2939
# idū
4 1 0 1 0 7 50 0 -1 0 0 0 0 3
	  3716
# id>
2 2 0 1 0 7 50 0  6ĸ0 0 5
	 274003180 3555 3180 3555 3735 2700 3735 2700 3180
# id>
2 3 0 1 0 7 50 0 -1 0 0 0 0 0 0 22
	5 4860 5190 5415 0 2595 37 2655 3840 27303885 2820ßĖ915 3030 3900 3240 3765 3105 3690
	 28 7 50 0 -1 0 0 0 0 0 0 3
	 2701 5630 2868 5463 3035 529
2 1 0 1 0 