 4 0 0 0 6
0 4 0 0 0 6
0 0 0 6
0 640 4 0 0 0 0 0 0 6
0 6
	0 4 0 0 0 4 0 0 0 0 6
0 4 0 0 6
0 0 0 6
0 6
	0 4 0 0 0 6	0 4 0 0 6
0 4 0 0 0 6	0 4 0 0 6
0 4 0 0 0 6
0 6
	0 4 0 66
 4 0 0 0 0 0 0 6
0 0 0 6
0 640 4 0 0 0 0 0 0 6
0 6
	0 4 0 0 4 0 0 0 0 6 6
	0 4 0 0 0 4 0 0 0 0 6
0 4 0 0 6
0 0 0 6
0 6
	0 4 0 0 0 6	0 4 0 0 6
0 4 0 0 0 6	0 4 0 0 6
0 4 0 0 0 6
0 6
	0 4 0ĸĸ0 0 0 66
 4 0 0 0 0 0 0 6
0 0 0 6
0 640 4 0 0 0 0 0 0 6
0 6
	0 4 0 0 4 0 0 0 0 6 4 0 0ß6
0 4 0 0
0 6
	0 5 0 0 
 4 0 0 0 0 6 0  4 0 6 4 0 0ß6
0 4 0 0
0 6
	0 5 0 0 0 6	0 4 0 0 0 66
 4 0 0 0 0 6 0 0 0 6	0 4 