 4 0 0 0 6
	4 0 0 0 6
0 6
0 640 4 0 0 0 0 0 0 6
0 6
 4 0 0 0 6
0 0 0 6
0 6
	0 4 0 00  0 6
0 0 0 6
0 6
	0 4 0 00 4 0 0 0 4 0 0 0  6
	0 4 0 0 0 4 0 0 0 0 6
0 4 0 0 0 6
0 0 0 6
0 6
	0 4 0 00 4 0 0 0 66
 4 0 0 0 0 6
0 4 0 0 0 6
0 0 0 6
0 6
	0 4 0 0 0 6	0 4 0 0 6
0 4 0 0 0 6	0 4 0 0 6
0 4 0 0 0 6
0 6
	 0 0 6	0 0 0 66
 4 0 0 0 0 6 4 0 0 6
06	0 4 0 0 6
0 4 0 0 0 6	0 4 0 0 6
0 4 0 0 0 6
0  4 0 0 0 6	0 4 0 0 6
0 4 0 0 0 6
0 6
	 0 0 6	0 0 0 66
 4 0 0 0 0 6 4 0 0 6
0 4 0 0
0  4 0 0 0 6
	 6	0 0 0 66
 4 0 0 0 0 6 4 0 0 6
0 4
	0 4 0 0 0 6	0 4 0 0 0 66
 0 6 0 0 0 6	0 4 0 6 4 0 0 6
0 4 0 0
0 6
	0 0 0
0 6
	0 4 0 0 0 6	0 4 0 0 6 0 0 0 6	0 4 0 6 4 0 0 6
0 40 0
0 6
	0 0 0 6	0 4 0 0 6
0 4 0 0 0 6
0 6
	 0 0 6	0 4 0 0 0 66
 4 0 0萹萹 6 4 0萹葋
 6	0 4 0 0 6
0 4 0 0 0 6	0 4 0 0 6
0 4 0 0 0 6
0 6
	 0 0 6	0 0 0 66
 4 0 0 0 0 6 4 0 0 6
0 4 0 0
0 6
	0 0 0 66
 0 6 0 0 0 6	0 4 0 6 4 0 0 6
0 4 0 0
0 6
	0 0 0
0 6
	00 0 6	0 4 0 0 0 66
 0 6 4 0 0 6
0 4 0 0
0 6
	0 0 0
0 6
	0 4 0 0 0 6 6	0 4 0 6 4 0 0 6
0 40 0
0 6
	 0 6
0 6
	0 4 0 0 0 6	0 4 0 0 6
0 4 0 0 0 6	0 4 0 0 6
4 0 0 0 664 0 0 0 60 6
	0 4 0 0 0 4 0 0 0 0 6
0 4 0 0 0 6
0 0 0 6
0 6
	0 4 0 00 4 0 0 0 66
 4 0 0 0 0 6
0 4 0 0 0 6
0 0 0 6
0 6
	0 4 0 0 0 66
 4 0 0 0 0 6 4 0 0 6
0 40 6	0 4 0 0 6
0 4 0 0 0 6	0 4 0 0 6
0 4 0 0 0 6
0  4 0 0 0 6	0 4 0 0 6
0 4 0 0 0 6
0 6
	 0 0 6	0 0 0 66
 4 0 0 0 0 6 4 0 0 6
0 4 0 0
0  4 0 0 0 6
	 6	0 0 0 66
 4 0 0 0 0 6 4 0 0 6
0 4
	0 4 0 0 0 6	0 4 0 0 0 66
 0 6 0 0 0 6	0 4 0 6 4 0 0 6
0 4 0 0
0 6
	0 0 0
0 6
	0 4 0 0 0 6	0 4 0 0 6 0 0 0 6	0 4 0 6 4 0 0 6
0 40 0
0 6
	0 0 0 6	0 4 0 0 6
0 4 0 0 0 6
0 6
	 0 0 6	0 4 0 0 0 66
 4 0 0萹萹 6 4 0 0 6
0 40 6	0 4 0 0 6
0 4 0 0 0 6	0 4 0 0 6
0 4 0 0 0 6
0 6
	 0 0 6	0 4 0 0 0 66
 4 0 0 0 0 6 4 0 0 6
0 4 00 6	0 4 0 0 0 66
 0 6 0 0 0 6	0 4 0 6 4 0 0 6
0 4 0 0
0 6
	0 0 0
0 6
	00 0 6	0 4 0 0 0 66
 0 6 0 0 0 6
0 4 0 0
0 6
	0 0 0
0 6
	0 4 0 0 0 6	0 4 0 0 6 4 0 0 6
0 40 0
0 6
	0 4 0 66
 4 0  0 0 6
0 6
	0 4 0 0 0 6	0 4 0 0 6
0 4 0 0 0 6	0 4 0 0 6
0 4 0 0 0 6
0 0 0 0 6 0 0 0 6	