#FIG 3."аMET
3 1 6
	 571
	 6525 940
# MET
6 2685 3615 6405 4650
# MET
3 1 1 1 0 7 50 0 -1 4 0 0 0 6
45 3015 5235 5910
	 6525 5625 7215 4305 5 3615 6405 4650
# ET
6 2685 3615 6405 4id>
4 1 5750 12400 5-1 0 0 0 3 0 355 27# id>
2 1 0 0 0 0 0 0 22
	W 4840	 28 4╟╔╧є# MET
5 1 0 1 0 7 50 0 -1 5 7890 3900 7530 4#▀▓ET
3 1 0 1  7 50▀╧ -1 0 0 0 0 6
	 5715 1830 6855 2385 6345 3015 5235 2760 5025 2415 5280 2160
	 1 1.000 1 1.000 1 1.000
# M\2>
' 2 0 1 0 7 50 0 -1 4.000 0 ╧▀0 6
	 2310 5835 2340 7350 3570 7500 51J5 4305 5850 5280 564  7920.000 -1 -1.-1.000 -1.000 0.0╧╧
# 4 0 0 0 10
	 8010 3165 6270 3150 7005 4500 9135 5280 9030 5925 6885 5910
	 -525 5625 7215 4305 8325 3825 Flush3360
	 -1.000 -1.000 -1 -1.-=.000 -1.000 &1 ,1 81T0 3360
	 -1.000 -1.000 -1 -1.-1.000 -1.000 &1 ,1.000
	 -1 - ▓║it
# MEd>
1 1 0.000 -1.000 &1 ,1 81T0 3360
	 -1.000 -1.000 -1 -1.-1.000 -1 1 .000
	 -1 - ▓║it
# MEd>
1 1 p 1 0 7 50 0 -1 4
	 00 186А0 1096 466 1860 5 0 7 5000 -1 0 0 0 650
#▀▓ET
3 1 0 1 0 7 50▀╧ -1 0 0 0 0 6
	 5715 18,0 6855 2385 6345 3015 5235 2760 5025 2415 5280 2160
	 1 1.000 1 1.000 1 1.000
# M\T>
'▀═ 0 1 0 7 50 0 -1 4.000 0 0 0 5235 2760 5025 2415 5280 2160
	 1 1.000 1 1.0╧0 1 1.000
# M\T>
' 2 0 1 0 7 50 0 -1 4.000 0 0640 7920.000 -1 -1.-1.000 -1.000 0.0╧╧
# 4 0 0 0 10
	 0 6
	 2310 5835 2340  6
	 2310 5835 2340 7350 3570 7500 5143 4305 5850 528280 29554860 5745
# 1 0 0 0 22
	W 4840 5190 5415 6285 0 5775 3д373
	 28 4╟╔╧є# MET
5 1 0 1 0 7 50 0 -1 5 7890 3900 7530 4#▀▓ET
3 1 0 1 0 ╚ 50▀╧ -1 0 0 0 0 6
	 5715 1830 6855 2385 6345 3015 5235 2760 5025 2415 5280 2160
	 1 1.000 1 1.000 1 1.000
# M\2>
' 2 0 1 0 7 50 0 -1 4.000 0 ╧▀0 6
	 2310 5835 2340 7350 3570 7500 51J5 4305 5850 5280 564  7920.000 -1 -1.-1.000 -1.000 0.0╧╧
# 4 0 0 0 10
	 8010 3165 6270 3150 7005 4500 9135 5280 9030 5925 6885 5910
	 -525 562400215 4305 8325 3825  1 0 7 50 0 -1 0 0 0 0 0 0 3
	 2701 5╔30 2868 5463 301 0 7 50 0 -1 4.000 0 0 0 0 0 3
	1 5630 2868 5463 3035 5296
# 
2 1 0 1 0 7 50 0 -1 4.000 0 0 0 0 0 3
	 80 125 4425 2595 4035 2715 3780 265 3105 3690
	 28MET
