#FIG 3." MET
3 1 6
	 571
	 6525 940
# MET
6 2685 3615 6405 4650
# ME40
# MET
6 2685 3615 6405 4650
# MET
3 1 0 1 0 7 50 0 -1 4 0 0 0 6
45 0015 5235 5910
	 6525 5625 7219 4305 5 3615 6405 4650
# ET
6 2685 3615 6405 4id>
4 1 5750 12400 5-1 0 0 0 3 0 355 27# id>
2 1 0 0 0ﺷ0 0 0 22
	W 4840	 28 4ﮄﺭﺵﺀ7 50 0 -1 5 78 0 0 3
	 3131 3260 3193 3488 4255 3716
# id>
2 2 0 1 0 7 50 0 -1 4.000 0 0 7 0 0 5
	 2700 3180 3555 3180 3555 3735 2700 3735 2700 3180
# id>
2 3 0 1 0 7 50 0 -1  6
0 6
	0 4 0 0 0 6 0 0 6
0 4 0 4.000 0 0 0 0 0 22
	 4575 460 519ﺯ 5415 
2854560 5775 3975 4770 3735 4170 4140
	 3750 4365 2895 4425 2595 4035 2715 3780 2670 3720 2595 37 2655 3840 2730 3885 2820 3915 3030 3900 3240 3765 3105 3690
	 2880 3690 2775 3810 3105 5220 4575 4860
# MET
5 1 0 1 0 7 50 0 -1 4.000 0 6
0 0 0 6
0 6
	0 4 0 0 0 6	 4 0 0 6
0 4 0 0 0 6	0 4 0 0 6
0 0 0 6
0 6
	0 4 0 0 0 6	0 0 0 66
 4 0 0 0 0 6 4 0 0 6
0 4 0 0
0 0 0 0 6
0 0 0 6
0 6
	0 4 0 0 0 6	0 4 0 0 6
0 4 0 0 0 6	0 4 0 0 6
0 4 0 0 0 6
0 6
	0 4 4 0  0 0 0 6	0 4 0 0 0 66
 4 0 0 0 0 6 4 0 0 6
0 4 0 0
0 6
	0 6	0 4 
0 4 0 0 0 0 0 0 6
0 6
	0 4 0 00 0 6
0 6 M 0 6
0 4 0 0 0 6
0 0 0 6
0 6
	0 4 0 0  4 0 0 0 4 0 0 0  0 6
0  4 4 0  0 4 0 0 0 66
 4 0 0 0 0ﮦ6 4 0 0 .
0 4 0 0
0 6
	0 6                                                                                  6 0 0 6
0 4 0 0 0 6
0 0 0 6
0 6
	0 4 0 0  4 0 0 0 66
 4 0 0 0 0 6
03705 4 0 0 0 6
0 0 0 6
0 6
	0 4 0 0 0 6ﺉﺵ 4 0 0 6
0 4 0 0 
03705   0 00 6	0 4 0 0 6
0 0 0 6
0 6
	0 4 0 0 0 6	0 0 0 66
 4 0 0 0 0 6 4 0 0 ﺭﺀﺵﻑ4 0 0
0 0 0 0 6
0 0 0 6
0 6 6 0 0 0 6
0 6 0 0 6
0 4 0 0 0 6
0 0 0 6
ﻭ 6
	0 4 0 0  4 0 0 0 4 0 0 0  0 6
0  4 4 0  0 4 0 0 0 66
 4 0 0 0 0 6 4 0 0 .
0 4 0 0
0 6
	0 6	0 4 
0 4 0 0 0 0 0 0 6
0 6
	0 4 0 0 0 66
 4 0 0 0 0 6
0 4 0 0 0 6
0 6 0 0 6
0 4 0 0 0 6
0 0 0 6
0 6
	0 4 0 0  4 0 0 0 \6
 4 0 0 0 0 6
03705 4 0 0 0 6
0 0 0 6
0 6
	0 4 0 0 0 6	0 4 0 0 6
0 4 0 0 0 6	0 4 0 0 6
0 0 0 6
0 6
	0 4 0 0 0 6	0 0 0 66
 4 00 0 0 6 4 0 0 6
0 4 0 0
0 0 0 0 6
0 0 0 6
0 6
	0 4 0 0 0 6	04860 0 6
0 4 0 0 0 6	0 4 0 0 6
0 4 0 0 0 6
0 6
	ﺵ 4 4 0  0 0 0 6	0 4 0 0 0 66
 4 0 0 0 0 6 4 0 0 6
0 4 0 0
0 6
	0 6	0 4 
0 640 4 0 0 0 0 0 0 6
0 6
	0 4 0 0 0 66
 4   0 0 0 6
0 4 0 0 0 6
0 6 0 0 6
0 4 0 0 0 6
0 0 0 6
0 6
	0 4 0 0  690 4 0 0 0 66
 4 0 0 0 0 6
03705   0 0 0 6
0 0 0 6
0 6
	0 4 0 0 0 6	0 4 0 0 6
0 4 0 0 0 6	0 4 0 0 6
0 0 0 6
0 6
	0 4 0 0 0 6	0 4 0 0 0 :6
 4 0 0 0 0 6 4 0 0 6
0 4 0 0
0 6
 0 0 0 66
 4 0 ﺵﻑﹽ 0 6 00 4 0 0 6
0 4 0 0 0 6 4 0 0 0 66
 4 0 0 0 0 6 0 0 0
0 6
	0 4 0 0 0 6	0 4 0 0 6
0 4 0 0 0 6	0 4 0 0 6
0 4 0 0 0 6
0 6
	0 4 4 0  0 0 0 6
0 4 0 0 0 6
0 6 0 0 6
0 4 0 0 0 6
0 0 0 6
0 6
	0 4 0 0 0 6 0 0 6
0 4 0 0 0 60 0 0 6
03705 4              2700 6
	0 4 0 0 0 6	0 4 0 0 6
0 4 0 0 0 6	0 4 0 0 6
0 0 0 6
0 6
	0 4 0 0 0 6	0 4 0 0 0 66
 4 0 0 0 0 6 4 0 0 6
0 4 0 0
0 6
 0 0 0 66
 4 0 0 0 0 6 00 4  0 6
0 4ﻑﺵﻑﺵ 0 6 4 0 0 0 66
 4 0 0 0 0 6 0 0 0
0 6
	0 4 0 0 0 6	0 4 0 0 6
0 4 0 0۹۹۹۹۹۹۹۹۹۹۹۹۹۹۹۹۹۹۹۹۹۹۹۹۹۹۹۹۹۹۹۹۹۹۹۹۹۹۹۹۹۹۹۹۹۹۹۹۹۹۹۹۹۹۹۹۹۹۹۹۹۹۹۹۹۹۹۹ 0 6	0 4 0 0 6
0 4 0 0 0 6
0 6
	0 4 4 0  0 0 0 6	0 4 0 0 0 66
 4 0 0 0 0 6 4 0 0 6
0 4 0 0
0 6
	0 6	0 4 
0 640 4 0 ﺵﻑ0 0 0 0 6
0 6
	0 4 0 0 0 6
0 0 0 6
0 6
	0 4 0 0  690 4 0 0 0 26
 4 0 0 0 0 6
03705 4 0 0 0 6
0 0 0 6
0 6
	0 4 0 0 0 6	0 4 0 0 6
0 4 0 0 0 6	0 4 0 0 6
0 0 0 6
0 6
	0 4 0 0 0 6	0 4 0 0 0 66
 4 0 0 0 0 6 4 0 0 6
0 4 0 0
0 6
 0 0 0 66
 4 0 0 0 0 6 00 4 0 0 6
0 4 0 0 0 0 4 0 0 0 66
 4 0 0 0 0 6 0 0 0 6