 4 0 0 0 6
0 4 0 0 0 6
0 0 0 6 6
0 4 0 0 0 6
0 6 6
0 0 0 6
0 6
	0 4 0 0  4 0 0 0 4 0 0 0  0 6
0  4 4 0  0 4 0 0 0
0 6
	0 6	0 4 
0 4 0 0 0 0  4 0 0
0 6
	0 4 0 0 0 0 6
0 0 0 0 0 6
034 0 0 0 6
0 0 0 6
0 6
	0 4 0 0 0 0 0 0 6	0 4 0 0 6
0 0 0 6
0 6
	0 66
 4 0 0 0 0 6 4 0 0 6
0 4 0 0
0 0 0 0 6
0 0 0 6
0 6 6 0 0 0 0 0 0 6
0 0 0 6
0 6
 0 0 0 60 0 0 6
0 6
	0 4 0 00 4  0 0 6	0 4 0 0 6
0 4 0 0 0 6	0 4 0 0 6
0 0 0 6
0 6
	0 4 0 0 0 6 0 0 0 0 0 6
5 4 0 0 0 6
0 0 0 6
0 6
	0 4 0 0 0 6	0 4 0 0 6
0 4 0 0 0 6	0 4 0 0 6
0 0 0 6
0 6
	0 4 0 0 0 6	0 0 0 66
 4 0 0 0 0 6 4 0 0 6
0 4 0 0
0 6
 0 0 0 66
 4 0 0 0 0 6 00 4 0 0 6
0 4 0 0 0 6 4 0 0 0 66
 4 0 0 0 0 6 0 0 0
0 6
	0 4 0 0 0 6	0 4 0 0 6
0 4 0 0 0 6	0 4 0 0 6
0 4 0 0 0 6
0 6
	0 4 4 0  0 0 0 6
0 4 0 0 0 6
0 6 0 0 6
0 4 0 0 0 6
0 0 0 6
0 6
	0 4 0 90 4 0 0 0 66
 4 0 0 0 0 6
030 66 4 0 0  
0 4 0 0
0 6
	0 4 0 0 0 04 0 0 0 0 6
03705 4 0 0 0 6
0 0 0 6
0 6
	0 4 0 0 0 6	0 4 0	0 4 0 0 0 6
0 0 0 6
0 6
	0 4 0 90 4 0 0 0 66
 4 0 0 0 0 6
0 4 0 0 0 6
0 0 0 6
0 6
	0 4 0 0 0 6	0 4 0 0 6
0 0 0 6	 0 6
0 0 0 6
0 6
	0 4 0 0  4 0 0 0 66
 4 0 0 0 0 6
03790 4 0 6
0 0 0 6
0 6
	0 4 0 0 0 6	0 4 0 0 6
0 4 0 0 0 6	0 4 0 0 6
0 0 0 6
0 6
	0 4 0 0 0 6	0 0 0 66
 4 0 0 0 0 6 4 0 0 6
0 4 0 0
0 0 0 0 6
0 0 0 6
0 6
	0 4 0 0 0 6	0 4 0 0 6
0 4 0 0 0 6	0 4 0 0 6
0 4 0 0 0 6
0 6
4 0 0 0 0 6 4 0 0 6
0 4 0 0
0 6
	0 6	0 4 
0 4 0 0 0 0 0 0 6
0 6
 0 0 6
0 6 0 0 6
0 4 0 0 0 6
0 0 0 6
0 6
	0 4 0 90 4 0 0 0 66
 4 0 0 0 0 6
0 4 0 0 0 6
0 0 0 6
0 6
	 0 0 0 66
 4 0 0 0 0 6 4 0 0 6
0 4 0 0
0 6
 0 0 0 66
 4 0 0 0 0 6 00 4 0 0 6
0 4 0 0 0 6 4 0 0 0 66
0 6	0 4 0 0 6
0 4 0 0 0 6	0 4 0 0 6
0 4 0 0 0 6
0 0 0 0 0 6 0 0 0
0 6
	0 4 0 0 0 6	0 4 0 0 6
0 4 0 0 0 6	0 4 0 0 6
0 4 0 0 0 6
0 6
	0 4 4 0  0 0 0 6
0 4 0 0 0 6
0 6 0 0 6
0 4 0 0 0 6
0 0 0 6
0 6
	0 0  690 0 0 0 04 0 0 0 0 6
5 4 0 0 0 6
0 0 0 6
0 6
	0 4 0 0 0 6	0 4 6 4 0 0 0 66
 4 0 0 0 0 6 0 0 0
0 6
	0 4 0 0 0 6	0 4 0 0 6
0 4 0 0 0 6	0 4 0 0 6
0 4 0 0 0 6
0 
 4 0 0 0 0 6 4 0 0 6
0 4 0 0
0 6
0 6
	0 4 0 0 0 6
0 0 0 6
0 6
	0 4 0 0  690 4 0 0 0 66
 4 0 0 0 0 6
03705 4 0 0 0 6
0 0 0 6
0 6
	0 4 0 0 0 6	0 4 0 0 6
0 4 0 0 0 6	0 4 0 0-6
0 6
	0 4 0 0 0 6	0 0 66
 4 0 0 0 0 6 0 0 
	0 4 0 0 0 6	0 0 0 66
 4 0 0 0 0 6 4 0 0 6
0 4 0 0
0 0 0 0 6
0 0 0 6
0 6
	0 4 0 0 0 6	0 4 0 0 6
0 4 0 0 0 6	0 4 0 0 6
0 4 0 0 0 6
0 6
	00 0 0 0 6 4 0 0 6
0 4 0 0
0 6
	0 4 0 0 0 66
 4 0 0 0 0 6
0 4 0 0 0 6
0 6 0 0 6
0 4 0 0 0 6
0 0 0 6
0 6
	0 4 0 90 4 0 0 0 66
 4 0
0 6
	 0 0 0 66
 4 0 0 0 0 6 4 0 0 6
0 4 0 0
0 6
 0 0 0 66
 4 0 0 0 0 6 00 4 0 0 6
0 4 0 0 0 6 4 0 0 0 66
 40 0 6	0 4 0 0 6
0 4 0 0 0 6	0 4 0 0 6
0 4 0 0 0 6
0 0 0 0 0 6 0 0 0
0 6
	0 4 0 0 0 6	0 4 0 0 6
0 4 0 0 0 6	0 4 0 0 6
0 4 0 0 0 6
0 6
	0 4 4 0  0 0 0 6
0 4 0 0 0 6
0 6 0 0 6
0 4 0 0 0 6
0 0 0 6
0 6
	0 4 0 0  690 4 0 0 0 66
 4 0 0 0 0 6
030 66 4 0 0 6
0 4 0 0
0 6
	0 4 0 0 0 4 0 0 0 04 0 0 0 0 6
03705 4 0 0 0 6
0 0 0 6
0 6
	0 4 0 0 0 6	0 4 0 0 0 6
0 4 0 0
0 6
 0 0 0 66
 4 0 0 0 0 6 00 4 0 0 6
0 4 0 0 0 6 4 0 0 0 66
 4 0 0 0 0 6 0 0 0
0 6
	0 4 0 0 0 6	0 4 0 0 6
0 4 0 0 0 6	0 4 0 0 6
0 4 0 0 0 6
0 6
4 0 0 0 0 6 4 0 0 6
0 4 0 0
0 6
0 6
	0 4 0 0 0 6
0 0 0 6
0 6
	0 4 0 0  690 4 0 0 0 66
 4 0 0 0 0 6
03705 4 0 0 0 6
0 0 0 6
0 6
	0 4 0 0 0 6	0 4 0 0 6
0 4 0 0 0 6	0 4 0 0-6
0 6
	0 4 0 0 0 6	0 1 0 0 0 66
 4 0 0 0 0 6 4 0 0 6
0 4 0