 4 0 0 0 6
0 4 0 0 0 6
0 0 0 6 6
0 4 0 0 0 6
0 6 0 0 6
0 4 0 0 0 6
0 0 0 6
0 6
	0 4 0 0  4 0 0 0 4 0 0 0 0 6
0 4 0 0 0 6
0 0 0 6
0 6
	0 4 0 0 0 6	0 4 0 0 6
0 4 0 0 0 6	0 4 0 6
0 6
	0 4 0 0 0 66
 4 0 0 0 0 4 0 0 0 6
0 66
 4 0 0 0 0 0 0 6
0 0 0 6
0 6
	0 4 0 0  690 4 0 0 0 66
 4 0 0 0 0 6
0 4 0 0 0 6
0 0 0 6
0 6
	0 4 0 0 0 6	0 4 0 0 6
0 4 0 0 0 6	0 4 0 0 6
0 0 0 6
0 6
	0 4 0 0 0 6	0 4 0 0 0 66
 4 0 0 0 0 6 4 0 0 6
0 4 0 0
0 6
 0 0 0 66
 4 6 0 00 4 0 0 0 66
 4 0 0 0 0 60 6	0 4 0 0 0 66
 4 0 0 0 0 6 4 0 0 6
0 4 0 0
0 6
 0 0 0 66
 4 0 0 0 0 6 0 00 4 0 0 0 66
 4 0 0 0 0 6 0 0 0 6	0 4 