#FIG 3."ÝMET
3 1 6
	 571
	 6525 940
# MET
6 2685 3615 6405 4650
# MET
3 1 1 1 0 7 50 0 -1 4 0 0 0 6
45 3-235 5910
	 6525 5625 7215 4305 5 3615 6405 4650
# ET
6 2685 3615 6405 4id>
4 1 5750 12400 5-1 0 0 0 3 0 355 27# id> 2 6 6
	0 4 0 0 0 4 0 0 0 0 6
0 4 0þœþ…
0 0 0 6
 0 0 6	0 4 0 0 6
0 4 0 0 0 6ı@ 6
	0 4 0ˇˇ0 0 0 66
 4 0 0 0 0 0 0 6
0 0 0 6
0 640 4 0 0 0 0 0 0 6
0 6
	0 4 0 0 4 0 0 0 0 6 4 0 0þ6
0 4 0 0
0 6
	0 5 0 0 
 4 0 0 0 0 6 0  4 0 6 4 0 0þ6
0 4 0 0
0 6
	0 5 0 0 0 6	0 4 0 0 0 66
 4 0 0 0 0 6 0 0 0 6	0 4 