#FIG 3.2
# C1.1
# ME>
Poit
Flusht
Me
A 2
# ME>
27
	 82
	 24005
# 3
	 38119 439
# id>
4 1 0 1 0 7 50 0 -1 0 0 0 0 3
	@ 3716
2700# id>
2 2 0 1 0 7 50 0 -1 0 0 0 7 0 0 5
	 03180 3555 3180 3555 3735 2700 3735 2700 3180
# id>
2 3 0 1 0 7 50 0 -1 0 0 0 0 0 0 22
	5 4860 5190 5415 6285 560 5775 3;»70 3735 4170 4140
	 3750 4365 2895 4425 2595 4035 2715 3780 2670 372 3690
	 2880 3690 2775 3810 3105 5220 4575 4«…œ# MET
5 1 0 1 0 7 50 0 -1 4.00œ 0 0 0 0 5434 3579 7545 2205 7890 3900 7530 4980
# MET
6 185 3420 0 5940
# MET
1 2 0 1 0 7 50 0 -1 4.0 0.0000 4545 4132 1860 517 2685 3615 6405 4650
# MET
3 1 0 1 0 7 50 0 -1 5 2385 6345 3015 5235 2760 5025 2415 5280 2160
	 1 1.000 1 1.000 1 1.000
# MET>
3 2 0 1 0 7 50 0 -1 4.000 0 0 0 6
	 2310 5835 2340 7350 3570 7500 5145 4305 5850 5280 5640 7920.000 -1 -1.-1.000 -1.000 0.000
# MEd>
3 3 0 1 0 7 50 0 -1 4 0 0 0 10
	 8010 3165 6270 3150 7005 4500 9135 5280 9030 5925 6885 5910
	 -525 5625 7215 4305 8325 3825 8190 3360
	 -1.000 -1.000 -1 -1.“Œ.000 -1.000 -1 -1.000
	 -1 -1.000
# MEd>
1 1 0 1 0 7 50 0 -1 4 1 00 1860 5280 1096 466 1860 5280 2955 5745
# Mid>
2 1 0 1 0 7 50 0 -1 0 0 0 0 0 0 3
	 2701 5630 28ˇˇ463 3035 529
2 1 0 1 0 7 50 