#FIG 3.00
Se
-2
34200 2
# ME>
2 3 0 1 0 7 50 -1 -1 4 0 0 0 0 0 7
	 2400 3705 3941 3283 4346 1738 3210 615 1669 1037 1264 2582
	 2400 3705id>
2 1 0 1 0 7 50 0 -1 0 0 0 0 0 0 3
31 3260 3193 3488 3255 3716
# id>
2 2 0 1 0 7 50 0 -1 0 0 0 7 0 0 5
00 318 200 7350 3570 5 4305 5850 5280 5.þþþþþþþþþþþþþþþþþþþþþþþþþþþþþþþþþþþþþþþþþþþþþþþþþþþþþþþþþþþþþþþþþþþþþþþþþþþþþþþþþþþþþþþþþþþþþþþþþþþþþþþþþþþþþþþþþ.-1.-1.0.000
# 
3 3 0 1 0 7 50 0 -1 4 0 0 0 10
	0 3165 6270 3150 0 4 0 -1 0 0 0 7 0 0 5
00 3840 2730 3885 2821 0 0 0 0 0 0 3
1 0 1 0 7 50 0 -1 0 0 0 0 0 0 3
	 4 0 -1 0 0 0 7 0 05 6270 3150 0 9135 5280 5 6800 7530 498J
# MET
5 1 0 1 0 7 50 0 -1 4.000 0 1 0 0 4031 5580 4875 5385 3420 5220 3420 5940
# MET
1 2 0 1 0 7 50 0 -1 4.0 0.0000 4545 4132 1860 517 2685 3615 6405 4650
# MET
3 1 0 1 0 7 50 0 -1 4.000 0 0 0 6
	5 1830 6855 2385 6345 3015 5235 2760 5025 2415 5280 2160
	 1 1.000
#