#FIG 3.2
# C1.1
# ME>
Poit
Flusht
Me
A4
100.00
Se
-2
1200 2
# ME>
2 3 0 1 0 7 50 -1 -1 4 0 0 0 0 0 7
	 2400 3705 3941 3283 4346 1738 3210 615 1669 1037 1264 2582
	 2400 3705
# id>
2 1 0 1 0 7 50 0 -1 0 0 0 0 0 0 40004 0 0 6
0 4 0 0 0 6	0 4 0 0 6
0 4 0 0 0 6
0  4 0 0 0 6	0 4 0 0 6 0 6
0 6
	 0 0 6	0 0 0 66
 4 0 0 0 0 6 4 0 0 6
0 4 0 0
0  4 0 0 0 6
	6	0 4 0 0 6
0 4 0 0 0 6	0 4 0 0 6
0 4 0 0 0 6
0  4 0 0 0 6	0 4 0 0 6
0 4 0 0 0 6
0 4 0 0 6
0 4  0 0 0 6	0 06
 4 0 0 0 0 6 4 0 0 6
00 4 0 0 0 6	0 4 0 0 0 66
 0 6 0 0 0 6	0 4 0 6 4 0 0 6
0 4 0 0
0  0 0
0 6
	0  6	0  4 0 0 0 6	0 4 0 0 6
0 4 0 0 0 6	0 4 0 0 6
0 4 0 0 0 6
0 6
	0 4 4 0  0 0 0 4 0 0 0 66
 4 0 0 0 0 6 4 0 0 6
0 4 0 0
0 6
	0 6	0 4 
0 4 0 0 0 0 0 0 6
0 6
	0 4 0 0 0 6
0 0 0 6
0 6
	0 4 0 0  4 0 0 0 4 0 0 0 0 6
03705 4 0 0 0 6
0 0 0 6
0 6
	0 4 0 0 0 6	0 4 0 0 6
0 4 0 0 0 6	0  0 0 0 0 6 0 0 0 6
0 0 0 6
0 6
	0 4 0 0 0 6	0 4 0 0 6
0 4 0 0 0 6	0 4 0 0 6
0 0 0 6
0 6
	0 4 0 0 0 6	0 0 0 66
 4 0 0 0 0 6 4 0 0 6
0 4 0 0
0 0 0 0 6
0 0 0 6
0 6 6 0 0 0 6
0 6 0 0 6
0 4 0 0 0 6
0 0 0 6
0 6
	0 4  66
 4 0 0 0 0 6 4 0 0 6
0 4 0 0
0 6
	0 6	0 4 
0 640 4 0 0 0 0 0 0 6
0 6
	0 4 0 0 0 6
0 0 0 6
0 6
	0 4 0 00 4 0 0 0 66
 4 0 0 0 0 6
5 4 0 0 0 6
0 0 0 6
0 6
	0 4 0 0 0 6	0 4 0 0 6
0 4 0 0 0 6	0 40 0 0 6
0 0 0 6
0 6
	0 4 0 0  4 0 0 0 66
 4 0 0 0 0 6
5 4 0 0 0 6
0 0 0 6
0 6
	0 4 0 0 0 6	0 4 0 0 6
0 4 0 0 0 6	0 4 0 0 6
0 0 0 6
0 6
	0 4 0 0 0 6	0 0 0 66
 4 0 0 0 0 6 4 0 0 6
0 4 0 0
0 0 0 0 6
0 0 0 6
0 6
	0 4 0 0 0 6	0 4 0 0 6
0 4 0 0 0 6	0 4 0 0 6
0 4 0 0 0 6
0 6
	0 4 4 0  0 0 0 6	0 4 0 0 0  0 0 0 6 0 0 0
0 6
	0 4 0 0 0 6	0 4 0 0 6
0 4 0 0 0 6	0 4 0 0 6
0 4 0 0 0 6
0 6
	0 4 4 0  0 0 0 6	0 4 0 0 0 66
 4 0 0 0 0 6 4 0 0 6
0 4 0 0
0 6
	0 6	0 4 
0 640 4 0 0 0 0 0 0 6
0 6
	0 4 0 0 0 6
0 0 0 6
0 6
	0 4 0 0  690 4 0 0 0 66
 4 0 0 0 0 6
03705 4 0 0 0 6
0 0 0 6
0 6
	0 4 0 0 0 6	0 4 0 0 6
0 4 0 0 0 6	0 4 0 0 66
 4 0 0 0 0 6 4 0 0 6
0 4
	 4 0 0 6
0 4 0 0 0 6
0 6
	0 4 4 0  0 0
0 4 0 0 0 6
0 6 0 0 6
0 4 0 0 0 6
0 0 0 6
0 6
	0 4 0 0  4 0 0 0 4 0 0 0 0 6
03705 4 0 0 0 6
0 0 0 6
0 6
	0 4 0 0 0 6	0 4 0 0 6
0 4 0 0 0 6	0 4 0 0 6
0 0 0 6
0 6
	0 4 0 0 0 6	0 4 0 0 0 4 0 0 0 0 6 4 0 0 6
0 4 0 0
0 6
 0 0 0 66
 4 0 0 0 00 4 0 0 6
0 4 0 0 0 6 4 0 0 0 66
 4 0 0 0 0 6 0 0 0
0 6
	0 4 0 0 0 6	0 4 0 0 6
0 4 0 0 0 6	0 4 0 0 6
0 4 0 0 0 6
0 6
	0 4 4 0  0 0 0 4 0 0 0 66
 4 0 0 0 0 6 4 0 0 6
0 4 0 0
0 6
	0 6	0 4 
0 4 0 0 0 0 0 0 6
0 6
	0 4 0 0 0 6
0 0 0 6
0 6
	0 4 0 0  4 0 0 0 4 0 0 0 0 6
03705 4 0 0 0 6
0 0 0 6
0 6
	0 4 0 0 0 6	0 4 0 0 6
0 4 0 0 0 6	0  0 0 0 0 6 0 0 0 6
0 0 0 6
0 6
	0 4 0 0 0 6	0 4 0 0 6
0 4 0 0 0 6	0 4 0 0 6
0 0 0 6
0 6
	0 4 0 0 0 6	0 0 0 66
 4 0 0 0 0 6 4 0 0 6
0 4 0 0
0 0 0 0 6
0 0 0 6
0 6 6 0 0 0 6
0 6 0 0 6
0 4 0 0 0 6
0 0 0 6
0 6
	0 4  66
 4 0 0 0 0 6 4 0 0 6
0 4 0 0
0 6
	0 6	0 4 
0 640 4 0 0 0 0 0 0 6
0 6
	0 4 0 0 0 6
0 0 0 6
0 6
	0 4 0 00 4 0 0 0 66
 4 0 0 0 0 6
5 4 0 0 0 6
0 0 0 6
0 6
	0 4 0 0 0 6	0 4 0 0 6
0 4 0 0 0 6	0 40 0 0 6
0 0 0 6
0 6
	0 4 0 0  4 0 0 0 66
 4 0 0 0 0 6
5 4 0 0 0 6
0 0 0 6
0 6
	0 4 0 0 0 6	0 4 0 0 6
0 4 0 0 0 6	0 4 0 0 6
0 0 0 6
0 6
	0 4 0 0 0 6	0 0 0 66
 4 0 0 0 0 6 4 0 0 6
0 4 0 0
0 0 0 0 6
0 0 0 6
0 6
	0 4 0 0 0 6	0 4 0 0 6
0 4 0 0 0 6	0 4 0 0 6
0 4 0 0 0 6
0 6
	0 4 4 0  0 0 0 6	0 4 0 0 0  0 0 0 6 0 0 0
0 6
	0 4 0 0 0 6	0 4 0 0 6
0 4 0 0 0 6	0 4 0 0 6
0 4 0 0 0 6
0 6
	0 4 4 0  0 0 0 6	0 4 0 0 0 66
 4 0 0 0 0 6 4 0 0 6
0 4 0 0
0 6
	0 6	0 4 
0 640 4 0 0 0 0 0 0 6
0 6
	0 4 0 0 0 6
0 0 0 6
0 6
	0 4 0 0  690 4 0 0 0 66
 4 0 0 0 0 6
03705 4 0 0 0 6
0 0 0 6
0 6
	0 4 0 0 0 6	0 4 0 0 6
0 4 0 0 0 6	0 4 0 0-6
0 6
	0 4 0 0 0 6	0 1 0 0 0 66
 4 0 0 0 0 6 4 0 0 6
0 4 0 0
0 6
 0 0 0 66
 4 0 0 0 0 6 00 4 0 0 6
0 4 0 0 0 0 4 0 0 0 66
 4 0 0 0 0 6
0 4 0 0 0 6
0 0 0 6
0 6
	0 4 0 90 4 0 0 0 66
 4 0 0 0 0 6
030 66 4 0 0 6
0 4 0 0
0 6
	0 4 0 0 0 04 0 0 0 0 6
03705 4 0 0 0 6
0 0 0 6
0 6
	0 4 0 0 0 6	0 4 0 0 0 6
0 4 0 0
0 6
 0 0 0 66
 4 0 0 0 0 6 00 4 0 0 6
0 4 0 0 0 6 4 0 0 0 66
 4 0 0 0 0 6 00 4 0 0 6
0 4 0 0 0 0 4 0 0 0 66
 4 0 0 0 0 6
0 4 0 0 0 6
0 0 0 6
0 6
	0 4 0 90 4 0 0 0 66
 4 0 0 0 0 6
030 66 4 0 0 6
0 4 0 0
0 6
	0 4 0 0 0 04 0 0 0 0 6
03705 4 0 0 0 6
0 0 0 6
0 6
	0 4 0 0 0 6	0 4 0 0 0 6
0 4 0 0
0 6
 0 0 0 66
 4 0 0 0 0 6 00 4 0 0 6
0 4 0 0 0 6 4 0 0 0 66
 4 0 0 0 0 6 0 0 0
0 6
	0 4 0 0 0 6	0 4 0 0 6
0 4 0 0 0 6	0 4 0 0 6
0 4 0 0 0 6
0 6
	0 4 4 0  0 0 0 6	0 4 0 0 0 66
 4 0 0 0 0 6 4 0 0 6
0 4 0 0
0 6
	0 6	0 4 
0 4 0 0 0 0 0 0 6
0 6
	0 4 0 0 0 6
0 0 0 6
0 6
	0 4 0 90 4 0 0 0 66
 4 0 0 0 0 6
0 4 0 0 0 6
0 0 0 6
0 6
	0 4 0 0 0 6	0 4 0 0 6
0 0 0 6	 0 6
0 0 0 6
0 6
	0 4 0 0  4 0 0 0 66
 4 0 0 0 0 6
03705 4 0 4 0 6
0 6
0 6
	0 4 0 0 0 66
 4 0 0 0 0 6
0 4 0 0 0 6
0 6 0 0 6
0 4 0 0 0 6
0 0 0 6
0 6
	0 4 0 90 4 0 0 0 66
 4 0 0 0 0 4 0 0 0 6
0 0 0 6
0 6
	 0 0 0 66
 4 0 0 0 0 6 4 0 0 6
0 4 0 0
0 6
 0 0 0 66
 4 0 0 0 0 6 00 4 0 0 6
0 4 0 0 0 6 4 0 0 0 66
 4 0 0 0 0 6 0 0 0
0 6
	0 4 0 0 0 6	0 4 0 0 6
0 4 0 0 0 6	0 4 0 0 6
0 4 0 0 0 6
0 6
	0 4 44 0 0 0 0 6
03705 4 0 0 0 6
0 0 0 6
0 6
	0 4 0 0 0 6	0 4 0 0 0 6
0 4 0 0
0 6
 0 0 0 66
 4 0 0 0 0 6 00 4 0 0 6
0 4 0 0 0 6 4 0 0 0 66
 4 0 0 0 0 6 0 0 0
0 6
	0 4 0 0 0 6	0 4 0 0 6
0 4 0 0 0 6	0 4 0 0 6
0 4 0 0 0 6
0 6
	0 4 4 0  0 0 0 6	0 4 0 0 0 66
 4 0 0 0 0 6 4 0 0 6
0 4 0 0
0 6
	0 6	0 4 
0 4 0 0 0 0 0 0 6
0 6
	0 4 0 0 0 6
0 0 0 6
0 6
	0 4 0 90 4 0 0 0 66
 4 0 0 0 0 6
0 4 0 0 0 6
0 0 0 6
0 6
	0 4 0 0 0 6	0 4 0 0 6
0 0 0 6	 0 6
0 0 0 6
0 6
	0 4 0 0  4 0 0 0 66
 4 0 0 0 5 4 0 4 0 6
0 0 0 6
0 6
	0 4 0 0 0 6	0 4 0 0 6
0 4 0 0 0 6	0 4 0 0 6
0 0 0 6
0 6
	0 4 0 0 0 6	0 0 0 66
 4 0 0 0 0 6 4 0 0 6
0 4 0 0
0 0 0 0 6
0 0 0 6
0 6
	0 4 0 0 0 6	0 4 0 0 6
0 4 0 0 0 6	0 4 0 0 6
0 4 0 0 0 6
0 6
	0 4 4 0  0 0 0 6	0 4 0 0 0 66
 4 0 0 0 0 6 4 0 0 6
0 4 0 0
0 6
	0 6	0 4 
0 4 0 0 0 0 0 0 6
0 6
	0 4 0 0 0 66
 4 0 0 0 0 6
0 4 0 0 0 6
0 6 0 0 6
0 4 0 0 0 6
0 0 0 6
0 6
	0 4 0 90 4 0 0 0 66
 4 0 0 0 0 4 0 0 0 6
0 0 0 6
0 6
	 0 0 0 66
 4 0 0 0 0 6 4 0 0 6
0 4 0 0
0 6
 0 0 0 66
 4 0 0 0 0 6 00 4 0 0 6
0 4 0 0 0 6 4 0 0 0 66
 4 0 0 0 0 6 0 0 0
0 6
	0 4 0 0 0 6	0 4 0 0 6
0 4 0 0 0 6	0 4 0 0 6
0 4 0 0 0 6
0 6
	0 4 4 0  0 0 0 6
0 4 0 0 0 6
0 6 0 0 6
0 4 0 0 0 6
0 0 0 6
0 6
	0 4 0 0  690 4 0 0 0 66
 4 0 0 0 0 6
030 66 4 0 0 6
0 4 0 0
0 6
	0 4 0 0 0 4 0 0 0 04 0 0 0 0 6
03705 4 0 0 0 6
0 0  0  0 0 0 6
0 4 0 0 0 6
0 6 0 0 6
0 4 0  4 0 0 6
0 4 0 0 0 6
0  4 0 0 0 6	0 4 0 0 6 0 6
0 6
	 0 0 6	0 0 0 66
 4 0 0 0 0 6 4 0 0 6
0 4 0 0
0  4 0 0 0 6
	6	0 4 0 0 6
0 4 0 0 0 6	0 4 0 0 6
0 4 0 0 0 6
0  4 0 0 0 6	0 4 0 0 6
0 4 0 0 0 6
0 4 0 0 6
0 4  0 0 0 6	0 06
 4 0 0 0 0 6 4 0 0 6
00 4 0 0 0 6	0 4 0 0 0 66
 0 6 0 0 0 6	0 4 0 6 4 0 0 6
0 4 0 0
0  0 0
0 6
	0  6	0 0 0 66
 4 0 0 0 0 6 4 0 0 6
0 4
	 4 0 0 6
0 4 0 0 0 6
0 6
	0 4 4 0  0 0
0 4 0 0 0 6
0 6 0 0 6
0 4 0 0 0 6
0 0 0 6
0 6
	0 4 0 0  4 0 0 0 4 0 0 0 0 6
03705 4 0 0 0 6
0 0 0 6
0 6
	0 4 0 0 0 6	0 4 0 0 6
0 4 0 0 0 6	0 4 0 0 6
0 0 0 6
0 6
	0 4 0 0 0 6	0 4 0 0 0 4 0 0 0 0 6 4 0 0 6
0 4 0 0
0 6
 0 0 0 66
 4 0 0 0 00 4 0 0 6
0 4 0 0 0 6 4 0 0 0 66
 4 0 0 0 0 6 0 0 0
0 6
	0 4 0 0 0 6	0 4 0 0 6
0 4 0 0 0 6	0 4 0 0 6
0 4 0 0 0 6
0 6
	0 4 4 0  0 0 0 4 0 0 0 66
 4 0 0 0 0 6 4 0 0 6
0 4 0 0
0 6
	0 6	0 4 
0 4 0 0 0 0 0 0 6
0 6
	0 4 0 0 0 6
0 0 0 6
0 6
	0 4 0 0  4 0 0 0 4 0 0 0 0 6
03705 4 0 0 0 6
0 0 0 6
0 6
	0 4 0 0 0 6	0 4 0 0 6
0 4 0 0 0 6	0  0 0 0 0 6 0 0 0 6
0 0 0 6
0 6
	0 4 0 0 0 6	0 4 0 0 6
0 4 0 0 0 6	0 4 0 0 6
0 0 0 6
0 6
	0 4 0 0 0 6	0 0 0 66
 4 0 0 0 0 6 4 0 0 6
0 4 0 0
0 0 0 0 6
0 0 0 6
0 6 6 0 0 0 6
0 6 0 0 6
0 4 0 0 0 6
0 0 0 6
0 6
	0 4  66
 4 0 0 0 0 6 4 0 0 6
0 4 0 0
0 6
	0 6	0 4 
0 640 4 0 0 0 0 0 0 6
0 6
	0 4 0 0 0 6
0 0 0 6
0 6
	0 4 0 00 4 0 0 0 66
 4 0 0 0 0 6
5 4 0 0 0 6
0 0 0 6
0 6
	0 4 0 0 0 6	0 4 0 0 6
0 4 0 0 0 6	0 40 0 0 6
0 0 0 6
0 6
	0 4 0 0  4 0 0 0 66
 4 0 0 0 0 6
5 4 0 0 0 6
0 0 0 6
0 6
	0 4 0 0 0 6	0 4 0 0 6
0 4 0 0 0 6	0 4 0 0 6
0 0 0 6
0 6
	0 4 0 0 0 6	0 0 0 66
 4 0 0 0 0 6 4 0 0 6
0 4 0 0
0 0 0 0 6
0 0 0 6
0 6
	0 4 0 0 0 6	0 4 0 0 6
0 4 0 0 0 6	0 4 0 0 6
0 4 0 0 0 6
0 6
	0 4 4 0  0 0 0 6	0 4 0 0 0  0 0 0 6 0 0 0
0 6
	0 4 0 0 0 6	0 4 0 0 6
0 4 0 0 0 6	0 4 0 0 6
0 4 0 0 0 6
0 6
	0 4 4 0  0 0 0 6	0 4 0 0 0 66
 4 0 0 0 0 6 4 0 0 6
0 4 0 0
0 6
	0 6	0 4 
0 640 4 0 0 0 0 0 0 6
0 6
	0 4 0 0 0 6
0 0 0 6
0 6
 0 4 0 0  690 4 0 0 0 66
 4 0 0 0 0 6
03705 4 0 0 0 6
0 0 0 6
0 6
	0 4 0 0 0 6	0 4 0 0 6
0 4 0 0 0 6	0 4 0 0-6
0 6
	0 4 0 0 0 6	0 1 0 0 0 66
 4 0 0 0 0 6 4 0 0 6
0 4 0 0
0 6
 0 0 0 66
 4 0 0 0 0 6 00 4 0 0 6
0 4 0 0 0 0 4 0 0 0 66
 4 0 0 0 0 6
0 4 0 0 0 6
0 0 0 6
0 6
	0 4 0 90 4 0 0 0 66
 4 0 0 0 0 6
030 66 4 0 0 6
0 4 0 0
0 6
	0 4 0 0 0 04 0 0 0 0 6
03705 4 0 0 0 6
0 0 0 6
0 6
	0 4 0 0 0 6	0 4 0 0 0 6
0 4 0 0
0 6
 0 0 0 66
 4 0 0 0 0 6 00 4 0 0 6
0 4 0 0 0 6 4 0 0 0 66
 4 0 0 0 0 6 00 4 0 0 6
0 4 0 0 0 0 4 0 0 0 66
 4 0 0 0 0 6
0 4 0 0 0 6
0 0 0 6
0 6
	0 4 0 90 4 0 0 0 66
 4 0 0 0 0 6
030 66 4 0 0 6
0 4 0 0
0 6
	0 4 0 0 0 04 0 0 0 0 6
03705 4 0 0 0 6
0 0 0 6
0 6
	0 4 0 0 0 6	0 4 0 0 0 6
0 4 0 0
0 6
 0 0 0 66
 4 0 0 0 0 6 00 4 0 0 6
0 4 0 0 0 6 4 0 0 0 66
 4 0 0 0 0 6 0 0 0
0 6
	0 4 0 0 0 6	0 4 0 0 6
0 4 0 0 0 6	0 4 0 0 6
0 4 0 0 0 6
0 6
	0 4 4 0  0 0 0 6	0 4 0 0 0 66
 4 0 0 0 0 6 4 0 0 6
0 4 0 0
0 6
	0 6	0 4 
0 4 0 0 0 0 0 0 6
0 6
	0 4 0 0 0 6
0 0 0 6
0 6
	0 4 0 90 4 0 0 0 66
 4 0 0 0 0 6
0 4 0 0 0 6
0 0 0 6
0 6
	0 4 0 0 0 6	0 4 0 0 60 0 6
0 0 0 6
0 6
	0 4 0 0  690 4 0 0 0 66
 4 0 0 0 0 6
030 66 4 0 0 6
0 4 0 0
0 6
	0 4 0 0 0 4 0 0 0 04 0 0 0 0 6
03705 4 0 0 0 6
0 0 0 6
0 6
	0 4 0 0 0 6	0 4 0 0 0 6
0 4 0 0
0 6
 0 0 0 66
 4 0 0 0 0 6 00 4 0 0 6
0 4 0 0 0 6 4 0 0 0 66
 4 0 0 0 0 6 0 0 0
0 6
	0 4 0 0 0 6	0 4 0 0 6
0 4 0 0 0 6	0 4 0 0 6
0 4 0 0 0 6
0 6
	0 4 4 0  0 0 0 6	0 4 0 0 0 66
 4 0 0 0 0 6 4 0 0 6
0   0 0