#FIG 2715 37030 3900 3240 375 4860
# 0 7
	 283 4>
4 1 5950 1 0 7 50 0 -1 0 0 0 0
 240 3
222222
# id>
4 1 0 1 0 7 50 0 -1 0 0 0 0 3
ﺭ 6
3
22
# id>
4 1  0 0 5574 0 0 000 5 0 5 4 0 0 5574 0 0 00 6 3550 5 0 0 5 0 5 4 0 0 557 6 35500 5 0 5 4 0 0 55 0 00 6 3550 5945 4 05 4 0 0 5 0 00 5 0 5 4 0 0 5574 00 6B3550 5945 4 50 5945 4 05 44 0 0 7 0 5 5954 0 05574 0 0 00 6 30 5 4 0 0 5574 0 0 00 6 3550 5 0 0 5 0 5 4 0 0 557 6 3550 5945 4 05 57544 0 0 7 0 5 4 0 0 5574 0 0 00 6 35500 5 0 5 4 0 0 5574 0 0 00 6 3550 5 0 0 5 0 5 4 0 0 557 6 35500 5 0 5 4 0 0 55 0 00 6 3550 5945 4 05