 4 0 0 0 6
0 4 0 0 0 6
0 0 0 6
0 4 0 0 6 4 0 0 0 0 6
0 4 0 0
0 0 0 6
0 6
	0 4 0 0 0 6	0 4 0 0 6
4 0 0 0 6
0 4 0 0 0 6
0 6
0 0 6
0 6
 0 0 0 66
 4 0 0 0 0 0 0 6
0 0 0 6
0 0000006
	0 4 0 90 4 0 0 0 66
 4 0 0 0 0 6
0 4 0 0.0 6
0 0 0 6
0 6
	0 4 0 0 0 6	0 4 0 0 6
0 4 0 0 0 6 0 04 0  6
0 6
	0 4 0 0 0 6	0 4 0 0 0 66
 4 0 0 4 0 0
0 6
	0 6	6
0 4 0 0
0 64 0 0 0 66
 4 0 0 06	0 4 0 0 6
0 4 0 0 0 6
0 6
	0 6
0 4 0 0 0 6
0 0 0 6
0 640 4 0 0 6 4 0 0 0 0 6
0 4 0 0.0 6
0 0 0 6
0 6
	0 4 0 0 0 6	0 4 0 0 6
4 0 0 0 6
0 4 0 0 0 6
0 6
0 0 6
0 6
	0 4 0 0 0 66
 4 0 0 0 0 0 0 6
0 0 0 6
0 6
	0 4 0 0  690 4 0 0 0 66
 4 0 0 0 0 6
0 4 0 0.0 6
0 0 0 6
0 6
	0 4 0 0 0 6	0 4 0 0 6
0 4 0 0 0 6 0 0 6
0 6
	0 4 0 0 0 6	0 4 0 0 0 66
 4 0 0 0 0 6 4 0 0 6
0 4 0 0
00 4 0 0 0 66
 4 0 0 0 0 6 0 0 0 6
0 4 0 0
0 64 0 0 0 66
 4 0 0 0 0 6 0 00 6
0 4  0 0 0 6	0 4 0 0 0 6X
 4 0 0 0 0 6 4 0 0 6
0 4 0 0
0 6
	0 4 0 0 
 4 0 0 0 0 6 0 0 06
0 4 0 0
0  4 0 0 0 66
 4 0 0 0 0 6 6	0 4 0 0 0 66
 4 0 0 0 0 6 4 0 0 6
0 4 0 0
0 64 0 0 0 66
 4 0 0 0 0 6 0 0 0 6	0 4 0 64 0 06
0 4 0 0
0 6
	0 4 0 66
 4 0 0 0 0 6 0 0 0 6	0