 4 0 0 0 6
0 0 0 6
0 6 4 0 0 0 6 0 0 0 6
0 6
	0 4 0 0 0 6	0 0 0 0 6
0 4 0 0 0 6
0 60 0 0 6270 4 0 0 0 4 0 0 0 66
 4 0 0 0 0 6 0 4 0 0 0  6
	0 4 0 0 0 6	0 0 6 0 0 66
 4 0 0 0 0 6 0 0 400	$ 4 0 0 0 0
	0 4 0 0 0 6	0 4 0 0 0 0 6
0 4 0 0 00 0 0 66
 4 0 0 0 0 6 66
 4 0 0 0 0 6 0 0 400	$ 4 0 0 0 0
	0 4 0 0 0 6	0 4 0 	0 4 00 0 0 6
0 4 0 0 0  6	0 4 0 0 0 66
 4 00 4 0 0 6	0 4 0 0 0 0 6
0 4 0 0 00 0 0 66
 4 0 0 0 0 6 66
 4 0 0 0 0 6 0 0 400	$ 4 0 0 0 0
	0 4 0 0 0 6	0 4 0 	0 4 00 0 0 6
0 4 0 0 0  6	0 4 0 0 0 66
 4 00 4 	0 4 0 0 0 0 6
0 4 0 0 0 6
0 60 0  62700
	0 4 0 0 0 4 0 0 0 66
 4 0 0 0 0 6 0 0 400	$ 0 0 6
0 0  6	0 4 0 0 0 66
 4 0 0 0 0 6 0 0 0