 4 0 0 0 6
0 0 0 6
0 6 4    0 0 0 6
0 0 0 0 0 6
0 0 0 6
0 66	0 4 0 0 6 6
0 4 0 0 0 63700
	0 4 0 0 0 4 0 0 0 66
 4 0 0 0 0 6 0 0 0 6
0 0 0 6
0 0 0 6
0 66	0 4 0 0 6 6
0 4 0 0 0 63700
	0 4 0 0 0 4 0 0 0 66
 4 0 0 0 0 6 0 0 400	$ 4 0 0 0 0
	0 4 0 0 0 6	0 4 0 0 0 0 6
0 4 0 0 00 0 0 66
 4 0 0 0 0 6 66
 4 0 0 0 0 6 0 0$400	$ 4 0 0 0 0
	0 4 0 0 0 6	0 4 0Fjush0 66
 4 0 0 0 0 6
	0 4 0 0 0 6	0 4 0 0 0 0 6
0 4 0 0 00 0 0 66
 4 0 0 0 0 6 66
 4 0 0 0 0 6 0 0$400	$ 4 0 0 0 0
	0 4 0 0 0 6	0 4 0Fjush0 66
 4 0 0 0 0 6 0 0 0 6	$