#FIG 3.2
# C1.1
# ME>
Poit
Flusht
Me
A4
100.00
Se
-2
1200 2
# ME>
2 1 0 1 0 7 50 -1 -1 4 0 0 0 0 0 7
	 2400 3705 3941 3283 4346 1738 3210 615 1669 1037 1264 2582
	 2400 3705
# id>
2 1 0 1 0 7 50 0 -1 0 0 0 0 0 0 3
	 3818 2819 4047 2879 4276 2939
# id>
2 1 0 1 0 7 50 0 -1 0 0 0 0 0 0 3
	 3131 3260 3193 3488 3255 3716
# id>
2 2 0 1 0 7 50 0 -1 0 0 0 7 0 0 5
	 2700 318100 0 1 0 0 4031 5580 4875 5385  522œﬂ3420 5940
# MET
1 2 0 1 0 7 50 0 -1 4.0 0.0000 4545 4132 1860 517 2685 3615 6405 4650
# MET40
# MET>
3 2 0 1 0 7 50 0 -1 4 0 0 0 6
	 2310 5835 2340 7350 3570 7500 5145 4305 5850 5280 5640 7 50 0 -1 4 0 0 0 6
	 75
