#FIG 3.2
# C>
Poit
Flushō
Me180
# id>
2 
	 490
	4860
# MET
5 1 0
# MET
5 1 0
# MET
6 2685 3615 6405 4650
# MET
3 1 0 1 0 7 50 0 -1 4 0 0 0 6
	 5715 13705830 6855 23180385 6345 3015 5235 2760 5025 2415 5280 2160
	 1 1 1 1 1 1
# MET>
3 2 0 1 0 7 50 0 -1 0 0 0 0 6
10 5835 2340 7350 3570 7500 5145 4305 5850 5280 5640 7920.000 -1 -1.-1 -1.000 0
# 
3 2 0 1 0 7 50 0 -1 4 0 0 0 10
	 80-0 3165 6270 3150 7005595 4500 9135 5280 9030 5925 6885 5910
	 65 0 22
	5 4860 5190 5415 6285 4560 5775 3975 4770 3735 4170 4140
	 3750 4365 2895 4425 2595 4035 2715 3780 2670 3720 2595 37 2655 3840 2730 3885 2Ū═0 3915 3030 3900 3240 3765 3105 880 3690 2775 34 3579 7545 2205 7890 3900 7530 4980
# MET
5 1 0 1 0 7 50 0 -1 4.000 0 1 0 0 4031 5580 4875 5385 3420 5220 3420 5940
# MET
1 2 0 1 0 7 50 0 -1 4.0 0.0000 4545 4132 1860 517 2685 3615 6405 4650
# MET
3 1 0 1 087 50 0 -1 4.000 0 0 0 6
	 5715 1830 6855 2385 6345 3015 5235 2760 5025 2415 5280 2160
	 1 1.000 1 1.000 1 1.000
# MET>
3 2 0 1 0 7 50 0 -1 4 0 0 0 6
10 5835 2340 7350 3570 7500 5145 4305 5850 5280 5640 7920.000 -1 -1.-1.-1.0.000
# MEd>
3 3 0 1 0 7 50 0 -1 4 0 0 0 10
	 8010 3165 6270 3150 7005 4500 9135 5280 5 6885 5910
	 6525 5625 7840 2730 3885 2821 0 1 0 7 50 0 -1 4 0 0 0 0 53579 5 1 0 1 0 7 50 0 -1 4 0 1 0 0 4031 79 7545 2205 7890 3900 7530 4980
# MET
5 1 0 1 0 7 50 0 -1 4 0 1 0 0 4031 5580 4875 5385 3420 5220 3420 5940
# MET
1 2 0 1 0 7 50 0 -1 4.0 0.0000 4545 4132 1860 517 2685 3615 6405 4650
# MET
3 1 0 1 087 50 0 -1 4.000 0 0 0 6
	 5715 1830 6855 2385 6345 3015 5235 2760 5025 2415 5280 2160
	 1 1 1 1 1 1
# MET>
3 2 0 1 0 7 50 0 -1 4 0 0 0 6
10 5835 2340 7350 3570 7500 5145 4305 5850 5280 5640 7920.000 -1 -1.-1.-1.0.000
# 
3 3 0 1 0 7 50 0 -1 4 0 0 0 10
	 8010 3165 6270 3150 7005 4500 9135 5280 5 6885 5910
	 6525 5625 7840 2730 3885 2821 0 1 0 7 50 0 -1 4 0 0 0 0 5434 3579 750 7530 4980
# MET
5 1 0 1 0 7 50 0 -1 4 0 1 0 0 4031 5580 4875 5385 3420 5220 347545 220 4980
# MET
5 1 0 1 0 7 50 0 -1 4 0 1 0 0 4031 79 7545 2205 7890 3900 7530 4980
# MET
5 1 0 1 0 7 50 0 -1 4 0 1 0 0 4031 5580 4875 5385 3420 5220 3420 5940
# MET
1 2 0 1 0 7 50 0 -1 4.0 0.0000 4545 4132 1860 517 2685 3615 6405 4650
# MET
3 1 0 1 087 50 0 -1 4.000 0 0 0 6
	 5715 1830 6855 2385 6345 3015 5235 2760 5025 2415 5280 2160
	 1 1 1 1 1 1
# MET>
3 2 0 1 0 7 50 0 -1 4 0 0 0 6
10 5835 2340 7350 3570 7500 5145 4305 5850 5280 5640 7920.000 -1 -1.-1.-1.0.000
# 
3 3 0 1 0 7 50 0 -1 4 0 0 0 10
	 8010 3165 6270 3150 7005 4500 9135 5280 5 6885 5910
	 6525 5625 7840 2730 3885 2821 0 1 0 7 50 0 -1 4 0 0 0 0 5434 3579 750 7530 4980
# MET
5 1 0 1 0 7 50 0 -1 4 0 1 0 0 4031 5580 4875 5385 3420 5220 3420 5940
# ME0
# MET
1 2 0 1 0 7 50 0 -1 4.0 0.0000 4545 4132 1860 517 2685 3615 6405 4650
# MET
3 1 0 1 087 50 0 -1 4.000 0 0 0 6
	 5715 1830 6855 2385 6345 3015 5235 2760 5025 2415 5280 2160
	 1 1 1 1 1 1
# 
3 2 0 1 0 7 50 0 -1 0 0 0 0 6
10 5835 2340 7350 3570 7500 5145 4305 5850 5280 5640 7920.000 -1 -1.-1 -1.0.000
# 
3 3 0 1 0 7 50 0 -1 4 0 0 0 10
	 8010 3165 6270 3150 7005 4500 9135 5280 9030 5925 6885 5910
	 6525 5625 7215 4305 8325 3825 8190 3360
	 -1 -1.-1 -1.-1 -1.-1 -1.00-1 -1.00
1 10
