#FIG 3.00
Se
-2
34200 2
# ME>
2 3 0 1 0 7 50 -1 -1 4 0 0 0 0 0 7
	 2400 8400 3705 3941 3283 8 3210 615 1669 1037 1264 25 2400 37 id>
2 1 0 1 0 7 50 0 -1 0 0 0 0 0 0 3
	8 2819 4047 2879 4276 2939
# id>
2 1 0 1 0 7 50 0 -1 0 0 0 0 0 0 3
	1 3260 3193 3488 3255 3716
# id>
2 2 0 1 0 7 50 0 -1 0 0 0 7 0 0 5
	0 318 2340 7350 3570 5 4305 5850 5280 564ﻟ 7920.000 -1 -1.-1.-1.0.000
# 
3 3 0 1 0 7 50 0 -1 4 0 0 0 10
	0 3165 6270 3150 0 9135 5280 5 6885 5910
	 6525 5625 7840 2730 3885  2819 4047 2879 4276 2939
#