#FIG 2.2 MET
3 1 6
	 2Ę1
	 6525 940
#>MET
6 2685 3615 645 940
# MET
6 2685 3615 6405 4T
6 2685 3615 6405 4T
4 1 0 1 2 7 50 0 -1 40 0 0 5Ā06	0 4 0 0 6
1 3 3488 3255 3716
# id>
2 2 0 1 0 7 50 0 -1 0 0 0 7 0 0 5
00 318 2340 7350 3570 5 3505 5850 5280 5.000 -10 0 0 0 0 0 3
18 2819 4047 2879 43Ę6 29;9
# id>
2 1 0 1 0 7 50 0-1 0 0 0 0 0 0 3
31 3260 3193 3488 3255 3716
# id>
2 2 0 1 0 7 50 0 -1 0 0 0 7 0 0 5
00 318 2340 7350 3570 5 3505 5850 5280 5.000 -1 -1.-1.-1.0.000
# MEd>
3 3 0 1 0 7 50 0 -1 4 0 0 0 10
	0 3165 6270 3150 0 9135 5280 5 6885 59 6525 5625 7840 25 0 38857 50 0 1096 466 1860 5280 2955 5d>
2 1 0 1 0 7 50 0 -1 
6 2685 3615 6405 4T
4 1 0 1 2 7 50 0 -1 40 0 0 5Ā06	0 4 0 0 6
1 -1 4 0 0 0 0 0 7
	 2400 3705 3941 3283 4346 1738 3210 615 1669 1037 1264 2582
	 2400 3705>
2 1 0 1 0 7 50 0 -1 0 0 0 0 0 0 3
18 2819 4047 2879 43Ę6 29;9
# id>
2 1 0 1 0 7 50 0-1 0 0 0 0 0 0 3
31 3260 3193 3488 3255 3716
# id>
2 2 0 1 0 7 50 0 -1 0 0 0 7 0 0 5
00 318 2340 7350 3570 5 3505 5850 5280 5č000 -1 -1.-1.-1.0.000
# MEd>
3 3 0 1 0 7 50 0 -1 4 0 0 0 10
	0 3165 6270 3150 0 9135 5280 5 6885 59 6525 5625 7840 25 0 38857 50 0 1096 466 1860 5280 2955 5d>
2 1 0 1 0 7 50 0 -1 0 0 0 0 0 0 3
	 3131 3260 3